mp-1219293.cif
Si 4.083238778799502 -0.5892449750872013 11.841889342881709
Si -2.5899815096451215 7.244803943490892 3.553558243700196
Si 2.9697986183604757 4.890071474692331 2.0980402387497867
Si -1.9790652646379605 2.3096879942221715 11.287182481084395
Si 3.5676684312095843 0.6312490457670278 9.094483928541592
Si 3.7985611522171006 4.603801585325712 5.019004942898439
N -2.691989643602181 0.7901895143733789 10.751190136502416
N 3.69291683456869 5.574535076812072 3.5515010753956076
Cl -0.030881470470475517 2.0946465970133357 11.836232130044092
Cl 1.0350949583883942 4.325600227758326 2.392215306305745
Cl -1.9547424463859147 -0.11382181831393101 13.661754712000102
Cl 2.917709544940823 6.289681134256535 0.610264691912171
Cl 2.0811375287880525 1.9604847471450488 8.667778650140809
Cl -1.1154439043823767 4.300113248104677 5.616769480182042
Cl -0.6002476909976342 7.001547992369832 8.805294636946057
Cl 1.6032032666757583 -0.5197812550042374 5.358923433449452
Cl 2.1743452460853283 -1.1904566832471357 12.238965683340036
Cl -1.1292752095681595 7.581629951306964 2.166712516806386
Cl -1.9749814764071574 3.674027402288572 9.763135056987423
Cl 3.0255534240238093 2.7395486754687597 4.706743937331316
Cl 1.8365142057162263 6.069937927247656 11.12770907980588
Cl -0.7838826948982838 0.3307735808830314 3.304812309537202
Cl -3.0654725506726996 3.1410358264695524 12.800701203511357
Cl 4.070526978710117 3.321310947386823 1.3934029508646812
Cl -1.7418475811591825 0.7966859938056357 7.75419592043007
Cl 2.7036562495664964 5.432266478102344 6.531237935135034
