mp-1103757.cif
Cu -0.6288822097593458 1.5177354043189666 4.436830402042132
Cu 7.021126508833965 4.29282862095945 8.214519511677363
Cu 10.731933076647342 1.4645335909594501 0.6591412924069018
Cu 8.225072630287226 1.5001393364875237 5.70435848662803
Cu 9.527986955194082 4.3284343664875236 3.169302317456233
Cu 5.708059125240654 4.346030434318967 4.436830402042132
Cu 0.6841851738339654 1.4645335909594501 8.214519511677363
Cu 4.394991741647343 4.29282862095945 0.6591412924069018
Cu 1.888131295287225 4.3284343664875236 5.70435848662803
Cu 3.191045620194083 1.5001393364875237 3.169302317456233
Sn 10.749851774608187 4.392474998324609 6.8824157564781565
Sn 7.0032078108731195 1.5641799683246087 1.9912450476061065
Sn 4.412910439608187 1.5641799683246087 6.8824157564781565
Sn 0.6662664758731206 4.392474998324609 1.9912450476061065
Se 10.095023129953265 2.8219556329538573 4.954047517124414
Se 7.6580364555280385 5.650250662953857 3.9196132869598492
Se 0.0 2.7669196702673857 0.0
Se 6.459301868103718 3.0060470938205337 6.288592238937606
Se 11.293757717377591 0.1777520638205334 2.5850685651466567
Se 8.758696815140231 0.1783665391987512 7.640041373319187
Se 8.994362770341077 3.006661569198751 1.2336194307650756
Se 3.7580817949532683 5.650250662953857 4.954047517124414
Se 1.3210951205280392 2.8219556329538573 3.9196132869598492
Se 6.336941335 5.595214700267386 0.0
Se 0.12236053310371726 0.1777520638205334 6.288592238937606
Se 4.95681638237759 3.0060470938205337 2.5850685651466567
Se 2.4217554801402317 3.006661569198751 7.640041373319187
Se 2.657421435341076 0.1783665391987512 1.2336194307650756
