mp-1222586.cif
Na 4.2208325385375405 2.3632275 24.506396638291868
Na 4.260334758718699 2.3632275 15.43041168314117
Na 4.272926453511918 2.3632275 6.209392433417856
Na 0.19741784730114656 2.3632275 25.77791436090895
Na 0.1934313152085757 2.3632275 16.70687844329817
Na 0.271273558462419 2.3632275 7.497269474569669
Na 3.848504575249502 0.0 21.21756873044497
Na 3.829405625568483 0.0 12.17487980007672
Na 3.8579472059212523 0.0 2.982180042942943
Na 7.978853540833525 0.0 19.975800222373397
Na 8.013679412333582 0.0 10.916257069716426
Na 8.04209819974222 0.0 1.7211377831186871
In 5.216549749380563 2.3632275 9.838109241645162
In 5.213293433805135 2.3632275 0.6418351796214418
In 7.062017136085073 0.0 23.474879741707834
In 7.064104856583273 0.0 14.49100187410562
In 7.197309159983561 0.0 5.179910141155791
In 2.7036284450211854 0.0 26.765054887551713
In 2.849432103627041 0.0 17.628746663720005
In 2.7770552876291195 0.0 8.459967254695833
Bi 2.242993996131633 2.3632275 19.42975641380238
Bi 2.1435286453000577 2.3632275 10.303841168804501
Bi 2.174840432972344 2.3632275 1.1388560218942656
Bi 6.253637284594267 2.3632275 21.816099831592123
Bi 6.328924679548967 2.3632275 12.695216108093161
Bi 6.278734946654718 2.3632275 3.5569832585514876
Bi 5.9789973733552335 0.0 26.473666555062508
Bi 5.911078537916756 0.0 17.2582012252451
Bi 6.032188788778122 0.0 8.112902249882541
Bi 1.8256524654159703 0.0 23.893155897789956
Bi 1.833365767851724 0.0 14.754978037554281
Bi 1.9265598843121847 0.0 5.593182270391992
