mp-1222087.cif
Mn 0.0 0.0 5.55336259567398
Mn 2.2635489126354895 1.306860547896773 12.963215679160234
Mn -2.263548836423981e-08 2.6137211349993628 9.258289415165784
Mn 2.2635489126354895 1.306860547896773 1.8144393381296153
Mn 0.0 0.0 16.7021389367046
Mn 0.0 0.0 0.0
Mn 2.2635489126354895 1.306860547896773 24.069940870508198
Mn -2.263548836423981e-08 2.6137211349993628 31.479794509491803
Mn 0.0 0.0 27.77486769
Mn -2.263548836423981e-08 2.6137211349993628 20.331018168461185
Mn 2.2635489126354895 1.306860547896773 35.21871721153882
Mn 2.2635489126354895 1.306860547896773 18.516578274834213
Mn -2.263548836423981e-08 2.6137211349993628 42.58651970083976
Mn 0.0 0.0 49.99637278432602
Mn 2.2635489126354895 1.306860547896773 46.29144596483422
Mn 0.0 0.0 38.8475964432954
Mn -2.263548836423981e-08 2.6137211349993628 53.73529604187038
Mn -2.263548836423981e-08 2.6137211349993628 37.03315710516578
Sn -2.263548836423981e-08 2.6137211349993628 14.821484314002024
Sn 0.0 0.0 11.10705848976024
Sn 2.2635489126354895 1.306860547896773 7.409519785073975
Sn -2.263548836423981e-08 2.6137211349993628 3.695094516329545
Sn 0.0 0.0 33.338062588836245
Sn 2.2635489126354895 1.306860547896773 29.623636764594455
Sn -2.263548836423981e-08 2.6137211349993628 25.926098615405547
Sn 0.0 0.0 22.21167279116376
Sn 2.2635489126354895 1.306860547896773 51.85464086367045
Sn -2.263548836423981e-08 2.6137211349993628 48.14021559492601
Sn 0.0 0.0 44.44267689023976
Sn 2.2635489126354895 1.306860547896773 40.72825106599797
Pd 2.2635489126354895 1.306860547896773 4.627422388037435
Pd -2.263548836423981e-08 2.6137211349993628 12.033720843956724
Pd 0.0 0.0 8.33407124932602
Pd -2.263548836423981e-08 2.6137211349993628 0.8929436648208245
Pd 2.2635489126354895 1.306860547896773 15.769143912674796
Pd 0.0 0.0 2.7474343621594204
Pd 2.2635489126354895 1.306860547896773 10.182507025508196
Pd -2.263548836423981e-08 2.6137211349993628 6.482857986374844
Pd -2.263548836423981e-08 2.6137211349993628 17.623635165510745
Pd 0.0 0.0 13.88915588679678
Pd -2.263548836423981e-08 2.6137211349993628 23.144001218369006
Pd 0.0 0.0 30.55029911879094
Pd 2.2635489126354895 1.306860547896773 26.85064952416023
Pd 0.0 0.0 19.40952193965504
Pd -2.263548836423981e-08 2.6137211349993628 34.28572274300637
Pd 2.2635489126354895 1.306860547896773 21.264012636993638
Pd -2.263548836423981e-08 2.6137211349993628 28.69908585583977
Pd 0.0 0.0 24.999436261209063
Pd 0.0 0.0 36.14021344034496
Pd 2.2635489126354895 1.306860547896773 32.405734161630996
Pd 0.0 0.0 41.66057949320322
Pd 2.2635489126354895 1.306860547896773 49.066877393625155
Pd -2.263548836423981e-08 2.6137211349993628 45.36722835449181
Pd 2.2635489126354895 1.306860547896773 37.92610021448926
Pd 0.0 0.0 52.80230101784057
Pd -2.263548836423981e-08 2.6137211349993628 39.78059146732521
Pd 0.0 0.0 47.215664130673986
Pd 2.2635489126354895 1.306860547896773 43.51601453604328
Pd 2.2635489126354895 1.306860547896773 54.65679171517918
Pd -2.263548836423981e-08 2.6137211349993628 50.92231299196256
