mp-1201790.cif
Cs 7.317781954257748 2.4233868975 0.0
Cs 1.9828249357422523 7.270160692499999 4.872540479999999
Cs 1.9828249357422523 7.270160692499999 0.0
Cs 7.317781954257748 2.4233868975 4.872540479999999
P 5.243840739929475 8.124686753039095 7.308810719999999
P 4.056766150070525 1.568860836960905 2.4362702399999994
P 5.243840739929475 6.415634631960906 2.4362702399999994
P 4.056766150070525 3.277912958039095 7.308810719999999
P 7.755132204556004 6.1105221759211545 6.19587316425834
P 1.5454746854439942 3.5830254140788442 1.3233326842583424
P 7.755132204556004 8.429799209078844 3.549207795741657
P 1.5454746854439942 1.2637483809211554 8.421748275741656
P 1.5454746854439942 3.5830254140788442 3.549207795741657
P 7.755132204556004 6.1105221759211545 8.421748275741656
P 1.5454746854439942 1.2637483809211554 6.19587316425834
P 7.755132204556004 8.429799209078844 1.3233326842583424
P 6.962700222204985 9.394462291045285 7.308810719999999
P 2.3379066677950147 0.29908529895471536 2.4362702399999994
P 6.962700222204985 5.145859093954716 2.4362702399999994
P 2.3379066677950147 4.547688496045284 7.308810719999999
P 8.486404884095487 7.905709416045519 7.308810719999999
P 0.814202005904512 1.787838173954481 2.4362702399999994
P 8.486404884095487 6.634611968954481 2.4362702399999994
P 0.814202005904512 3.058935621045519 7.308810719999999
P 5.652252802931979 6.604382156117687 8.85954983845123
P 3.6483540870680202 3.0891654338823136 3.987009358451231
P 5.652252802931979 7.9359392288823125 0.8855311215487679
P 3.6483540870680202 1.7576083611176863 5.758071601548767
P 3.6483540870680202 3.0891654338823136 0.8855311215487679
P 5.652252802931979 6.604382156117687 5.758071601548767
P 3.6483540870680202 1.7576083611176863 8.85954983845123
P 5.652252802931979 7.9359392288823125 3.987009358451231
