mp-1179173.cif
Sr 1.3801464999999997 6.502427739349999 3.9810809215099994
Sr 1.3801464999999997 2.677605239350001 0.8919020784899999
Sr 4.140439499999999 1.1472172606500004 5.76488507849
Sr 4.140439499999999 4.972039760650002 8.854063921509999
Sr 1.3801464999999997 0.067860000795 8.101470681023999
Sr 1.3801464999999997 3.8926825007949994 6.517478318975999
Sr 4.140439499999999 7.5817849992049995 1.6444953189759999
Sr 4.140439499999999 3.7569624992049997 3.2284876810239997
H 1.3801464999999997 1.34099806779 5.738892587168001
H 1.3801464999999997 5.165820567789999 8.880056412832
H 4.140439499999999 6.308646932210002 4.007073412832
H 4.140439499999999 2.4838244322099996 0.865909587168
H 1.3801464999999997 3.7648186846200007 3.893269767850001
H 1.3801464999999997 7.58964118462 0.97971323215
H 4.140439499999999 3.8848263153799993 5.8526962321500005
H 4.140439499999999 0.06000381538 8.76625276785
H 2.8456412595600002 1.3486706617250002 3.3125271458419996
H 5.43523774044 5.173493161725 1.5604558541580003
H 0.08534825956 6.300974338274999 6.433438854157999
H 2.6749447404399995 2.476151838275 8.185510145842
H 2.6749447404399995 6.300974338274999 6.433438854157999
H 0.08534825956 2.476151838275 8.185510145842
H 5.43523774044 1.3486706617250002 3.3125271458419996
H 2.8456412595600002 5.173493161725 1.5604558541580003
Pd 1.3801464999999997 1.9931226543949998 4.05290869093
Pd 1.3801464999999997 5.817945154395002 0.8200743090699999
Pd 4.140439499999999 5.656522345605 5.693057309069999
Pd 4.140439499999999 1.8316998456049998 8.92589169093
