mp-1187809.cif
Y 0.0 0.0 0.0
Y 0.0 3.418069 3.418069
Y 3.418069 0.0 3.418069
Y 3.418069 3.418069 0.0
Al 3.418069 0.0 0.0
Al 3.418069 3.418069 3.418069
Al 0.0 0.0 3.418069
Al 0.0 3.418069 0.0
Au 1.7090345 1.7090345 5.1271035000000005
Au 1.7090345 5.1271035000000005 5.1271035000000005
Au 1.7090345 5.1271035000000005 1.7090345
Au 1.7090345 1.7090345 1.7090345
Au 5.1271035000000005 1.7090345 1.7090345
Au 5.1271035000000005 5.1271035000000005 1.7090345
Au 5.1271035000000005 5.1271035000000005 5.1271035000000005
Au 5.1271035000000005 1.7090345 5.1271035000000005
