mp-13314.cif
Sc 0.0 0.0 0.0
Sc 2.1369024863690247 1.2337412010623128 8.073166935934996
Sc -2.1369024248954026e-08 2.467482439136862 16.146334114065006
Tl 2.1369024863690247 1.2337412010623128 20.182917460935
Tl -2.1369024248954026e-08 2.467482439136862 4.036583589065003
Tl 0.0 0.0 12.109750525
Te 0.0 0.0 17.788859259929207
Te -2.1369024248954026e-08 2.467482439136862 22.5769759041358
Te 2.1369024863690247 1.2337412010623128 1.6425251458642047
Te 0.0 0.0 6.4306417900707915
Te -2.1369024248954026e-08 2.467482439136862 9.715692323994212
Te 2.1369024863690247 1.2337412010623128 14.50380872600579
