mp-1027580.cif
Mo 1.6250991412509916 0.9382514078960611 3.355268124346994
Mo 1.6250991412509916 0.9382514078960611 16.71927876775534
Mo 0.0 0.0 10.044667848189851
Mo 0.0 0.0 23.37818928587028
Se 1.6250991412509916 0.9382514078960611 11.72302965750141
Se 1.6250991412509916 0.9382514078960611 25.05545796167194
Se 1.6250991412509916 0.9382514078960611 8.365040979778916
Se 1.6250991412509916 0.9382514078960611 21.699616396073093
S 0.0 0.0 1.8242778691334616
S 0.0 0.0 15.18743457985205
S 0.0 0.0 4.887104125317454
S 0.0 0.0 18.251215147641393
