mp-1029771.cif
Ca 0.0 10.209299556720351 1.6240970339238672
Ca 2.803035865 5.927034833279648 10.723675086076133
Ca 0.0 5.927034833279648 7.797983093923868
Ca 2.803035865 10.209299556720351 4.549789026076132
Ca 0.0 6.899903577575569 1.0003007985376355
Ca 2.803035865 9.23643081242443 11.347471321462361
Ca 0.0 9.23643081242443 7.174186858537635
Ca 2.803035865 6.899903577575569 5.173585261462364
Ca 2.803035865 4.830521319144789 1.6240970339238672
Ca 0.0 0.5482568108552106 10.723675086076133
Ca 2.803035865 0.5482568108552106 7.797983093923868
Ca 0.0 4.830521319144789 4.549789026076132
Ca 2.803035865 1.521125447575569 1.0003007985376355
Ca 0.0 3.8576526824244306 11.347471321462361
Ca 2.803035865 3.8576526824244306 7.174186858537635
Ca 0.0 1.521125447575569 5.173585261462364
Re 0.0 8.171428332086363 4.269172939488407
Re 2.803035865 7.964906057913636 8.078599180511594
Re 0.0 7.964906057913636 10.443058999488407
Re 2.803035865 8.171428332086363 1.9047131205115928
Re 2.803035865 2.792650202086364 4.269172939488407
Re 0.0 2.5861279279136355 8.078599180511594
Re 2.803035865 2.5861279279136355 10.443058999488407
Re 0.0 2.792650202086364 1.9047131205115928
N 0.0 7.030060218945372 5.7843608946257765
N 2.803035865 9.106274171054627 6.563411225374224
N 0.0 9.106274171054627 11.958246954625775
N 2.803035865 7.030060218945372 0.3895251653742228
N 0.0 9.98060090304432 4.64519890299244
N 2.803035865 6.155733486955679 7.7025732170075605
N 0.0 6.155733486955679 10.819084962992436
N 2.803035865 9.98060090304432 1.5286871570075602
N 4.2045537975 7.683248815374124 3.086943029999999
N 1.4015179325 8.453085574625874 9.260829089999998
N 4.2045537975 8.453085574625874 9.260829089999998
N 1.4015179325 7.683248815374124 3.086943029999999
N 2.803035865 1.6512820889453723 5.7843608946257765
N 0.0 3.7274960410546276 6.563411225374224
N 2.803035865 3.7274960410546276 11.958246954625775
N 0.0 1.6512820889453723 0.3895251653742228
N 2.803035865 4.601822773044321 4.64519890299244
N 0.0 0.776955356955679 7.7025732170075605
N 2.803035865 0.776955356955679 10.819084962992436
N 0.0 4.601822773044321 1.5286871570075602
N 1.4015179325 2.3044706853741252 3.086943029999999
N 4.2045537975 3.0743074446258745 9.260829089999998
N 1.4015179325 3.0743074446258745 9.260829089999998
N 4.2045537975 2.3044706853741252 3.086943029999999
