mp-1227335.cif
Bi -2.1584050726712287e-08 2.492311566566091 2.039772405554545
Bi -2.1584050726712287e-08 2.492311566566091 7.852909278479395
Bi 0.0 0.0 12.0959368549929
Bi 0.0 0.0 17.90907372791775
Bi 2.1584051415840513 1.2461557645907086 22.152101304431255
Bi 2.1584051415840513 1.2461557645907086 27.965238177356103
Te 2.1584051415840513 1.2461557645907086 9.916363649864254
Te 2.1584051415840513 1.2461557645907086 3.811889633761355
Te -2.1584050726712287e-08 2.492311566566091 19.972528400987546
Te -2.1584050726712287e-08 2.492311566566091 13.868054384884646
Te 0.0 0.0 30.028692850425898
Te 0.0 0.0 23.924218834322996
S 0.0 0.0 6.5475888508341
S 2.1584051415840513 1.2461557645907086 16.603753300272455
S -2.1584050726712287e-08 2.492311566566091 26.659918051395742
