mp-1224725.cif
Fe 6.0060721403579445 1.784799 0.006577266818843869
Fe 2.2718793930076835 0.0 1.5102995196930205
Fe 12.036667140357942 0.0 0.006577266818843869
Fe 8.302474393007685 1.784799 1.5102995196930205
Ni 0.6742022799790833 1.784799 3.8401028412443767
Ni 6.704797279979083 0.0 3.8401028412443767
Se 2.9049517316005122 1.784799 2.9082159035614494
Se 0.059339587849540604 0.0 2.415689314660492
Se -1.3729073123764768 1.784799 5.264844156452405
Se 4.319996149445264 0.0 0.17502837812367847
Se 8.935546731600512 0.0 2.9082159035614494
Se 6.08993458784954 1.784799 2.415689314660492
Se 4.657687687623524 0.0 5.264844156452405
Se 10.350591149445261 1.784799 0.17502837812367847
