mp-1228792.cif
As 0.6670508913450001 5.243534108655 2.2882416086550004
As 5.243534108655 2.2882416086550004 0.6670508913450001
As 2.2882416086550004 0.6670508913450001 5.243534108655
As 3.622343391345 3.622343391345 3.622343391345
P 5.23320831666 0.67737668334 3.6326691833400004
P 0.67737668334 3.6326691833400004 5.23320831666
P 3.6326691833400004 5.23320831666 0.67737668334
P 2.27791581666 2.27791581666 2.27791581666
Pt 2.9012638425150006 3.0093211574849996 0.054028657485
Pt 3.0093211574849996 0.054028657485 2.9012638425150006
Pt 0.054028657485 2.9012638425150006 3.0093211574849996
Pt 5.856556342515001 5.856556342515001 5.856556342515001
