mp-1014358.cif
Cr 0.0 2.9462115 0.0
Cr 2.4060665 0.0 4.9741815
Cr 0.0 0.0 0.0
Cr 2.4060665 2.9462115 4.9741815
Cr 0.049892194944000004 4.41931725 7.343513477169002
Cr 2.3561743050560002 4.41931725 2.3693319771690002
Cr 4.762240805056 1.47310575 2.604849522831
Cr 2.4559586949440004 1.47310575 7.579031022831
Cr 2.817667484022 4.41931725 9.040942965681001
Cr 4.400532015978 4.41931725 4.066761465681
Cr 1.994465515978 1.47310575 0.9074200343190001
Cr 0.411600984022 1.47310575 5.8816015343190005
N 1.0619222619080002 4.41931725 9.099548772114
N 1.3441442380920001 4.41931725 4.1253672721140004
N 3.7502107380920005 1.47310575 0.848814227886
N 3.467988761908 1.47310575 5.822995727886
N 3.636533720233 4.41931725 5.679779094138
N 3.5816657797670004 4.41931725 0.705597594138
N 1.175599279767 1.47310575 4.268583905862
N 1.230467220233 1.47310575 9.242765405862
N 3.607391442785 3.0296541021029997 8.285175776934
N 3.6108080572150003 5.808980397897 3.310994276934
N 1.204741557215 0.083442602103 1.663187223066
N 1.2013249427850001 2.8627688978970003 6.637368723066001
N 1.204741557215 2.8627688978970003 1.663187223066
N 1.2013249427850001 0.083442602103 6.637368723066001
N 3.607391442785 5.808980397897 8.285175776934
N 3.6108080572150003 3.0296541021029997 3.310994276934
