mp-1101771.cif
Sb 3.9546871957327494 4.051090202576 3.714863353785344
Sb -1.2957439472772276 0.863183202576 5.263340086621226
Sb -0.030651396762401528 2.324723797424 2.2706056064857023
Sb 5.219779746247575 5.512630797424 0.722128873649821
Os 2.8323111864354256 0.029303241144000007 4.188774829652725
Os -0.1733679379799028 3.2172102411440004 4.789428610753845
Os 1.0917246125349243 6.346510758856 1.7966941306183217
Os 4.097403736950252 3.158603758856 1.1960403495172016
Se 2.1291335700132654 2.330385520256 4.894832719144218
Se 0.5298096784422573 5.518292520256001 4.083370721262352
Se 1.7949022289570835 4.045428479743999 1.0906362411268284
Se 3.3942261205280917 0.8575214797440001 1.902098239008695
