mp-1226820.cif
Cd 2.151233 2.151233 9.334646135712001
Cd 0.0 0.0 5.749017864288
Cd 2.151233 2.151233 2.893710436416
Cd 0.0 0.0 0.0
Cd 0.0 0.0 12.189953563584
Cd 0.0 0.0 24.418310135711998
Cd 2.151233 2.151233 20.832681864288002
Cd 0.0 0.0 17.977374436416
Cd 2.151233 2.151233 15.083664
Cd 2.151233 2.151233 27.273617563584008
Te 0.0 2.151233 7.541832
Te 2.151233 0.0 22.625496000000002
S 2.151233 0.0 4.320202708224
S 0.0 2.151233 1.455241735392
S 0.0 2.151233 13.628422264608002
S 2.151233 0.0 10.763461291776
S 0.0 2.151233 19.403866708224
S 2.151233 0.0 16.538905735392007
S 2.151233 0.0 28.712086264608
S 0.0 2.151233 25.847125291776003
