mp-1080022.cif
Zr -0.5582336392524924 0.0 5.085453859084236
Zr 3.842402238521874 0.0 0.11223553375749439
Zr 2.505681357034254 5.94224057457543 2.1056903504968423
Zr 2.505681357034254 2.290148125424572 2.1056903504968423
Zr 2.7231428457475073 4.11619435 5.085453859084236
Zr 0.5610257535218742 4.11619435 0.11223553375749439
Zr 5.787057842034254 1.8260462245754279 2.1056903504968423
Zr 5.787057842034254 6.406342475424571 2.1056903504968423
Cu 1.216526857075168 0.0 2.8150370779739786
Cu 3.919151345909085 0.0 2.901707326661149
Cu 0.9883695825674221 2.0593408419609087 4.367735455564605
Cu 0.9883695825674221 6.173047858039093 4.367735455564605
Cu 4.497903342075168 4.11619435 2.8150370779739786
Cu 0.6377748609090848 4.11619435 2.901707326661149
Cu 4.269746067567422 6.1755351919609085 4.367735455564605
Cu 4.269746067567422 2.056853508039091 4.367735455564605
