mp-1221442.cif
Mo 0.0 0.0 0.0
Mo 1.3979281539792818 0.8070941798658111 11.421301469120317
Mo -1.3979280978740644e-08 1.614188383944448 22.842603280879683
Pd -1.3979280978740644e-08 1.614188383944448 2.2233049443294335
Pd 1.3979281539792818 0.8070941798658111 4.5547806933155695
Pd 0.0 0.0 6.866520775804752
Pd -1.3979280978740644e-08 1.614188383944448 9.197996867429934
Pd 0.0 0.0 13.64460641344975
Pd -1.3979280978740644e-08 1.614188383944448 15.976082505074938
Pd 1.3979281539792818 0.8070941798658111 18.287822244925074
Pd 0.0 0.0 20.619298336550248
Pd 1.3979281539792818 0.8070941798658111 25.06590788257007
Pd 0.0 0.0 27.397383974195254
Pd -1.3979280978740644e-08 1.614188383944448 29.70912405668444
Pd 1.3979281539792818 0.8070941798658111 32.040599805670574
