mp-1247541.cif
Mn 2.8895105468219997 5.289103985320001 5.317439552500001
Mn 2.206295453178 2.5503639853199997 0.6728604475
Mn 4.754198453178 2.5503639853199997 2.3222895525
Mn 0.34160754682199995 5.289103985320001 3.6680104475000004
Rh 3.1638177838019996 0.21702871255999998 2.0443036907
Rh 1.9319882161979998 2.9557687125600003 3.9459963093
Rh 4.479891216198 2.9557687125600003 5.0394536907
Rh 0.6159147838019999 0.21702871255999998 0.9508463093000001
N 2.923428231558 1.6661343889199998 5.229334220100001
N 2.172377768442 4.40487438892 0.7609657799000001
N 4.720280768442 4.40487438892 2.2341842201
N 0.37552523155799994 1.6661343889199998 3.7561157799
N 2.9712523708679996 2.2599534732 2.295782475
N 2.124553629132 4.9986934732 3.694517525
N 4.672456629131999 4.9986934732 5.290932475
N 0.42334937086799995 2.2599534732 0.6993675250000001
