mp-1193021.cif
Cs 8.576559688494331 13.093914095656965 2.5958187040154903
Cs 7.964174085482996 1.537635224343035 7.7874561120464705
Cs 8.576559688494331 8.585662481240572 2.5958187040154903
Cs 7.964174085482996 6.045886838759426 7.7874561120464705
Cs 6.165098488768095 11.81964632012745 8.990801346158154
Cs 9.763249682197895 11.81964632012745 6.584110877934787
Cs 10.375635285209231 2.811902999872549 1.3924734699038068
Cs 6.7774840917794315 2.811902999872549 3.7991639381271733
Cs 3.025341006896989 0.3767820012660888 7.136901684891687
Cs 12.903007164069002 0.3767820012660888 8.438010539201255
Cs 13.515392767080339 14.254767318733911 3.2463731311702735
Cs 3.637726609908325 14.254767318733911 1.945264276860707
Cs -0.3061928015056681 5.778139435656965 2.5958187040154903
Cs -0.9185784045170042 8.853409884343034 7.7874561120464705
Cs -0.3061928015056681 1.2698878212405724 2.5958187040154903
Cs -0.9185784045170042 13.361661498759428 7.7874561120464705
Cs 15.047850978768096 4.503871660127451 8.990801346158154
Cs 0.880497192197896 4.503871660127451 6.584110877934787
Cs 1.4928827952092325 10.127677659872548 1.3924734699038068
Cs 15.660236581779431 10.127677659872548 3.7991639381271733
Cs 11.908093496896988 7.692556661266089 7.136901684891687
Cs 4.020254674069003 7.692556661266089 8.438010539201255
Cs 4.6326402770803385 6.938992658733911 3.2463731311702735
Cs 12.520479099908325 6.938992658733911 1.945264276860707
Sn 5.195269277190735 11.094176062813618 4.720698371780089
Sn 11.957850099797929 11.094176062813618 0.4709390362508909
Sn 11.345464496786592 3.537373257186381 5.662576444281871
Sn 4.582883674179399 3.537373257186381 9.912335779811071
Sn 14.078021767190736 3.7784014028136186 4.720698371780089
Sn 3.075097609797929 3.7784014028136186 0.4709390362508909
Sn 2.462712006786593 10.853147770870887 5.662576444281871
Sn 13.465636164179399 10.853147770870887 9.912335779811071
Te 11.205601448967993 3.8928448458143694 8.413584508192958
Te 4.722746721997999 3.8928448458143694 7.161327715899985
Te 5.335132325009335 10.738704474185628 1.9696903078690042
Te 11.81798705197933 10.738704474185628 3.2219471001619766
Te 9.784500575054714 5.421682997444248 4.407981234667574
Te 7.368618801933948 5.421682997444248 0.7836561733634072
Te 6.7562331989226125 9.209866322555753 5.9752935813943875
Te 9.172114972043378 9.209866322555753 9.599618642698553
Te 6.137751810544145 13.613079946505277 5.4251341039413745
Te 9.790596360421844 13.613079946505277 10.149778120151568
Te 10.40298196343318 1.0184693734947232 4.958140712120587
Te 6.750137413555482 1.0184693734947232 0.23349669591039374
Te 2.322848958967992 11.208619505814369 8.413584508192958
Te 13.605499211997996 11.208619505814369 7.161327715899985
Te 14.217884815009333 3.4229298141856304 1.9696903078690042
Te 2.9352345619793283 3.4229298141856304 3.2219471001619766
Te 0.9017480850547148 12.737457657444248 4.407981234667574
Te 16.251371469589 12.737457657444248 0.7836561733634072
Te 15.638985866577663 1.8940916625557522 5.9752935813943875
Te 0.2893624820433788 1.8940916625557522 9.599618642698553
Te 15.020504300544141 6.297305286505276 5.4251341039413745
Te 0.907843870421845 6.297305286505276 10.149778120151568
Te 1.5202294734331814 8.334244033494723 4.958140712120587
Te 15.632889903555478 8.334244033494723 0.23349669591039374
