mp-17092.cif
Sc 2.9438793152776372 0.0941858592127945 1.8104160725
Sc 2.350773734116725 3.8832878261629915 1.8104160725
Sc 5.928785085605636 2.5023813430995756 1.8104160725
Sc -0.7972667297223622 6.385669169262567 5.4312482175
Sc 2.1876390406056356 3.9774736853757857 5.4312482175
Sc -1.3903723108832733 2.59656720231237 5.4312482175
Sn 5.427995575313621 0.0 0.0
Sn 1.02714825734319 1.7790729686242372 3.620832145
Sn -2.713997787656809 4.700782059851124 3.620832145
Sn -2.713997787656809 4.700782059851124 0.0
Sn 1.02714825734319 1.7790729686242372 0.0
Sn 5.427995575313621 0.0 3.620832145
Pd -3.741146031400439e-08 4.319903373916424 0.2306163029799104
Pd -3.741146031400439e-08 4.319903373916424 3.3902158420200896
Pd 3.741146082411459 2.159951654558937 7.01104798702009
Pd 3.741146082411459 2.159951654558937 3.85144844797991
Pd 0.0 0.0 1.8104160725
Pd 0.0 0.0 5.4312482175
