mp-14623.cif
K -2.8699256288526874e-08 3.3139047674679745 10.285955487782754
K 2.8699257286992577 1.6569523588797015 0.9307045227827547
K 2.8699257286992577 1.6569523588797015 8.424546442217245
K -2.8699256288526874e-08 3.3139047674679745 17.779797407217245
K 0.0 0.0 2.7232776317477945
K 0.0 0.0 12.078528596747793
K 0.0 0.0 15.987224298252206
K 0.0 0.0 6.631973333252205
K -2.8699256288526874e-08 3.3139047674679745 14.0328764475
K 2.8699257286992577 1.6569523588797015 4.6776254825
Cu -2.8699256288526874e-08 3.3139047674679745 4.6776254825
Cu 2.8699257286992577 1.6569523588797015 14.0328764475
As -2.8699256288526874e-08 3.3139047674679745 6.98249475377871
As 2.8699257286992577 1.6569523588797015 16.33774571877871
As 2.8699257286992577 1.6569523588797015 11.72800717622129
As -2.8699256288526874e-08 3.3139047674679745 2.37275621122129
