mp-1105830.cif
Zr -2.955292256214742 0.0 5.84555898511754
Zr 9.289160255002328 0.0 1.0840960175883119
Zr -0.717034838793957 1.824958 3.977795212928228
Zr 7.050902837581541 1.824958 2.9518597897776258
Zr 2.4836147437852567 1.824958 5.84555898511754
Zr 3.8502532550023263 1.824958 1.0840960175883119
Zr 4.7218721612060435 0.0 3.977795212928228
Zr 1.6119958375815409 0.0 2.9518597897776258
Cu 0.2445573231645913 0.0 5.883665157977422
Cu 6.089310675622993 0.0 1.0459898447284324
Cu 5.683464323164591 1.824958 5.883665157977422
Cu 0.6504036756229932 1.824958 1.0459898447284324
H -0.4519633630495079 0.0 2.934993009501039
H 6.785831361837092 0.0 3.994661993204814
H 9.012277604402254 1.824958 2.2733426201876825
H -2.6784096056146707 1.824958 4.656312382518172
H 8.783911095674364 1.824958 0.13510055393275333
H -2.4500430968867777 1.824958 6.7945544487731
H -1.1881466107861771 0.0 4.870688189681879
H 7.522014609573764 0.0 2.058966813023974
H 0.24716884699551792 1.824958 5.958380698216594
H 6.086699151792066 1.824958 0.9712743044892578
H 4.9869436369504925 1.824958 2.934993009501039
H 1.3469243618370912 1.824958 3.994661993204814
H 3.573370604402255 0.0 2.2733426201876825
H 2.7604973943853306 0.0 4.656312382518172
H 3.3450040956743634 0.0 0.13510055393275333
H 2.988863903113223 0.0 6.7945544487731
H 4.2507603892138235 1.824958 4.870688189681879
H 2.083107609573762 1.824958 2.058966813023974
H 5.686075846995519 0.0 5.958380698216594
H 0.6477921517920654 0.0 0.9712743044892578
