mp-1223733.cif
K 17.124976390391996 0.0 7.00101165209457
K 13.665727625385086 2.208604 5.252240866985377
K 12.514977808090993 0.0 1.7665493123855807
K 8.187701390391995 2.208604 7.00101165209457
K 4.728452625385088 0.0 5.252240866985377
K 3.577702808090995 2.208604 1.7665493123855807
Sn 16.009105466263605 0.0 3.5595176424424144
Sn 7.071830466263605 2.208604 3.5595176424424144
Sb 10.691068991322053 0.0 5.235296255651401
Sb 15.455420316920327 2.208604 1.739282363377927
Sb 10.029602277889554 2.208604 3.4768898871740426
Sb 1.7537939913220508 2.208604 5.235296255651401
Sb 6.518145316920327 0.0 1.739282363377927
Sb 1.0923272778895539 0.0 3.4768898871740426
