mp-1104898.cif
Y 14.277311974130207 0.7311047393969999 0.6142007242087594
Y 9.022961907506067 3.9103877393969997 3.014711927982998
Y 8.57069335414234 2.448178260603 6.643624580174755
Y 13.82504342076648 5.627461260603001 4.243113376400516
Y 12.22466950050122 3.664692749157 1.3438516755343466
Y 11.075604381135056 0.485409749157 2.2850609766574097
Y 10.62333582777133 5.8731562508429995 5.913973628849168
Y 11.772400947137493 2.6938732508429997 4.972764327726102
Y -0.22613427668186323 3.6858127261259996 1.8144563260958781
Y -0.6784028300455898 2.672753273874 5.443368978287635
Y 6.3597978291302075 3.9103877393969997 0.6142007242087594
Y 1.105447762506066 0.7311047393969999 3.014711927982998
Y 0.6531792091423393 5.627461260603001 6.643624580174755
Y 5.907529275766481 2.448178260603 4.243113376400516
Y 4.307155355501217 0.485409749157 1.3438516755343466
Y 3.158090236135057 3.664692749157 2.2850609766574097
Y 2.7058216827713304 2.6938732508429997 5.913973628849168
Y 3.8548868021374902 5.8731562508429995 4.972764327726102
Y 7.691379868318137 0.506529726126 1.8144563260958781
Y 7.23911131495441 5.852036273874 5.443368978287635
Ru 13.711083856206203 1.8260021153519999 3.077767914227482
Ru 9.589190025430074 5.005285115352 0.5511447379642751
Ru 9.136921472066348 1.3532808846479998 4.1800573901560325
Ru 13.258815302842477 4.532563884648 6.706680566419239
Ru 5.793569711206203 5.005285115352 3.077767914227482
Ru 1.6716758804300706 1.8260021153519999 0.5511447379642751
Ru 1.2194073270663441 4.532563884648 4.1800573901560325
Ru 5.3413011578424765 1.3532808846479998 6.706680566419239
