mp-1215367.cif
Zr -1.9136028180985284e-08 2.2096382752812724 14.499481538759838
Zr 0.0 0.0 3.7509554776456797
Zr -1.9136028180985284e-08 2.2096382752812724 6.545400262137793
Zr 1.913602889136029 1.1048191210683491 17.293925691905507
Zr -1.9136028180985284e-08 2.2096382752812724 10.522440900448817
Zr 0.0 0.0 35.544362708311034
Zr 1.913602889136029 1.1048191210683491 24.795836647196865
Zr 0.0 0.0 27.590281431688986
Zr -1.9136028180985284e-08 2.2096382752812724 38.33880749280315
Zr 3.8272057399999992 0.0 31.56732207
Zr 1.913602889136029 1.1048191210683491 56.589243877862216
Zr -1.9136028180985284e-08 2.2096382752812724 45.84071844809449
Zr 1.913602889136029 1.1048191210683491 48.63516260124018
Zr 0.0 0.0 59.38368866235433
Zr 1.913602889136029 1.1048191210683491 52.6122032395512
Te 1.913602889136029 1.1048191210683491 12.441333808660966
Te -1.9136028180985284e-08 2.2096382752812724 1.8189513978849743
Te 0.0 0.0 8.60354736089022
Te -1.9136028180985284e-08 2.2096382752812724 19.22593040301266
Te -1.9136028180985284e-08 2.2096382752812724 33.48621560955861
Te 0.0 0.0 22.86383256743617
Te 1.913602889136029 1.1048191210683491 29.648428530441414
Te 0.0 0.0 40.27081157256384
Te 0.0 0.0 54.531096779109795
Te 1.913602889136029 1.1048191210683491 43.908713736987345
Te -1.9136028180985284e-08 2.2096382752812724 50.69331033133905
Te 1.913602889136029 1.1048191210683491 61.31569274211504
P 1.913602889136029 1.1048191210683491 5.164434725084568
P 0.0 0.0 15.880446444466628
P -1.9136028180985284e-08 2.2096382752812724 26.209316525982192
P 1.913602889136029 1.1048191210683491 36.9253276140178
P 0.0 0.0 47.25419769553339
P -1.9136028180985284e-08 2.2096382752812724 57.970209414915445
