mp-1245505.cif
Mn 4.00858157687912 6.66783902291328 3.018386249999999
Mn 4.00858157687912 3.4103931370867206 3.018386249999999
Mn 2.01236186312088 3.4103931370867206 1.00612875
Mn 2.01236186312088 6.66783902291328 1.00612875
Mn 0.99810985687912 1.6287229429132801 3.018386249999999
Mn 0.99810985687912 8.449509217086721 3.018386249999999
Mn 5.02283358312088 8.449509217086721 1.00612875
Mn 5.02283358312088 1.6287229429132801 1.00612875
V 1.06863918833528 5.03911608 3.018386249999999
V 4.95230425166472 5.03911608 1.00612875
V 4.07911090833528 0.0 3.018386249999999
V 1.94183253166472 0.0 1.00612875
N 0.9971736001742 1.6935511712824802 1.00612875
N 0.9971736001742 8.38468098871752 1.00612875
N 5.0237698398258 8.38468098871752 3.018386249999999
N 5.0237698398258 1.6935511712824802 3.018386249999999
N 0.8934598389484799 5.03911608 1.00612875
N 5.127483601051521 5.03911608 3.018386249999999
N 4.0076453201742 6.732667251282481 1.00612875
N 4.0076453201742 3.3455649087175203 1.00612875
N 2.0132981198258 3.3455649087175203 3.018386249999999
N 2.0132981198258 6.732667251282481 3.018386249999999
N 3.9039315589484795 0.0 1.00612875
N 2.11701188105152 0.0 3.018386249999999
