mp-1106289.cif
Ga 4.39428702 0.0 6.59143053
Ga 4.39428702 6.59143053 0.0
Ga 6.59143053 0.0 4.39428702
Ga 0.0 6.59143053 4.39428702
Ga 0.0 4.39428702 6.59143053
Ga 6.59143053 4.39428702 0.0
Ga 5.832944072624052 5.832944072624052 2.955629967375948
Ga 5.832944072624052 2.955629967375948 5.832944072624052
Ga 2.955629967375948 5.832944072624052 5.832944072624052
Ga 7.349916987375949 7.349916987375949 7.349916987375949
Ga 7.349916987375949 7.349916987375949 1.4386570526240519
Ga 7.349916987375949 1.4386570526240519 7.349916987375949
Ga 1.4386570526240519 7.349916987375949 7.349916987375949
Ga 5.832944072624052 5.832944072624052 5.832944072624052
Ga 0.0 4.39428702 2.19714351
Ga 0.0 2.19714351 4.39428702
Ga 2.19714351 4.39428702 0.0
Ga 4.39428702 2.19714351 0.0
Ga 4.39428702 0.0 2.19714351
Ga 2.19714351 0.0 4.39428702
Ga 1.4386570526240519 1.4386570526240519 7.349916987375949
Ga 1.4386570526240519 7.349916987375949 1.4386570526240519
Ga 7.349916987375949 1.4386570526240519 1.4386570526240519
Ga 2.955629967375948 2.955629967375948 2.955629967375948
Ga 2.955629967375948 2.955629967375948 5.832944072624052
Ga 2.955629967375948 5.832944072624052 2.955629967375948
Ga 5.832944072624052 2.955629967375948 2.955629967375948
Ga 1.4386570526240519 1.4386570526240519 1.4386570526240519
Pd 0.0 0.0 5.767133120954762
Pd 0.0 3.021440919045238 0.0
Pd 3.021440919045238 0.0 0.0
Pd 0.0 0.0 3.021440919045238
Pd 0.0 5.767133120954762 0.0
Pd 5.767133120954762 0.0 0.0
Pd 4.39428702 4.39428702 1.3728461009547626
Pd 4.39428702 7.41572793904524 4.39428702
Pd 7.41572793904524 4.39428702 4.39428702
Pd 4.39428702 4.39428702 7.41572793904524
Pd 4.39428702 1.3728461009547626 4.39428702
Pd 1.3728461009547626 4.39428702 4.39428702
