mp-1212970.cif
Fe 1.9259617324471336 1.111954524677271 3.7227882825
Fe 2.115480137552867 5.888028129998903 1.2409294275
Fe 6.156922007552866 1.111954524677271 3.7227882825
Fe -2.1154801375528645 5.888028129998903 1.2409294275
Fe 4.041441870000001 4.776073605321631 3.7227882825
Fe 3.388160934135555e-17 2.223909049354542 1.2409294275
Fe 0.0 0.0 2.481858855
Fe 0.0 0.0 0.0
Fe -2.0207209349999986 3.499991327338086 2.481858855
Fe 2.0207209350000013 3.499991327338086 2.481858855
Fe -2.0207209349999986 3.499991327338086 0.0
Fe 4.04144187 0.0 2.481858855
Fe 2.0207209350000013 3.499991327338086 0.0
Fe 4.04144187 0.0 0.0
Ge 1.7400096573051647 5.671250147155136 3.7227882825
Ge 2.3014322126948343 1.3287325075210386 1.2409294275
Ge -1.7400096573051647 5.671250147155136 3.7227882825
Ge 5.781451527305166 1.3287325075210386 1.2409294275
Ge 6.523220322378123e-16 2.657465015042077 3.7227882825
Ge 4.0414418700000025 4.342517639634097 1.2409294275
Ge 4.041441910414419 2.3333275282254484 3.7227882825
Ge -4.0414417583791225e-08 4.666655126450725 1.2409294275
