mp-1079324.cif
Cr 0.0 3.8648506022339997 7.078029655304
Cr 1.4891869999999998 1.260796397766 0.387553344696
Cr 0.0 3.8648506022339997 4.120344844696
Cr 1.4891869999999998 1.260796397766 3.3452381553039987
Cr 0.0 0.39985172246999995 5.59918725
Cr 1.4891869999999998 4.72579527753 1.8663957499999995
Cr 1.4891869999999998 8.990497602233999 7.078029655304
Cr 0.0 6.386443397766 0.387553344696
Cr 1.4891869999999998 8.990497602233999 4.120344844696
Cr 0.0 6.386443397766 3.3452381553039987
Cr 1.4891869999999998 5.525498722469999 5.59918725
Cr 0.0 9.85144227753 1.8663957499999995
As 1.4891869999999998 2.43652755792 5.59918725
As 0.0 2.68911944208 1.8663957499999995
As 0.0 7.56217455792 5.59918725
As 1.4891869999999998 7.81476644208 1.8663957499999995
C 0.0 0.0 0.0
C 0.0 0.0 3.732791499999999
C 1.4891869999999998 5.125647 0.0
C 1.4891869999999998 5.125647 3.732791499999999
