mp-1029354.cif
Mn 0.9062298263370444 0.0 0.20438400378502397
Mn 4.5889316336629555 0.0 2.797099928785024
Mn 3.653810556337045 4.73356689 0.20438400378502397
Mn 1.8413509036629558 4.73356689 2.797099928785024
Zn 1.8304603179234546 1.5587972798732568 2.7330218362220635
Zn 1.8304603179234546 7.908336500126743 2.7330218362220635
Zn 3.6647011420765456 7.908336500126743 0.14030591122206348
Zn 3.6647011420765456 1.5587972798732568 0.14030591122206348
Zn 4.578041047923455 6.292364169873256 2.7330218362220635
Zn 4.578041047923455 3.1747696101267433 2.7330218362220635
Zn 0.9171204120765454 3.1747696101267433 0.14030591122206348
Zn 0.9171204120765454 6.292364169873256 0.14030591122206348
N 1.7453661491185315 1.4435352101157701 0.719313046494211
N 1.7453661491185315 8.02359856988423 0.719313046494211
N 3.749795310881469 8.02359856988423 3.3120289714942106
N 3.749795310881469 1.4435352101157701 3.3120289714942106
N 0.7688796943863241 0.0 3.5497861553942425
N 4.726281765613676 0.0 0.9570702303942424
N 4.492946879118532 6.1771021001157695 0.719313046494211
N 4.492946879118532 3.2900316798842293 0.719313046494211
N 1.0022145808814689 3.2900316798842293 3.3120289714942106
N 1.0022145808814689 6.1771021001157695 3.3120289714942106
N 3.5164604243863242 4.73356689 3.5497861553942425
N 1.978701035613676 4.73356689 0.9570702303942424
