mp-10850.cif
Sb 4.139041969502541 4.139041969502541 4.139041969502541
Sb 5.770796500497459 2.4675170104974593 0.8357624795025408
Sb 0.8357624795025408 5.770796500497459 2.4675170104974593
Sb 2.4675170104974593 0.8357624795025408 5.770796500497459
Te 2.47721517481774 2.47721517481774 2.47721517481774
Te 0.8260643151822601 4.12934380518226 5.78049466481774
Te 5.78049466481774 0.8260643151822601 4.12934380518226
Te 4.12934380518226 5.78049466481774 0.8260643151822601
Pd 0.028577661851837 0.028577661851837 0.028577661851837
Pd 3.2747018281481624 6.577981318148163 3.3318571518518367
Pd 3.3318571518518367 3.2747018281481624 6.577981318148163
Pd 6.577981318148163 3.3318571518518367 3.2747018281481624
