mp-1184180.cif
Cu 1.0480405425 3.494704355322946 10.32648019938928
Cu 3.1441216274999997 2.2290534146770535 2.0159747506107193
Cu 3.1441216274999997 0.6328254703229463 8.18720222561072
Cu 1.0480405425 5.090932299677053 4.155252724389281
Te 1.0480405425 4.933441444745751 8.208534431048102
Te 3.1441216274999997 0.7903163252542496 4.133920518951899
Te 3.1441216274999997 2.0715625597457503 10.305147993951898
Te 1.0480405425 3.652195210254249 2.0373069560481016
As 1.0480405425 5.006702854035598 12.12388698199878
As 3.1441216274999997 0.7170549159644014 0.2185679680012185
As 3.1441216274999997 2.1448239690355986 6.389795443001219
As 1.0480405425 3.5789338009644016 5.952659506998781
