mp-1216245.cif
V -1.1629755329740192 3.381454093251889 1.0848445216968898
V 6.098491434049435e-16 1.3671213821813917 5.424222478303109
V 1.1629755329740206 3.381454093251889 3.254533499999999
Si 1.1858534785542603 2.025357031165634 1.0848445216968898
Si 2.3469373799999995 0.014300722011317215 5.424222478303109
Si 3.50802128144574 2.025357031165634 3.254533499999999
Ge 3.5034142433688 0.6873126997366443 1.0848445216968898
Ge 2.3469373800000004 2.6903893848692966 5.424222478303109
Ge 1.1904605166312001 0.6873126997366443 3.254533499999999
