mp-1080561.cif
Ca 0.0 4.644951793060011 1.727385285
Ca 1.9957883 0.5713997769399883 5.1821558549999995
Ca 1.9957883 9.861303363060012 1.727385285
Ca 0.0 5.787751346939986 5.1821558549999995
Ga 0.0 1.7239505697908601 3.060032561301073
Ga 1.9957883 3.4924010002091395 3.8495085786989276
Ga 0.0 1.7239505697908601 0.3947380086989275
Ga 1.9957883 3.4924010002091395 6.514803131301072
Ga 1.9957883 6.940302139790861 3.060032561301073
Ga 0.0 8.708752570209139 3.8495085786989276
Ga 1.9957883 6.940302139790861 0.3947380086989275
Ga 0.0 8.708752570209139 6.514803131301072
Ni 0.0 2.930665766476953 5.1821558549999995
Ni 1.9957883 2.2856858035230467 1.727385285
Ni 1.9957883 8.147017336476951 5.1821558549999995
Ni 0.0 7.502037373523047 1.727385285
