mp-1216865.cif
Ti 1.502685365026854 0.867575782654049 11.805463402778146
Ti -1.50268530332436e-08 1.735151591335372 2.361092737221854
Ti 3.005370699999999 0.0 7.08327807
Cr 0.0 0.0 0.0
Cr 1.502685365026854 0.867575782654049 4.722185332778146
Cr -1.50268530332436e-08 1.735151591335372 9.444370807221855
N -1.50268530332436e-08 1.735151591335372 13.01305847285664
N 0.0 0.0 10.597868474365214
N 0.0 0.0 3.568687665634786
N 1.502685365026854 0.867575782654049 1.15349766714336
N 1.502685365026854 0.867575782654049 8.290873140078494
N -1.50268530332436e-08 1.735151591335372 5.875682999921506
