mp-1173830.cif
Na -3.808889112567182 4.748670574324229 14.976057774578326
Na -3.9938100133272787 4.776610674785187 9.352254197186776
Na -1.1537602413729302 4.631028387061162 13.081575294960114
Na 1.597706814280171 5.1913299103884905 11.267354108916145
Na -1.991611293051186 3.4552728805589696 7.563389712245896
Na 0.9880932456519804 4.955999927489142 5.010519601888034
Na -2.710960135476383 2.289810545240195 11.254296939244492
Na 1.4486511595559712 4.551391072563035 8.052130857029468
Na 0.1378164151776138 2.611914367822854 15.113109696242956
Na 3.8501924750164234 4.678476491787518 3.216464489003611
Na -1.3305022181003685 0.00862866532286403 16.092284581878648
Na 0.34133233531377327 2.192712650606003 3.2822339362385784
Na 2.7194951166701795 2.4996502075520053 12.85434830274832
Na 4.346071945877257 4.710562780395842 0.03886522972634956
Na -0.8764976046925659 0.06928883252485633 12.936060392952749
Na 2.8724546579803647 2.1165353506965308 1.0178144358862344
Na 1.53116712773524 0.06096332190536061 7.981976779978837
Na 5.7223408919776055 2.4697962357579755 4.722391391133672
Na 1.8713274968923792 -0.24508815954068655 11.193524680402383
Na 1.5185698295820302 -0.5818658248237699 4.919296733774634
Na 4.487907113980393 0.09044494270328345 9.019651009736021
Na 4.181217899745449 0.08772413438003655 3.0226864190988216
Na 6.95796792609623 0.018069309840405286 6.8076375076584
Na 6.835768612512955 -0.031029269654960792 1.155962515004781
Ga -1.3515893072248524 4.912188507550362 1.4698826658512887
Ga 0.1565686308935453 2.329845565549151 9.600308181022973
Ga 2.9588471116920907 2.3837428108284153 6.577605641961591
Ga 4.372461370535626 -0.1860857933109358 14.635523565549235
As -2.7656586382380746 6.945984161507185 1.9501769502546842
As -1.0156896200114112 4.557236398828661 10.107458323047307
As -2.7037850883967365 2.0952997958034416 14.430493761779244
As 1.1345057523040467 4.746635011603193 1.9455666409632133
As 4.009663440315699 4.640253539859093 6.210457374749921
As 0.3756995560895287 2.3143761568257353 6.408458874844799
As 2.722873353208288 2.356781000986556 9.671107056575908
As -0.996342227111186 0.1157769787903793 9.960492624409763
As 1.8773615147157587 -0.030537790818778335 14.187968925100305
As 5.7189422270305625 2.6295935555604086 1.653231119981318
As 4.1126661124211426 0.22942339503602324 6.02693160103176
As 5.788333586424365 -2.23460706588709 14.194594229711472
