mp-1227463.cif
Bi -2.1882787767285513e-08 2.52680674998545 21.98826747243
Bi -2.1882787767285513e-08 2.52680674998545 3.17353738034
Bi 2.188278846882788 1.2634033560416738 11.792755523379999
Sb 0.0 0.0 13.424269091320001
Sb -2.1882787767285513e-08 2.52680674998545 17.82651541963
Sb -2.1882787767285513e-08 2.52680674998545 7.32974983094
Te 2.188278846882788 1.2634033560416738 5.33486353869
Te 0.0 0.0 19.86838761054
Te 2.188278846882788 1.2634033560416738 23.75217753295
Te 0.0 0.0 1.42249430493
Te 2.188278846882788 1.2634033560416738 16.14081447017
Te 0.0 0.0 9.0262781847
