mp-1191256.cif
Ca 8.45367752938981 2.148187565 5.207658970380485
Ca 4.831184843681821 2.148187565 6.731951924276869
Ca 5.527919154557581 2.148187565 3.1093578679777476
Ca 5.496354320598332 0.0 10.637990549288103
Ca 8.402337222057827 0.0 0.8627983226262145
Ca 1.991764011042362 0.0 10.900016504416689
Ca 1.6616569645396386 0.0 5.680682793406019
Ca 2.430215670366148 0.0 1.9974079320262592
Ca -1.8317907175932882 0.0 11.840797681195035
Ca -0.8336051280138718 0.0 8.55499054013313
Ca 19.203352999389814 0.0 5.207658970380485
Ca 15.58086031368182 0.0 6.731951924276869
Ca 16.27759462455758 0.0 3.1093578679777476
Ca 16.246029790598335 2.148187565 10.637990549288103
Ca 19.152012692057834 2.148187565 0.8627983226262145
Ca 12.741439481042361 2.148187565 10.900016504416689
Ca 12.411332434539638 2.148187565 5.680682793406019
Ca 13.179891140366149 2.148187565 1.9974079320262592
Ca 8.917884752406712 2.148187565 11.840797681195035
Ca 9.916070341986128 2.148187565 8.55499054013313
Cd 5.838934007673904 2.148187565 13.502555233329462
Cd 0.951116174856718 2.148187565 13.06751000288732
Cd 1.6688750769968859 2.148187565 8.327588264614393
Cd 0.08949333681077315 2.148187565 3.647903034691321
Cd 7.402984831016446 0.0 7.5857859864199
Cd 16.588609477673906 0.0 13.502555233329462
Cd 11.700791644856716 0.0 13.06751000288732
Cd 12.418550546996885 0.0 8.327588264614393
Cd 10.839168806810772 0.0 3.647903034691321
Cd 18.152660301016443 2.148187565 7.5857859864199
As 9.673162506607534 2.148187565 2.563682751569529
As 7.044979736174064 2.148187565 9.128726168638652
As 3.636337895168687 2.148187565 12.07470573027173
As 2.7507019035916387 2.148187565 4.032749216695236
As -0.08562983729293287 2.148187565 10.512899007301796
As -0.5130766899955411 2.148187565 6.495401187441882
As -3.3342672094744095 2.148187565 13.215670403457224
As 6.342396817610139 0.0 5.116358558051045
As 3.236124135896479 0.0 8.23418088645099
As 5.324345628881963 0.0 0.9745142372576369
As 20.422837976607536 0.0 2.563682751569529
As 17.794655206174063 0.0 9.128726168638652
As 14.386013365168687 0.0 12.07470573027173
As 13.50037737359164 0.0 4.032749216695236
As 10.664045632707067 0.0 10.512899007301796
As 10.236598780004458 0.0 6.495401187441882
As 7.415408260525589 0.0 13.215670403457224
As 17.09207228761014 2.148187565 5.116358558051045
As 13.98579960589648 2.148187565 8.23418088645099
As 16.07402109888196 2.148187565 0.9745142372576369
