mp-1159.cif
Zr 1.1252561357560449 4.236285810756044 2.874581745
Zr 1.9857735392439555 1.1252561357560449 2.874581745
Zr 1.1252561357560449 1.9857735392439555 0.0
Zr 1.9857735392439555 5.096803214243956 0.0
Zr 4.236285810756044 1.1252561357560449 0.0
Zr 5.096803214243956 4.236285810756044 0.0
Zr 4.236285810756044 5.096803214243956 2.874581745
Zr 5.096803214243956 1.9857735392439555 2.874581745
Fe 0.0 0.0 1.4372908725
Fe 0.0 0.0 4.3118726175
Fe 3.111029675 3.111029675 4.3118726175
Fe 3.111029675 3.111029675 1.4372908725
