mp-1212416.cif
Hf 2.718994245 0.1929479404773855 5.084572391312388
Hf 0.906331415 6.144819429522614 2.44310631868761
Hf 0.906331415 2.9759357445226136 1.3207330363123901
Hf 2.718994245 3.3618316254773855 6.206945673687608
Cr 2.718994245 0.9096908690538866 0.46439130700399056
Cr 0.906331415 5.428076500946114 7.063287402996007
Cr 0.906331415 2.259192815946113 4.228230662003991
Cr 2.718994245 4.078574554053886 3.2994480479960093
P 2.718994245 1.7276547873180474 2.7903007766681394
P 0.906331415 4.6101125826819525 4.737377933331858
P 0.906331415 1.4412288976819525 6.554140131668138
P 2.718994245 4.896538472318047 0.9735385783318605
