mp-1184997.cif
K 4.04054542 0.0 0.0
K 4.04054542 4.04054542 4.04054542
K 0.0 0.0 4.04054542
K 0.0 4.04054542 0.0
Rb 0.0 0.0 0.0
Rb 0.0 4.04054542 4.04054542
Rb 4.04054542 0.0 4.04054542
Rb 4.04054542 4.04054542 0.0
Au 2.02027271 6.060818129999998 6.060818129999998
Au 2.02027271 2.02027271 6.060818129999998
Au 2.02027271 2.02027271 2.02027271
Au 2.02027271 6.060818129999998 2.02027271
Au 6.060818129999998 6.060818129999998 2.02027271
Au 6.060818129999998 2.02027271 2.02027271
Au 6.060818129999998 2.02027271 6.060818129999998
Au 6.060818129999998 6.060818129999998 6.060818129999998
