mp-1095247.cif
Sc 1.0325942875 0.08032753863084299 2.2570749288467047
Sc 1.0325942875 3.3544989286308433 1.4442142361532961
Sc 3.0977828625 6.468015241369155 5.145503401153297
Sc 3.0977828625 3.1938438513691563 5.958364093846705
Ge 1.0325942875 1.8250778769316407 4.547779622995033
Ge 1.0325942875 5.099249266931641 6.556087872004971
Ge 3.0977828625 4.723264903068359 2.854798707004969
Ge 3.0977828625 1.449093513068359 0.846490457995031
Rh 1.0325942875 1.0222335680284178 6.94499468687733
Rh 1.0325942875 4.296404958028417 4.15887280812267
Rh 3.0977828625 5.526109211971581 0.4575836431226697
Rh 3.0977828625 2.2519378219715813 3.2437055218773305
