mp-1228882.cif
As 0.0 0.0 2.190270153456
As -1.2632601299805537 6.856281485266804 2.7948433651249998
As -0.6025883317476738 3.6245371503292745 2.7948433651249998
As 1.8658484617282325 5.812567878631659 2.7948433651249998
As 5.969225010141682 1.3141593826915527 0.9438380318019997
As 5.2842831748966015 4.512420808342343 0.9438380318019997
As 2.85697844996172 2.3201130660799723 0.9438380318019997
Rh 5.793935138170624 6.0981094772935 2.815774640788999
Rh 1.2289057985198755 1.9686402788883088 2.815774640788999
Rh 7.087645698309507 0.07994350093205838 2.815774640788999
Rh -1.0368056334709845 1.9191572640445995 0.9486385095539999
Rh 3.5598594172154314 6.289214607718879 0.9486385095539999
Rh -2.5230537837444422 8.085014642464259 0.9486385095539999
Rh 4.218823846565475 1.0919746174902856 2.8113245084629996
Rh 6.351901407682879 3.1076213164721427 2.8113245084629996
Rh 3.5397613807516457 3.947097323151441 2.8113245084629996
Rh 0.4884815298259765 7.026645134659567 0.923145289194
Rh -1.6259984099064984 5.056408103892864 0.923145289194
Rh 1.1375168800805258 4.210333275675303 0.923145289194
