mp-1216577.cif
V 0.9180679293972905 2.012397 4.4439981026742
V 3.545366144888656 2.012397 6.141714360651721
V 7.890391929397288 0.0 4.4439981026742
V 10.51769014488866 0.0 6.141714360651721
Cr 2.680643706350323 0.0 1.7232345014374384
Cr 9.652967706350323 2.012397 1.7232345014374384
Te 0.13594124017969317 0.0 2.7616075447558397
Te 3.4761087606000527 2.012397 3.3761662728802686
Te 5.01961080938141 0.0 0.17602116718569527
Te -1.4646800474991808 2.012397 5.9672362142100495
Te 7.1082652401796915 2.012397 2.7616075447558397
Te 10.448432760600054 0.0 3.3761662728802686
Te 11.991934809381409 2.012397 0.17602116718569527
Te 5.507643952500816 0.0 5.9672362142100495
