mp-1225022.cif
Fe 5.502991599753865 6.157370982809878 1.1727321529942643
Fe 5.52169049841794 0.19515469239239333 5.190440733655642
Fe 5.293393351731176 5.187436720378541 6.167140199476604
Fe 0.9906747905297071 1.1647456124638427 0.16797707684115226
Fe 4.3718299134133805 4.25459336462947 3.8635237080824654
Fe 2.037275534557568 3.8531407657735386 2.1088700578039243
Fe 6.4366606575746435 2.5167085959901447 4.265013118582403
Ni 3.212373668040279 6.070272996343978 2.4846089262740803
Ni 3.2583713235925265 0.3140383165127237 3.8795063639911573
Ni 7.569138778041178 3.8814768664066746 6.078184939299542
Ni 3.252493012234943 2.479637629152266 0.3222192577480223
Ni 4.4426051346784785 2.108654208622693 2.5111299469353163
P 2.238354554657912 1.55608942967284 2.146636245929204
P 6.55024503127402 4.798522882112942 4.195714614895433
P 4.246159023364413 4.2286598584180615 1.570744858264661
P 4.262404814706599 2.165645817132962 4.816287395592363
