mp-11328.cif
P 1.5927329 4.810718763149517 1.9073417261073695
P 0.0 0.7748363618504824 4.39921184110737
P 0.0 2.239378411069195 0.9934050028911184
P 1.5927329 3.3461767139308054 3.4852751178911188
P 0.0 10.396273888149517 1.9073417261073695
P 1.5927329 6.3603914868504825 4.39921184110737
P 1.5927329 7.824933536069195 0.9934050028911184
P 0.0 8.931731838930805 3.4852751178911188
W 1.5927329 1.0446877118493274 2.4966489736691453
W 0.0 4.540867413150672 0.0047788586691447
W 0.0 6.630242836849327 2.4966489736691453
W 1.5927329 10.126422538150672 0.0047788586691447
