mp-1217255.cif
Ti 2.376585265 0.0 1.8839283759841374
Ti 2.376585265 2.847850425 7.093673114182546
Ti 2.376585265 4.197657197553908 4.401026844434866
Ti 2.376585265 1.393740048447306 9.789544797582003
Ti 2.376585265 1.4980436524460925 4.401026844434866
Ti 2.376585265 4.301960801552694 9.789544797582003
Ti 0.0 2.847850425 3.332631575104456
Ti 0.0 0.0 8.583147975977944
Ti 0.0 4.314381815095349 0.753763528502186
Ti 0.0 1.484934370412724 5.995918822397008
Ti 0.0 1.3813190349046516 0.753763528502186
Ti 0.0 4.210766479587276 5.995918822397008
Ti 2.376585265 2.847850425 1.7368630851271818
Sb 2.376585265 0.0 6.96148646578694
Sb 0.0 0.0 3.486856075574701
Sb 0.0 2.847850425 8.687033417981537
