mp-1207424.cif
Zr 1.117852204311722 1.117852204311722 0.0
Zr 6.459179415688277 6.459179415688277 0.0
Zr 2.6706636056882793 4.906368014311724 3.54558653
Zr 4.906368014311724 2.6706636056882793 3.54558653
Zr 2.3033303250757373 5.273701294924262 0.0
Zr 5.273701294924262 2.3033303250757373 0.0
Zr 6.091846135075739 6.091846135075739 3.54558653
Zr 1.4851854849242623 1.4851854849242623 3.54558653
In 0.0 3.78851581 1.772793265
In 0.0 3.78851581 5.318379795000002
In 3.78851581 0.0 1.772793265
In 3.78851581 0.0 5.318379795000002
Au 2.8085891457406165 2.8085891457406165 1.4534683108480306
Au 4.768442474259385 4.768442474259385 5.63770474915197
Au 4.768442474259385 4.768442474259385 1.4534683108480306
Au 0.9799266642593834 6.597104955740616 4.9990548408480295
Au 0.9799266642593834 6.597104955740616 2.0921182191519696
Au 2.8085891457406165 2.8085891457406165 5.63770474915197
Au 6.597104955740616 0.9799266642593834 2.0921182191519696
Au 6.597104955740616 0.9799266642593834 4.9990548408480295
