mp-1216045.cif
Zr 2.569793 7.335113368518 6.835000054575002
Zr 2.569793 1.497727623654 5.721465951047
Zr 2.569793 1.497727623654 2.739525048953
Zr 2.569793 7.335113368518 1.6259909454250001
Zr 0.0 2.9406563685180003 6.835000054575002
Zr 0.0 5.892184623654 5.721465951047
Zr 0.0 5.892184623654 2.739525048953
Zr 0.0 2.9406563685180003 1.6259909454250001
Mn 2.569793 2.946606463296001 0.0
Mn 1.439541503154 7.954134159366 4.2304955
Mn 3.700044496846 7.954134159366 4.2304955
Mn 2.569793 5.935259091168001 4.2304955
Mn 0.0 7.341063463296 0.0
Mn 4.009334503154 3.559677159366 4.2304955
Mn 1.130251496846 3.559677159366 4.2304955
Mn 0.0 1.5408020911680003 4.2304955
Ga 2.569793 4.346566207614 6.199080432006
Ga 2.569793 4.346566207614 2.261910567994
Ga 3.8216599505710005 0.7858651397670002 0.0
Ga 1.3179260494290002 0.7858651397670002 0.0
Ga 0.0 8.741023207613999 6.199080432006
Ga 0.0 8.741023207613999 2.261910567994
Ga 1.251866950571 5.180322139767 0.0
Ga 3.887719049429 5.180322139767 0.0
