mp-1105651.cif
Ca 2.412458172270003 0.9495909582921145 0.0
Ca 9.020316667729999 10.483183881707886 0.0
Ca 9.020316667729999 0.9495909582921145 2.97852343
Ca 2.412458172270003 10.483183881707886 2.97852343
Ca 6.665978378292114 3.3039292477299975 2.97852343
Ca 4.7667964617078855 8.128845592270002 2.97852343
Ca 6.665978378292114 8.128845592270002 0.0
Ca 4.7667964617078855 3.3039292477299975 0.0
Ca 5.71638742 0.0 4.467785145000001
Ca 5.71638742 0.0 1.489261715
Ca 8.128845592270002 6.665978378292114 2.97852343
Ca 3.3039292477299975 4.7667964617078855 2.97852343
Ca 3.3039292477299975 6.665978378292114 0.0
Ca 8.128845592270002 4.7667964617078855 0.0
Ca 0.9495909582921145 9.020316667729999 0.0
Ca 10.483183881707886 2.412458172270003 0.0
Ca 0.9495909582921145 2.412458172270003 2.97852343
Ca 10.483183881707886 9.020316667729999 2.97852343
Ca 0.0 5.71638742 1.489261715
Ca 0.0 5.71638742 4.467785145000001
Pt 7.4943491112164375 1.777961691216438 0.0
Pt 3.9384257287835625 9.654813148783562 0.0
Pt 3.9384257287835625 1.777961691216438 2.97852343
Pt 7.4943491112164375 9.654813148783562 2.97852343
Pt 0.0 0.0 4.467785145000001
Pt 0.0 0.0 1.489261715
Pt 1.777961691216438 7.4943491112164375 2.97852343
Pt 9.654813148783562 3.9384257287835625 2.97852343
Pt 9.654813148783562 7.4943491112164375 0.0
Pt 1.777961691216438 3.9384257287835625 0.0
Pt 5.71638742 5.71638742 1.489261715
Pt 5.71638742 5.71638742 4.467785145000001
