mp-1077950.cif
Tl 0.0 0.0 0.0
Tl -2.9476899719244776e-08 3.4036993047286592 2.3553529171070577
Tl 2.947690079476901 1.7018496268365848 4.710705692892942
Tl 0.0 0.0 7.06605861
Tl -2.9476899719244776e-08 3.4036993047286592 9.421411527107058
Tl 2.947690079476901 1.7018496268365848 11.776764302892943
Pd 2.9476900940490104e-08 1.7018496268365848 11.776764302892943
Pd 1.4738449955230997 0.8509248389460371 2.3553529171070577
Pd 4.4215350455230995 0.8509248389460371 2.3553529171070577
Pd 2.9476900205231003 3.4036993047286592 2.3553529171070577
Pd -1.4738450249999993 2.552774465782622 7.06605861
Pd 1.4738450250000006 2.552774465782622 7.06605861
Pd 2.94769005 0.0 7.06605861
Pd 1.473845054476902 4.254624092619207 11.776764302892943
Pd -1.4738449955230983 4.254624092619207 11.776764302892943
S -2.9476899719244776e-08 3.4036993047286592 5.465342804652073
S -2.9476899719244776e-08 3.4036993047286592 13.37748024956204
S 0.0 0.0 10.176048497545018
S 0.0 0.0 3.9560687224549835
S 2.947690079476901 1.7018496268365848 0.7546369704379583
S 2.947690079476901 1.7018496268365848 8.666774415347925
