mp-1192454.cif
Ti 0.0 0.0 0.0
Ti 0.0 0.0 6.151135345
Nb 0.0 0.0 9.2267030175
Nb 0.0 0.0 3.0755676725
Nb -3.3505270747281386e-08 5.7383927711012825 9.2267030175
Nb -1.6190666984193276 2.934087046629043 9.2267030175
Nb 1.6190666314087847 2.934087046629043 9.2267030175
Nb 3.3505272685052723 0.06489063206198474 3.0755676725
Nb 4.969593933419328 2.8691963565342244 3.0755676725
Nb 1.7314606035912166 2.8691963565342244 3.0755676725
S 3.3505272685052723 1.9344277817101445 4.669534256673334
S -3.350527165554763e-08 3.868855621453123 7.632736433326667
S -3.350527165554763e-08 3.868855621453123 10.820669601673334
S 3.3505272685052723 1.9344277817101445 1.4816010883266666
S 3.350527235000001 3.8681100736343184 10.810722231638813
S 1.6759092640981843 0.9675866647644744 10.810722231638813
S 5.025145205901816 0.9675866647644744 10.810722231638813
S 3.444402286485477e-16 1.9351733295289488 1.4915484583611869
S 1.6746179709018165 4.835696738398793 1.4915484583611869
S -1.674617970901815 4.835696738398793 1.4915484583611869
S 3.444402286485477e-16 1.9351733295289488 4.659586886638813
S 1.6746179709018165 4.835696738398793 4.659586886638813
S -1.674617970901815 4.835696738398793 4.659586886638813
S 3.350527235000001 3.8681100736343184 7.642683803361187
S 1.6759092640981843 0.9675866647644744 7.642683803361187
S 5.025145205901816 0.9675866647644744 7.642683803361187
