mp-1100809.cif
Zr 0.10672571518523903 5.581091192878531 3.290209125210254
Zr 2.848770819687889 5.713721610023115 9.786737921896574
Zr 5.888559152763291 0.1817099163424752 6.491297945648858
Cu 3.4909596434179395 4.521794343920624 3.9224562787049986
Cu 5.4681179129951305 9.417832128942203 0.8354283768824671
Cu 2.5717740846866435 6.975642903588374 2.449834733483381
Cu 3.4096404640368716 -1.3145107252355954 7.446376440815904
Cu 0.41545394835243893 -3.7446138326808884 8.874875820757227
Cu 3.3702308325715964 1.6081678247363644 7.4418532695148025
Cl 1.5827781108231014 1.701541547107246 1.0707221855812883
Cl 4.712140847529419 3.8560622293511706 2.206039946455648
Cl 1.514489472204755 5.455241547305443 1.2233556685090774
Cl 1.6654427979483226 9.143335324034139 1.047570668444322
Cl 4.761956861744409 7.4042644862827105 2.1330573861208375
Cl 1.4389253107762892 3.8242459624225424 4.390603871260948
Cl 4.456443268387967 0.07006360262153782 1.9838682059542376
Cl 1.4772513115349502 7.397595067503535 4.323418109719523
Cl 4.6820184091294825 5.787521696033443 5.287514914745747
Cl 1.3310801350631134 0.13627752240545246 4.679701237289892
Cl 4.467312418433475 -1.5910266438461578 5.513570562387514
Cl 1.4586414312052307 5.618053414278365 7.726082053800691
Cl 4.4505603918381595 1.9465843409464412 5.518984214354106
Cl 1.191250504755102 -1.6627244813317517 7.697084337512013
Cl 4.2249532713734705 -3.486933865098668 8.688272338251847
Cl 4.503966858869283 0.17007216398071826 8.755497404443451
Cl 1.1871874973742709 1.9194406620048183 7.702926321950612
Cl 4.26368522410508 3.9135688634539036 8.659914474223415
