mp-1221252.cif
Na 1.83657849 1.83657849 1.83657849
Na 3.67315698 0.0 0.0
Na 1.83657849 5.50973547 5.50973547
Na 3.67315698 3.67315698 3.67315698
Na 5.50973547 1.83657849 5.50973547
Na 0.0 0.0 3.67315698
Na 5.50973547 5.50973547 1.83657849
Na 0.0 3.67315698 0.0
Tl 0.0 0.0 0.0
Tl 0.0 3.67315698 3.67315698
Tl 3.67315698 0.0 3.67315698
Tl 3.67315698 3.67315698 0.0
Hg 1.83657849 1.83657849 5.50973547
Hg 1.83657849 5.50973547 1.83657849
Hg 5.50973547 1.83657849 1.83657849
Hg 5.50973547 5.50973547 5.50973547
