mp-1190451.cif
K 3.589171500889218 -0.1462166619507553 1.9725749159953316
K 0.031338500324219205 5.775615664159922 7.1224100807095345
K -0.17737772949815833 7.710068865468656 2.0124928051458695
K 3.797887730711596 -2.0806698632594927 7.082492191558997
K 3.692735127354786 2.656455371070919 6.4951926303817755
K -0.07222512614134816 2.972943631138247 2.5997923663230895
Zn 0.11927987822466225 1.974221659678138 9.035749359421327
Zn 3.5012301229887743 3.655177342531028 0.05923563728353879
Zn 0.6233062053526988 -0.0326250980028414 5.13703852082384
Zn 2.997203795860738 5.662024100212007 3.9579464758810268
Cl -0.012103401436931031 -1.861341678156018 6.376903255514634
Cl 3.6326134026503683 7.4907406803651835 2.718081741190232
Cl -0.07351140992545675 1.9816868021920144 5.97205818835631
Cl 3.6940214111388934 3.647712200017152 3.1229268083485566
Cl 1.7776488000481505 3.627522837428255 8.834122637029378
Cl 1.8428612011652883 2.0018761647809113 0.260862359675489
Cl 1.7795265624054397 0.17913892124287842 8.996859203575417
Cl 1.840983438807998 5.450260080966287 0.0981257931294488
Cl -1.582321754414418 3.5900364123578217 8.944162860504509
Cl 5.202831755627856 2.039362589851345 0.1508221362003568
Cl 2.9308558624891297 0.021423987209072494 5.007898828855627
Cl 0.6896541387243075 5.607975015000092 4.08708616784924
Cl -0.15214919114924805 -0.20582312862280316 2.9808176677750424
Cl 3.772659192362685 5.83522213083197 6.114167328929823
