mp-14444.cif
Hf -0.00412612195071154 0.006765506703769371 3.2513977077226763
Hf -1.1923616898533198 3.274982477014409 8.67294885015002
P 0.07543729320558583 -1.1140677440942937 6.772688513229978
P 2.4065483984850027 -0.3009240919650279 1.3535859793311413
P 4.551110468937164 0.31289691298290895 1.3516180259978832
P -0.08030039940994708 1.1117478678280157 6.777055404496206
S 1.30587314800627 1.3837227564677848 1.546062790573293
S 3.2708064162417325 5.176039714806033 1.5484073945142005
S -3.187240661308284 4.922623010193087 5.01685389202102
S 0.8046115113818114 1.6282790074666802 5.022269288347644
S 2.441132399154707 -1.9554957257838932 10.439301707994014
S -2.4497127363040825 1.9689083284526154 10.444583601038744
S 0.9233897440332377 1.8896180159528195 8.338717690247638
S -0.9293129864001033 -1.8934359491008323 8.333668641675878
S -0.3609921689530465 5.039853471183238 2.9167685323494994
S 4.938955664999069 1.524505829211718 2.912618434796111
S 2.03514594940432 -1.5736905342935315 6.9661741364365275
S -2.0396301512918305 1.5705276708563525 6.970583974331213
