mp-1217383.cif
Te 29.21368682634912 2.032161 3.727323513376165
Te 25.639464026241026 0.0 3.751997795553194
Te 22.047951438170337 2.032161 3.7429768697884302
Te 33.915211448338205 2.032161 1.378622979999964
Te 30.414754523908027 0.0 1.3244717977813703
Te 26.822325386097123 2.032161 1.3646354195385781
Te 23.229331779142477 0.0 1.356255184524153
Te 19.70805221636161 2.032161 1.3969723630896533
Te 11.593485826349122 0.0 3.727323513376165
Te 8.019263026241022 2.032161 3.751997795553194
Te 4.427750438170327 0.0 3.7429768697884302
Te 16.295010448338196 0.0 1.378622979999964
Te 12.794553523908029 2.032161 1.3244717977813703
Te 9.202124386097124 0.0 1.3646354195385781
Te 5.6091307791424745 2.032161 1.356255184524153
Te 2.0878512163616114 0.0 1.3969723630896533
Pd 35.01987388626003 0.0 5.08917064676927
Pd 31.599062301877527 2.032161 5.082584345855793
Pd 28.018482738706144 0.0 5.116633215091772
Pd 24.434776591960354 2.032161 5.11937537150322
Pd 20.843002856740434 0.0 5.120405602229764
Pd 17.399672886260028 2.032161 5.08917064676927
Pd 13.97886130187752 0.0 5.082584345855793
Pd 10.398281738706142 2.032161 5.116633215091772
Pd 6.814575591960354 0.0 5.11937537150322
Pd 3.2228018567404333 2.032161 5.120405602229764
Se 32.72615217482953 0.0 3.836394706713759
Se 18.537857068722374 0.0 3.847440215249591
Se 15.105951174829524 2.032161 3.836394706713759
Se 0.9176560687223746 2.032161 3.847440215249591
