mp-1224427.cif
Hf 2.4326561143265613 1.4044946343623355 3.45314077235
Hf -2.432655986702173e-08 2.8089893108595105 4.492877227649999
Ta -2.432655986702173e-08 2.8089893108595105 7.478100838033997
Ta 2.4326561143265613 1.4044946343623355 0.46791716196599986
Fe 0.0 0.0 3.973008999999999
Fe 0.0 0.0 0.0
Fe 1.2051378269860007 3.5047759456355316 1.9492297295619994
Fe -1.2051378269859994 3.5047759456355316 1.9492297295619994
Fe 3.1627351755236786e-16 1.4174159991726294 1.9492297295619994
Fe 1.227518263014 0.7087079995863147 5.996788270437998
Fe 3.6377939169860003 0.7087079995863147 5.996788270437998
Fe 2.432656090000001 2.796067946049218 5.996788270437998
