mp-1217079.cif
Ti 3.514924185 2.030866845 4.32123849661652
Ti 1.171641395 2.030866845 2.16487738338348
Ti 1.171641395 6.092600534999997 4.32123849661652
Ti 3.514924185 6.092600534999997 2.16487738338348
Si 2.34328279 2.716165233921035 0.0
Si 1.1081192633377779 0.6479300327996663 4.328352468513704
Si 3.578446316662222 0.6479300327996663 2.157763411486296
Si 0.0 1.3455684560789645 0.0
Si 1.2351635266622223 3.413803657200332 4.328352468513704
Si 3.451402053337778 3.413803657200332 2.157763411486296
Si 0.0 6.777898923921033 0.0
Si 3.451402053337778 4.709663722799666 4.328352468513704
Si 1.2351635266622223 4.709663722799666 2.157763411486296
Si 2.34328279 5.4073021460789645 0.0
Si 3.578446316662222 7.475537347200333 4.328352468513704
Si 1.1081192633377779 7.475537347200333 2.157763411486296
Mo 2.34328279 0.0 0.0
Mo 0.0 4.06173369 0.0
