mp-1183158.cif
Al 3.01037301 0.0 0.0
Al 3.01037301 3.01037301 3.01037301
Al 0.0 0.0 3.01037301
Al 0.0 3.01037301 0.0
Ga 0.0 0.0 0.0
Ga 0.0 3.01037301 3.01037301
Ga 3.01037301 0.0 3.01037301
Ga 3.01037301 3.01037301 0.0
Ir 1.505186505 4.515559515 4.515559515
Ir 1.505186505 1.505186505 4.515559515
Ir 1.505186505 1.505186505 1.505186505
Ir 1.505186505 4.515559515 1.505186505
Ir 4.515559515 4.515559515 1.505186505
Ir 4.515559515 1.505186505 1.505186505
Ir 4.515559515 1.505186505 4.515559515
Ir 4.515559515 4.515559515 4.515559515
