mp-1079600.cif
Cs 3.876064709999999 4.3895363220730985 7.966059622733315
Cs 3.876064709999999 6.662421377926902 3.859049102733317
Cs 3.876064709999999 10.27797550836103 5.670290026179557
Cs 3.876064709999999 0.7739821916389711 1.5632795061795568
Cs 0.0 9.9155151720731 7.966059622733315
Cs 0.0 1.1364425279269021 3.859049102733317
Cs 0.0 4.75199665836103 5.670290026179557
Cs 0.0 6.299961041638971 1.5632795061795568
S 1.6833431198223776 1.8246243932360011 7.011392337838043
S 6.068786300177622 1.8246243932360011 7.011392337838043
S 6.068786300177622 9.227333306764 2.9043818178380416
S 1.6833431198223776 9.227333306764 2.9043818178380416
S 3.876064709999999 7.801267375094824 8.149906827333123
S 3.876064709999999 3.250690324905177 4.042896307333122
S 5.559407829822376 7.350603243236002 7.011392337838043
S 2.192721590177622 7.350603243236002 7.011392337838043
S 2.192721590177622 3.7013544567639993 2.9043818178380416
S 5.559407829822376 3.7013544567639993 2.9043818178380416
S 0.0 2.2752885250948234 8.149906827333123
S 0.0 8.776669174905178 4.042896307333122
