mp-1217791.cif
Ta 2.3963240389632396 1.3835183012906316 7.772895067338
Ta -2.3963240203439978e-08 2.767036644086813 0.550313932662
Ta -2.3963240203439978e-08 2.767036644086813 3.611290567338
Ta 2.3963240389632396 1.3835183012906316 4.711918432662
Cr 3.142659778794155e-16 1.421083604418111 6.242406750000001
Cr 1.1656295126723606 3.440013143168388 6.242406750000001
Cr -1.165629512672359 3.440013143168388 6.242406750000001
Cr 2.3963240150000007 2.7294713409593334 2.08080225
Cr 1.23069450232764 0.7105418022090555 2.08080225
Cr 3.56195352767236 0.7105418022090555 2.08080225
Cu 0.0 0.0 0.0
Cu 0.0 0.0 4.1616045
