mp-1105752.cif
Ca 2.2156349876393255 4.296014842295695 2.018081045
Ca 0.5611351523606745 0.27989188229569745 2.018081045
Ca 3.337905292360674 3.7362310777043013 6.054243135
Ca 4.9924051276393255 7.752354037704302 6.054243135
Cd 5.024906444632387 5.404447831216807 0.44508624073315584
Cd 3.305403975367614 1.3883248712168064 3.5910758492668444
Cd 0.5286338353676137 2.6277980887831935 4.481248330733156
Cd 2.2481363046323866 6.643921048783191 7.627237939266845
Cd 0.5286338353676137 2.6277980887831935 7.627237939266845
Cd 2.2481363046323866 6.643921048783191 4.481248330733156
Cd 5.024906444632387 5.404447831216807 3.5910758492668444
Cd 3.305403975367614 1.3883248712168064 0.44508624073315584
Pd 3.439029540712986 7.068379220886071 2.018081045
Pd 4.891280879287014 3.0522562608860717 2.018081045
Pd 2.114510739287014 0.963866699113928 6.054243135
Pd 0.662259400712986 4.979989659113928 6.054243135
