mp-1077503.cif
Ti 1.765105025 8.153289803137307 2.6738804775
Ti 0.0 12.124554801862699 0.8912934925
Ti 0.0 1.3940082681373056 2.6738804775
Ti 1.765105025 5.365273266862697 0.8912934925
Si 1.765105025 12.731087169256053 2.6738804775
Si 0.0 7.5467574357439515 0.8912934925
Si 0.0 10.1431782165257 2.6738804775
Si 1.765105025 10.134666388474306 0.8912934925
Si 0.0 5.97180563425605 2.6738804775
Si 1.765105025 0.7874759007439516 0.8912934925
Si 1.765105025 3.383896681525698 2.6738804775
Si 0.0 3.3753848534743027 0.8912934925
