mp-1228758.cif
As -1.980148641124261e-08 2.286478821807888 3.240472946476124
As 0.0 0.0 9.721418645
As 1.9801487548014873 1.1432393937553533 16.202364343523875
P 0.0 0.0 0.0
P 1.9801487548014873 1.1432393937553533 6.480945698523875
P -1.980148641124261e-08 2.286478821807888 12.961891591476125
Rh -1.980148641124261e-08 2.286478821807888 0.7556246785832039
Rh 1.9801487548014873 1.1432393937553533 4.115575610061734
Rh 0.0 0.0 2.3653700884621416
Rh -1.980148641124261e-08 2.286478821807888 5.725321214369044
Rh 0.0 0.0 7.236570377107079
Rh -1.980148641124261e-08 2.286478821807888 10.596521503013983
Rh 1.9801487548014873 1.1432393937553533 8.846315786986017
Rh 0.0 0.0 12.206266912892922
Rh 1.9801487548014873 1.1432393937553533 13.717516075630954
Rh 0.0 0.0 17.077467201537857
Rh -1.980148641124261e-08 2.286478821807888 15.327261679938266
Rh 1.9801487548014873 1.1432393937553533 18.687212611416797
