mp-1217942.cif
Ta 5.500112193335046 4.635350557311852 6.325528052567205
Ta 9.169272887206938 7.575791991976227 0.004598074894235981
Ta 5.494342787937753 7.576387341009441 0.00288157885054634
Nb 3.651473328513989 6.532081262909996 2.5606385591858
Nb 7.329836553387019 6.531672527174615 2.561296697565245
Nb 9.177399585585142 4.631595048779325 6.337587993682455
Te 7.333079432864792 5.415871395352648 0.10567567871046794
Te 3.6564730299603387 5.413310515585428 0.10973123412975538
Te 5.496110750521954 5.75606567623346 8.772166371918738
Te 9.174598493183828 5.751747974449074 8.790549777733796
Te 7.3277615462376575 2.579530787089564 6.164853350363593
Te 3.6626050492144726 2.579123268099416 6.16714794092977
Te 5.494382124206208 8.59177434242899 2.722256000149158
Te 9.174535607946131 8.592641692020852 2.7234477642416675
Te 5.4990584388074515 4.498337482034229 3.4087832675299388
Te 9.176980899854613 4.502660183650134 3.4075915034374287
Te 7.327561538278127 6.658895473881107 5.4929652150445385
Te 3.6547117791730783 6.656998894857574 5.492396014283937
