mp-1106381.cif
Na 1.3805710818780825 2.285564676352656 6.8710333187054875
Na -2.934931292383477 5.210886911352657 8.50636579056335
Na -0.3486944855483457 3.5650797936473433 3.380566087473739
Na 3.9668078887132143 0.6397575586473434 1.745233615615874
Na -0.2568675015144702 3.880880147217423 9.917398598245706
Na -1.2974927089909238 0.9555579122174228 5.460000511023133
Na 1.2887440978442077 1.9697643227825772 0.33420080793351997
Na 2.3293693053206614 4.895086557782576 4.791598895156093
As 0.549097376598347 5.228197915223382 7.283967742786387
As -2.1034575871037413 2.302875680223382 8.093431366482452
As 0.4827792197313909 0.6224465547766178 2.9676316633928392
As 3.1353341834334785 3.547768789776617 2.1581680396967733
As -0.28959514430507305 0.9424410013414616 9.03749992560557
As -1.2647650662003214 3.867763236341461 6.339899183663269
As 1.32147174063481 4.908203468658538 1.2140994805736574
As 2.296641662530059 1.9828812336585384 3.9117002225159556
