mp-1205337.cif
Ca 7.808617841109413 6.178953114416504 6.2654950999855785
Ca 4.7769685284011905 6.178953114416504 3.417454942782291
Ca 4.799108848564322 3.646004085583496 0.18980492852633463
Ca 7.830758161272545 3.646004085583496 3.037845085729622
Ca 6.314933504918434 8.853341441104137 1.6138250071279783
Ca 6.292793184755302 0.971615758895864 4.841475021383935
Ca 1.4826141761094132 1.266474514416504 6.2654950999855785
Ca 11.102972193401191 1.266474514416504 3.417454942782291
Ca 11.125112513564325 8.558482685583495 0.18980492852633463
Ca 1.5047544962725452 8.558482685583495 3.037845085729622
Ca -0.011070160081565998 3.940862841104136 1.6138250071279783
Ca -0.03321048024469799 5.884094358895864 4.841475021383935
Al 3.730734942284046 1.218595238240748 2.6522942869547124
Al 8.899132067552822 1.218595238240748 0.5753557273012442
Al 8.87699174738969 8.606361961759251 3.8030057415572007
Al 3.7085946221209136 8.606361961759251 5.879944301210669
Al 10.056738607284046 6.131073838240749 2.6522942869547124
Al 2.5731284025528223 6.131073838240749 0.5753557273012442
Al 2.5509880823896904 3.693883361759252 3.8030057415572007
Al 10.034598287120915 3.693883361759252 5.879944301210669
P 7.747511088862795 6.602826330417503 3.074792963737814
P 4.8823559209740734 6.602826330417503 0.1528570505181424
P 4.860215600810942 3.222130869582496 3.380507064774099
P 7.725370768699663 3.222130869582496 6.3024429779937705
P 4.346786458835276 0.8417090940521721 0.41373263755638356
P 8.283080551001591 0.8417090940521721 2.813917376699573
P 8.26094023083846 8.983248105947828 6.04156739095553
P 4.324646138672144 8.983248105947828 3.64138265181234
P 1.421507423862794 1.690347730417504 3.074792963737814
P 11.208359459454002 1.690347730417504 0.1528570505181424
P 11.18621913929087 8.134609469582497 3.380507064774099
P 1.399367103699662 8.134609469582497 6.3024429779937705
P 10.672790123835277 5.754187694052172 0.41373263755638356
P 1.9570768860015917 5.754187694052172 2.813917376699573
P 1.9349365658384596 4.070769505947828 6.04156739095553
P 10.650649803672144 4.070769505947828 3.64138265181234
