mp-1188725.cif
Y -4.227098859960966e-08 4.881033457752537 3.99069817617408
Y -4.227098859960966e-08 4.881033457752537 0.17390990711808
Y 0.0 0.0 8.155306134527999
Y 0.0 0.0 4.338517865471999
Y 4.2270989922709905 2.4405166922685178 12.31991409288192
Y 4.2270989922709905 2.4405166922685178 8.50312582382592
Ga -4.227098859960966e-08 4.881033457752537 7.04441365060608
Ga -4.227098859960966e-08 4.881033457752537 9.61401843268608
Ga 0.0 0.0 11.20902160896
Ga 0.0 0.0 1.28480239104
Ga 4.2270989922709905 2.4405166922685178 2.87980556731392
Ga 4.2270989922709905 2.4405166922685178 5.44941034939392
Fe 4.2270990363359974e-08 2.4405166922685178 10.411519958353919
Fe 6.340648382729011 1.2202583827420095 2.08230404164608
Fe 2.1135494327290107 1.2202583827420095 2.08230404164608
Fe 6.75799840080239 2.4405166922685178 4.16460795835392
Fe 2.9616492457343004 5.129726967809852 0.0
Fe -1.2654497042656996 2.1918231822112033 0.0
Fe 1.265449704265701 2.1918231822112033 0.0
Fe -2.9616492457342987 5.129726967809852 0.0
Fe 1.6961995837395893 2.4405166922685178 4.16460795835392
Fe 4.22709901223629e-08 2.4469157270996362 2.18121339835392
Fe -2.1080077060055586 6.098092249863486 2.18121339835392
Fe 2.108007790547539 6.098092249863486 2.18121339835392
Fe 2.029960432143696e-15 7.315151115189936 1.98339456
Fe 2.108007748276551 3.6639745924260865 1.98339456
Fe -2.1080077482765494 3.6639745924260865 1.98339456
Fe 4.227098907729012 4.881033457752537 2.08230404164608
Fe 2.113549475000001 3.6607750750105272 6.246912
Fe -2.1135494749999992 3.6607750750105272 6.246912
Fe 2.530899366260412 4.881033457752537 8.329216041646081
Fe 2.9616492880052894 0.24869351005731463 4.16460795835392
Fe 2.961649288005291 4.632339874479721 4.16460795835392
Fe 5.492548696536691 4.632339874479721 4.16460795835392
Fe 5.49254869653669 0.24869351005731463 4.16460795835392
Fe -2.5308994508023885 4.881033457752537 8.329216041646081
Fe 4.22709890772901 4.887432492583655 6.345821481646079
Fe 6.34619010945246 1.2170588653264502 6.345821481646079
Fe 2.108007706005561 1.2170588653264502 6.345821481646079
Fe 4.2270990172874354e-08 2.4341176574373993 6.14800251835392
Fe -2.11909115945246 6.104491284694604 6.14800251835392
Fe 2.1190912439944385 6.104491284694604 6.14800251835392
Fe 4.22709895 0.0 6.246912
Fe -2.113549432729009 6.1012917672790445 10.411519958353919
Fe 2.1135495172709913 6.1012917672790445 10.411519958353919
Fe 2.5308994085314005 0.0 0.0
Fe -1.265449746536689 2.689210275541334 8.329216041646081
Fe -1.2654497465366887 7.0728566399637405 8.329216041646081
Fe 1.2654496619947126 7.0728566399637405 8.329216041646081
Fe 1.265449661994711 2.689210275541334 8.329216041646081
Fe 5.923298491468599 0.0 0.0
Fe 4.227098949999999 0.006399034831118401 10.510429440000001
Fe 2.11909120172345 3.657575557594968 10.510429440000001
Fe 6.335106698276552 3.657575557594968 10.510429440000001
Fe 4.227098907729012 4.874634422921418 10.31261060164608
Fe 6.335106656005561 1.223457900157569 10.31261060164608
Fe 2.1190911594524597 1.223457900157569 10.31261060164608
