mp-1189472.cif
Al 1.39933600399336 0.8079070024341614 17.82300225
Al -1.3993359526525436e-08 1.6158140291055332 5.94100075
V 1.39933600399336 0.8079070024341614 22.466060684145997
V -1.3993359526525436e-08 1.6158140291055332 1.297942315854
V -1.3993359526525436e-08 1.6158140291055332 10.584059184146
V 1.39933600399336 0.8079070024341614 13.179943815854001
V 1.39933600399336 0.8079070024341614 8.083183036432
V -1.3993359526525436e-08 1.6158140291055332 15.680819963567998
V -1.3993359526525436e-08 1.6158140291055332 19.965184536431998
V 1.39933600399336 0.8079070024341614 3.798818463568
N 0.0 0.0 0.0
N 0.0 0.0 11.8820015
N 0.0 0.0 21.186202774574998
N 0.0 0.0 2.577800225425
N 0.0 0.0 9.304201274575
N 0.0 0.0 14.459801725424999
