mp-16315.cif
Ge -0.005629310258188237 3.912382495 1.9972313885578137
Ge 3.9287412315511485 3.912382495 1.9981789400713517
Ge 3.909473424741811 0.0 1.9972313885578137
Ge 0.013638496551149216 0.0 1.9981789400713517
Pt -1.953546774353519 1.9624483990719033 1.9977051643145824
Pt -1.953546774353519 5.8623165909280965 1.9977051643145824
Pt 2.422297070521267 3.912382495 3.9863507357089984
Pt 1.5008148507716914 3.912382495 0.009059592920166634
Pt 0.0 6.325733289611253 0.0
Pt 0.0 1.499031700388747 0.0
Pt 1.9615559606464805 5.874830894071905 1.9977051643145824
Pt 1.9615559606464805 1.949934095928097 1.9977051643145824
Pt -1.4928056644787304 0.0 3.9863507357089984
Pt 5.415917585771689 0.0 0.009059592920166634
Pt 3.915102735 2.413350794611254 0.0
Pt 3.915102735 5.411414195388749 0.0
