mp-1213816.cif
Cr 0.99678925 3.231760270808 1.4076898389499994
Cr 2.99036775 2.8286917291919993 5.90840516105
Cr 2.99036775 5.858917729192 5.06573733895
Cr 0.99678925 0.201534270808 2.25035766105
As 0.99678925 4.555314503992 6.4494450184900005
As 2.99036775 1.505137496008 0.86664998151
As 2.99036775 4.5353634960079985 2.791397518489999
As 0.99678925 1.525088503992 4.52469748151
Ru 0.99678925 3.9825230041159996 4.090948157244999
Ru 2.99036775 2.0779289958839993 3.225146842754999
Ru 2.99036775 5.108154995884 0.4329006572449999
Ru 0.99678925 0.9522970041159999 6.883194342754998
