mp-1215466.cif
Zn -2.127226978658787e-08 2.4563102033039446 3.4989479541607937
Zn 0.0 0.0 10.463580567847801
Zn 2.1272270462722704 1.2281550832296457 17.428213181534808
Hg 2.1272270462722704 1.2281550832296457 6.924934207392007
Hg -2.127226978658787e-08 2.4563102033039446 13.889567030017997
Hg 0.0 0.0 20.854199643705
Se 2.1272270462722704 1.2281550832296457 4.229287056573208
Se -2.127226978658787e-08 2.4563102033039446 1.0172543193739938
Se -2.127226978658787e-08 2.4563102033039446 11.193919879199193
Se 0.0 0.0 7.981886933061003
Se 0.0 0.0 18.1585524928862
Se 2.1272270462722704 1.2281550832296457 14.946519546748007
