mp-1220586.cif
Nb 0.8934357347624003 1.547476085906108 0.0
Nb 5.2747451504752 0.0 0.0
Nb -2.6373725752375985 4.568063298800294 0.0
Nb 4.4242440800704825 3.5859891937564448 2.8917176844161565
Nb 1.7439368757832834 2.0385131078503362 2.8917176844161565
Nb 4.4242440800704825 0.4910370219442281 2.8917176844161565
Nb 0.8934356994543187 5.624502362762175 5.783435455583844
Nb -1.7868715048328816 4.077026276856067 5.783435455583844
Nb 0.8934356994543176 2.529550190949958 5.783435455583844
V 2.6579325073348135 0.5266478077813735 7.229294254416157
V 5.276560021254623 2.0385131078503362 7.229294254416157
V 2.657932507334814 3.550378407919299 7.229294254416157
V -0.8728758732813522 2.5651609767871038 1.445858885583844
V 1.7457516406384588 4.077026276856067 1.445858885583844
V -0.8728758732813516 5.58889157692503 1.445858885583844
V 2.657932472026731 4.60367408463744 4.33757657
V 1.74575167594654 0.0 4.33757657
V -0.8728758379732695 1.5118653000689628 4.33757657
Ir 3.5308083453080834 2.0385131078503362 0.6912564153020162
Ir 3.5308083453080834 2.0385131078503362 5.092178953530297
Ir -3.530808208677818e-08 4.077026276856067 3.5829741864697042
Ir -3.530808208677818e-08 4.077026276856067 7.983896724697984
Ir 0.0 0.0 6.474691870885861
Ir 0.0 0.0 2.2004612691141405
