mp-1247294.cif
Ca 6.202189821879145 3.5506582220739795 1.3865555440307056
Ca 3.542411211561448 4.332739478695605 6.867536878401082
Ca 6.383386929209618 3.458925551751885 8.068440220093512
Ca 3.361214104230975 4.4244721490177 0.1856522023382749
Ca 6.317880694094562 4.0170905611261025 4.719714809423765
Ca 3.4267203393460295 3.8663071396434834 3.534377613008024
Ca 4.45607620455099 6.7571734647664545 5.077131373435875
Ca 5.288524828889602 1.1262242360031294 3.1769610489959126
Mn 7.349254453378571 6.454697081333666 6.224815628825434
Mn 2.3953465800620197 1.4287006194359204 2.029276793606353
N 8.295123771689608 5.350482683503877 5.051337912402245
N 1.4494772617509848 2.5329150172657084 3.2027545100295423
N 8.694094799454707 6.701618542851499 7.514720785585841
N 1.0505062339858853 1.1817791579180874 0.7393716368459461
N 5.827660112175086 5.4142736890458885 6.628668065987663
N 3.916940921265506 2.4691240117236966 1.6254243564441249
N 5.272760829417341 5.466503002085655 2.8752129732130296
N 4.471840204023253 2.4168946986839313 5.378879449218758
