mp-1219419.cif
Sc -6.284573726903358e-08 7.256800919418706 0.0
Sc 6.284573977845741 3.628400405283346 0.0
Sc 10.32101974242498 0.0 1.9480157849999995
Sc -5.160509871212487 8.938265289900757 1.9480157849999995
Sc 1.1240640437875111 1.9469360348012954 1.9480157849999995
P 2.217132317643284 0.0 0.0
P -1.1085661588216416 1.9200929106305535 0.0
P 5.176007756178357 8.9651084140715 0.0
P -0.8919326853070682 5.267447214391285 1.9480157849999995
P 2.1687970940513686 7.479041462416831 1.9480157849999995
P -1.2768645972815145 9.023914081448003 1.9480157849999995
P 5.392641355384411 5.617754110310767 1.9480157849999995
P 8.453371134742847 3.4061598622852225 1.9480157849999995
P 5.007709443409964 1.8612872432540493 1.9480157849999995
P 8.131798725835951 0.0 0.0
P -4.065899362917974 7.042344275035863 0.0
P 2.218674552082026 3.842857049666189 0.0
Ir 5.858972011392021 0.0 0.0
Ir -2.92948600569601 5.074018601927502 0.0
Ir 3.35508790930399 5.81118272277455 0.0
Ir 1.397225688524031 5.392204357257921 1.9480157849999995
Ir 0.9161750521097479 9.399132196007118 1.9480157849999995
Ir -2.313400929170992 6.979066204991078 1.9480157849999995
Ir 7.681799729215507 5.492996967444132 1.9480157849999995
Ir 7.200749092801225 1.4860691286949337 1.9480157849999995
Ir 3.971173111520486 3.9061351197109735 1.9480157849999995
Ir -0.06250291564293586 4.04424209118625 0.0
Ir 2.8134089199541346 8.808951275203562 0.0
Ir -2.7509061928484133 8.917209391866306 0.0
Ir 6.222071125048539 6.840959233515802 0.0
Ir 9.097982960645613 2.0762500494984906 0.0
Ir 3.5336678478430636 1.967991932835746 0.0
Ir 3.581962661624706 0.0 1.9480157849999995
Ir -1.7909813308123526 3.1020706603743196 1.9480157849999995
Ir 4.493592584187649 7.783130664327733 1.9480157849999995
Ir 0.0 0.0 0.0
