mp-1219522.cif
Ru 0.0 0.0 0.0
Ru 1.3612740636127407 0.7859319313490327 11.047517896191488
Ru -1.3612740072302642e-08 1.5718638862760237 22.095036123808512
Rh -1.3612740072302642e-08 1.5718638862760237 2.174140606669173
Rh 1.3612740636127407 0.7859319313490327 4.425337320009306
Rh 0.0 0.0 6.6221805761821795
Rh -1.3612740072302642e-08 1.5718638862760237 8.873377620947853
Rh 0.0 0.0 13.22165850286066
Rh -1.3612740072302642e-08 1.5718638862760237 15.472855547626333
Rh 1.3612740636127407 0.7859319313490327 17.669698472373664
Rh 0.0 0.0 19.92089551713934
Rh 1.3612740636127407 0.7859319313490327 24.269176399052146
Rh 0.0 0.0 26.520373443817817
Rh -1.3612740072302642e-08 1.5718638862760237 28.717216699990693
Rh 1.3612740636127407 0.7859319313490327 30.968413413330826
