mp-13923.cif
Sn -1.9856504979343164 1.0311451309359496 4.356553227561303
Sn -5.275541287281722 6.54027062906405 9.2787301465059
Sn -1.5949137353217548 2.996990471714496 9.445734293414617
Sn 1.6949770540256521 4.574425288285504 4.523557374470021
P -1.224166419612957 4.879837725789449 6.778755603382094
P 2.0657243697344496 2.69157803421055 1.8565786844374963
P -2.0081452346308613 6.536247860156605 8.053526675613883
P 1.281745554716545 1.0351678998433953 3.131349756669285
S 3.769788771978957 3.2631169528362145 2.824141928627196
S 0.4798979826315509 4.308298807163786 7.746318847571794
S 0.7035373407447882 4.171299717548405 2.064425972540694
S -2.5863534486026176 3.4001160424515953 6.986602891485291
S 1.0395783096354407 1.877982165164208 4.952721487815109
S 4.329469098982846 5.693433594835794 0.0305445688705107
S -0.42959227461358995 0.3596076472299768 2.29413353433277
S -3.7194830639609964 7.211808112770023 7.216310453277366
S 2.735918921954163 7.195700304311411 3.020985198010401
S -0.5539718673932429 0.3757154556885888 7.943162116954999
S -4.267312155464953 2.0281499910684833 9.828254283179172
S -0.9774213661175472 5.543265768931517 4.906077364234575
