mp-1397.cif
Rb 4.1606660175000005 4.275287724094292 3.6177628535399995
Rb 1.3868886725 4.8242750859057075 7.474777946460001
Rb 4.1606660175000005 8.825069129094292 1.9285075464599999
Rb 1.3868886725 0.2744936809057079 9.16403325354
Rb 4.1606660175000005 3.2086093998307774 10.303358213320129
Rb 1.3868886725 5.890953410169222 0.7891825866798721
Rb 4.1606660175000005 7.758390804830778 6.335452986679871
Rb 1.3868886725 1.3411720051692222 4.757087813320128
Te 4.1606660175000005 2.289398408474867 6.847975847714497
Te 1.3868886725 6.810164401525132 4.244564952285504
Te 4.1606660175000005 6.839179813474868 9.790835352285502
Te 1.3868886725 2.2603829965251325 1.301705447714496
