mp-1215529.cif
Zn 0.0 0.0 0.0
Zn 1.2834379978343804 0.7409932587180081 8.377640172890263
Zn -1.2834379487002204e-08 1.4819865396658147 16.755280597109735
Cu 0.0 0.0 6.24544334878072
Cu -1.2834379487002204e-08 1.4819865396658147 4.188820212109736
Cu 1.2834379978343804 0.7409932587180081 2.1321968241095437
Cu 1.2834379978343804 0.7409932587180081 14.623083521670983
Cu 0.0 0.0 12.566460385
Cu -1.2834379487002204e-08 1.4819865396658147 10.509837248329015
Cu -1.2834379487002204e-08 1.4819865396658147 23.000723945890456
Cu 1.2834379978343804 0.7409932587180081 20.944100557890263
Cu 0.0 0.0 18.887477421219277
