mp-11609.cif
Sb 5.683004262856077 2.4026067225 3.0943554544489467
Sb -1.676646750880465 0.8008689075 6.038538819677377
Mo 3.61553689236026 2.4026067225 8.09451944813006
Mo 3.1090558022525943 2.4026067225 4.380766172246957
Mo 0.39082061961535164 0.8008689075 1.0383748259962648
Mo 0.8973017097230183 0.8008689075 4.752128101879367
S 4.81477842550618 0.8008689075 0.057378230237683285
S 2.314480784680452 0.8008689075 2.8432236028172153
S -0.8084209135305681 2.4026067225 9.07551604388864
S 1.6918767272951605 2.4026067225 6.289670671309108
