mp-1189633.cif
Sb 1.9387009999999996 1.954657603765 8.721075661578
Sb 0.0 7.561790103765 3.480038338422
Sb 0.0 5.22959305451 7.374633927222001
Sb 1.9387009999999996 10.83672555451 4.826480072778001
Sb 0.0 9.315005865335 9.52510467195
Sb 1.9387009999999996 3.707873365335 2.67600932805
Sb 1.9387009999999996 5.9694317593549995 10.799462224794
Sb 0.0 0.362299259355 1.4016517752060003
S 0.0 0.626148486275 7.660920866118001
S 1.9387009999999996 6.233280986274999 4.540193133882
S 1.9387009999999996 3.4745605820099996 6.679719479351999
S 0.0 9.08169308201 5.521394520648001
S 0.0 4.179231351814999 9.633767793234
S 1.9387009999999996 9.786363851814999 2.567346206766
S 1.9387009999999996 10.550683297154999 10.663615021518
S 0.0 4.943550797155 1.537498978482
S 0.0 7.685718946279999 11.508725182728
S 1.9387009999999996 2.0785864462799997 0.6923888172720001
S 1.9387009999999996 6.9858142391 8.532043802376
S 0.0 1.3786817391 3.669070197624
