mp-15670.cif
Y 6.619696409765477 1.9049193699999996 4.731761118937988
Y 9.710582582355414 0.0 6.493544290705848
Y 9.732992264307986 1.9049193699999996 2.1075131491283456
Y 6.5972867278129055 0.0 9.11779226051549
Y 0.0 0.0 0.0
Y 0.19568904976547744 0.0 4.731761118937988
Y 3.286575222355415 1.9049193699999996 6.493544290705848
Y 3.308984904307986 0.0 2.1075131491283456
Y 0.17327936781290576 1.9049193699999996 9.11779226051549
Y 6.42400736 1.9049193699999996 0.0
S 7.852929068301491 1.9049193699999996 7.262760364456665
S 8.477349923819402 0.0 3.962545045187171
S 11.683812390495412 0.0 2.4121179853370065
S 4.646466601625479 1.9049193699999996 8.813187424306829
S 8.312888761771251 0.0 0.5769598189876313
S -1.470871543939554 1.9049193699999996 5.612652704821918
S 8.017390230349642 1.9049193699999996 10.648345590656206
S 1.4289217083014918 0.0 7.262760364456665
S 2.0533425638194007 1.9049193699999996 3.962545045187171
S 5.2598050304954125 1.9049193699999996 2.4121179853370065
S -1.7775407583745209 0.0 8.813187424306829
S 1.8888814017712503 1.9049193699999996 0.5769598189876313
S 4.9531358160604455 0.0 5.612652704821918
S 1.5933828703496415 0.0 10.648345590656206
