mp-1203353.cif
Sr 5.664424666266 1.5926233091999995 6.665020484820001
Sr 1.3564711662660005 2.920591690799999 2.1887375151799997
Sr 2.951482333734 7.433806690799998 15.518778484819999
Sr 7.259435833734 6.1058383092 11.04249551518
Sr 2.951482333734 7.433806690799998 11.04249551518
Sr 7.259435833734 6.1058383092 15.518778484819999
Sr 5.664424666266 1.5926233091999995 2.1887375151799997
Sr 1.3564711662660005 2.920591690799999 6.665020484820001
Sr 4.2700090455719995 6.12291631476 7.128072028219999
Sr 8.577962545572 7.416728685239997 1.7256859717800004
Sr 4.345897954428 2.90351368524 15.98183002822
Sr 0.037944454428 1.60970131476 10.579443971779998
Sr 4.345897954428 2.90351368524 10.579443971779998
Sr 0.037944454428 1.60970131476 15.98183002822
Sr 4.2700090455719995 6.12291631476 1.7256859717800004
Sr 8.577962545572 7.416728685239997 7.128072028219999
Sr 7.124588273276999 4.55405959575 4.426879
Sr 2.816634773277 8.98558540425 4.426879
Sr 1.491318726723 4.472370404249999 13.280636999999999
Sr 5.799272226723001 0.040844595750000004 13.280636999999999
Pb 5.792284726146001 8.80278214389 9.523686452827999
Pb 1.4843312261459998 4.73686285611 17.037587547172
Pb 2.823622273854 0.22364785610999996 0.6699284528280001
Pb 7.131575773853999 4.28956714389 8.183829547172
Pb 2.823622273854 0.22364785610999996 8.183829547172
Pb 7.131575773853999 4.28956714389 0.6699284528280001
Pb 5.792284726146001 8.80278214389 17.037587547172
Pb 1.4843312261459998 4.73686285611 9.523686452827999
Pb 3.9092007081330005 3.54470614029 4.426879
Pb 8.217154208133 0.96850885971 4.426879
Pb 4.706706291867 5.48172385971 13.280636999999999
Pb 0.398752791867 8.05792114029 13.280636999999999
Pb 6.050555154378 7.79587485096 4.426879
Pb 1.7426016543779999 5.743770149039999 4.426879
Pb 2.565351845622 1.23055514904 13.280636999999999
Pb 6.873305345622 3.2826598509599987 13.280636999999999
