mp-1220436.cif
Nb -1.1747189992625104 9.852103076352 2.0567889983703007
Nb 1.1863435007374896 5.469506493568001 2.0567889983703007
Nb 1.1863435007374896 12.048294813823997 2.0567889983703007
Si -0.01601264244415257 1.1058925405439997 1.3326717500260559
Si 0.011295053777309032 7.663241655424 1.3200142705300846
Si 1.2185900796537892 3.272171857279999 3.4576556444263224
Si 1.232146666362207 9.839793924735996 3.46160879288119
Si -1.2094823474435796 5.473250472447998 3.4398932146363963
Si -1.2084186809372433 12.056124327552 3.4687211692375546
Si 2.388699643919131 1.1058925405439997 2.7809062467145447
Si 2.3613919476976704 7.663241655424 2.7935637262105164
Si 1.15409692182119 3.272171857279999 0.6559223523142792
Si 1.1405403351127723 9.839793924735996 0.6519692038594114
Si 3.5821693489185593 5.473250472447998 0.673684782104205
Si 3.5811056824122223 12.056124327552 0.644856827503047
Mo 2.3610625 1.1031206824959996 0.0
Mo 2.3610625 7.660942721023999 0.0
Mo -1.1747189992625104 3.276020930304 2.0567889983703007
