mp-1046.cif
Nb 1.4246198975 7.447841062499998 11.971636889574553
Nb 4.2738596925 7.447841062499998 7.2415716604254445
Nb 0.0 0.0 2.4382695229254447
Nb 2.849239795 0.0 7.168334752074555
Nb 1.4246198975 2.4826136874999998 2.365032614574555
Nb 4.2738596925 2.4826136874999998 16.848175935425445
Nb 0.0 4.9652273749999996 12.044873797925446
Nb 2.849239795 4.9652273749999996 16.774939027074556
Nb 4.2738596925 7.447841062499998 2.365032614574555
Nb 1.4246198975 7.447841062499998 16.848175935425445
Nb 2.849239795 0.0 12.044873797925446
Nb 0.0 0.0 16.774939027074556
Nb 4.2738596925 2.4826136874999998 11.971636889574553
Nb 1.4246198975 2.4826136874999998 7.2415716604254445
Nb 2.849239795 4.9652273749999996 2.4382695229254447
Nb 0.0 4.9652273749999996 7.168334752074555
Sn 1.4246198975 0.8126426771295551 4.8033021375
Sn 4.2738596925 9.117812072870446 4.8033021375
Sn 0.0 6.635198385370445 9.606604275
Sn 2.849239795 8.260483739629555 9.606604275
Sn 1.4246198975 7.447841062499998 6.3965649496600845
Sn 1.4246198975 7.447841062499998 3.210039325339916
Sn 0.0 0.0 8.013341462839916
Sn 0.0 0.0 11.199867087160085
Sn 1.4246198975 5.777870052129555 14.409906412499996
Sn 4.2738596925 4.152584697870445 14.409906412499996
Sn 0.0 1.669971010370445 0.0
Sn 2.849239795 3.2952563646295556 0.0
Sn 1.4246198975 2.4826136874999998 16.003169224660084
Sn 1.4246198975 2.4826136874999998 12.816643600339914
Sn 0.0 4.9652273749999996 17.619945737839917
Sn 0.0 4.9652273749999996 1.5932628121600847
Sn 4.2738596925 0.8126426771295551 14.409906412499996
Sn 1.4246198975 9.117812072870446 14.409906412499996
Sn 2.849239795 6.635198385370445 0.0
Sn 0.0 8.260483739629555 0.0
Sn 4.2738596925 7.447841062499998 16.003169224660084
Sn 4.2738596925 7.447841062499998 12.816643600339914
Sn 2.849239795 0.0 17.619945737839917
Sn 2.849239795 0.0 1.5932628121600847
Sn 4.2738596925 5.777870052129555 4.8033021375
Sn 1.4246198975 4.152584697870445 4.8033021375
Sn 2.849239795 1.669971010370445 9.606604275
Sn 0.0 3.2952563646295556 9.606604275
Sn 4.2738596925 2.4826136874999998 6.3965649496600845
Sn 4.2738596925 2.4826136874999998 3.210039325339916
Sn 2.849239795 4.9652273749999996 8.013341462839916
Sn 2.849239795 4.9652273749999996 11.199867087160085
