mp-1220777.cif
Nb 1.664748656532 0.0 2.431183
Nb 0.854552703238 1.532700050091 0.0
Nb 4.423650703238 4.793738949909 0.0
Nb 5.548748173072 0.0 0.0
Nb 5.233846656532 6.326439 2.431183
Nb 4.423650703238 7.859139050091 0.0
Nb 0.854552703238 11.120177949909 0.0
Nb 1.9796501730720002 6.326439 0.0
Cr 7.123109422754 4.243870177785 1.227314664426
Cr 3.554011422753999 2.082568822215 1.227314664426
Cr 3.554011422753999 2.082568822215 3.6350513355739995
Cr 7.123109422754 4.243870177785 3.6350513355739995
Cr 2.6879590857599998 4.71408275646 2.431183
Cr 6.257057085759998 1.6123562435399998 2.431183
Cr 3.554011422753999 10.570309177785 1.227314664426
Cr 7.123109422754 8.409007822215 1.227314664426
Cr 7.123109422754 8.409007822215 3.6350513355739995
Cr 3.554011422753999 10.570309177785 3.6350513355739995
Cr 6.257057085759998 11.040521756459999 2.431183
Cr 2.6879590857599998 7.93879524354 2.431183
Si 1.4085873548759995 2.607074900388 2.431183
Si 4.977685354875998 3.7193640996119997 2.431183
Si 4.354313836392 0.0 2.431183
Si 2.104247384252 3.7513885338299997 0.0
Si 5.673345384252 2.57505046617 0.0
Si 2.9361612988759993 0.0 0.0
Si 4.977685354875998 8.933513900387998 2.431183
Si 1.4085873548759995 10.045803099612 2.431183
Si 0.785215836392 6.326439 2.431183
Si 5.673345384252 10.07782753383 0.0
Si 2.104247384252 8.90148946617 0.0
Si 6.505259298876 6.326439 0.0
