mp-1186142.cif
Na 0.0 0.0 0.0
Na 0.0 3.66107844 3.66107844
Na 3.66107844 0.0 3.66107844
Na 3.66107844 3.66107844 0.0
Hg 1.83053922 5.491617659999999 5.491617659999999
Hg 1.83053922 1.83053922 5.491617659999999
Hg 3.66107844 0.0 0.0
Hg 1.83053922 1.83053922 1.83053922
Hg 1.83053922 5.491617659999999 1.83053922
Hg 3.66107844 3.66107844 3.66107844
Hg 5.491617659999999 5.491617659999999 1.83053922
Hg 5.491617659999999 1.83053922 1.83053922
Hg 0.0 0.0 3.66107844
Hg 5.491617659999999 1.83053922 5.491617659999999
Hg 5.491617659999999 5.491617659999999 5.491617659999999
Hg 0.0 3.66107844 0.0
