mp-1112170.cif
K 2.7611845 2.7611845 8.2835535
K 2.7611845 8.2835535 8.2835535
K 2.7611845 8.2835535 2.7611845
K 2.7611845 2.7611845 2.7611845
K 8.2835535 2.7611845 2.7611845
K 8.2835535 8.2835535 2.7611845
K 8.2835535 8.2835535 8.2835535
K 8.2835535 2.7611845 8.2835535
In 5.522369 0.0 0.0
In 0.0 0.0 0.0
In 5.522369 5.522369 5.522369
In 0.0 5.522369 5.522369
In 0.0 0.0 5.522369
In 5.522369 0.0 5.522369
In 0.0 5.522369 0.0
In 5.522369 5.522369 0.0
Cl 2.557221323354 0.0 0.0
Cl 5.522369 0.0 8.079590323354001
Cl 8.487516676646003 0.0 0.0
Cl 5.522369 8.079590323354001 0.0
Cl 5.522369 2.965147676646 0.0
Cl 0.0 0.0 8.487516676646003
Cl 2.557221323354 5.522369 5.522369
Cl 5.522369 5.522369 2.557221323354
Cl 8.487516676646003 5.522369 5.522369
Cl 5.522369 2.557221323354 5.522369
Cl 5.522369 8.487516676646003 5.522369
Cl 0.0 5.522369 2.965147676646
Cl 8.079590323354001 0.0 5.522369
Cl 0.0 0.0 2.557221323354
Cl 2.965147676646 0.0 5.522369
Cl 0.0 8.079590323354001 5.522369
Cl 0.0 2.965147676646 5.522369
Cl 5.522369 0.0 2.965147676646
Cl 8.079590323354001 5.522369 0.0
Cl 0.0 5.522369 8.079590323354001
Cl 2.965147676646 5.522369 0.0
Cl 0.0 2.557221323354 0.0
Cl 0.0 8.487516676646003 0.0
Cl 5.522369 5.522369 8.487516676646003
