mp-1186768.cif
Ta 1.5679975 4.703992500000001 4.703992500000001
Ta 1.5679975 1.5679975 4.703992500000001
Ta 1.5679975 1.5679975 1.5679975
Ta 1.5679975 4.703992500000001 1.5679975
Ta 4.703992500000001 4.703992500000001 1.5679975
Ta 4.703992500000001 1.5679975 1.5679975
Ta 4.703992500000001 1.5679975 4.703992500000001
Ta 4.703992500000001 4.703992500000001 4.703992500000001
Fe 3.135995 0.0 0.0
Fe 3.135995 3.135995 3.135995
Fe 0.0 0.0 3.135995
Fe 0.0 3.135995 0.0
Ru 0.0 0.0 0.0
Ru 0.0 3.135995 3.135995
Ru 3.135995 0.0 3.135995
Ru 3.135995 3.135995 0.0
