mp-1206573.cif
K 1.4039236754814006 0.5152098920134249 4.688687660868502
K 5.404620534260626 9.294341327986574 4.394322559096602
K 4.102888434131639 0.5152098920134249 8.935827669079154
K 2.705655775610387 9.294341327986574 0.14718255088594973
K 2.7534060548065202 6.437580474966271 6.812257664973828
K 4.0551381549355066 3.3719707450337286 2.270752554991276
K 6.1099278804814015 5.419985502013424 4.688687660868502
K 0.6986163292606267 4.389565717986574 4.394322559096602
K -0.6031157708683595 5.419985502013424 8.935827669079154
K 7.411659980610388 4.389565717986574 0.14718255088594973
K -1.95259815019348 1.5328048649662713 6.812257664973828
K -0.6508660500644933 8.27674635503373 2.270752554991276
Bi 1.5375069396063852 2.779459038923386 7.675648651238743
Bi 5.271037270135642 7.030092181076613 1.4073615687263614
Bi 3.9693051700066553 2.779459038923386 5.948866678708913
Bi 2.839239039735372 7.030092181076613 3.134143541256191
Bi 6.243511144606385 7.684234648923386 7.675648651238743
Bi 0.5650330651356418 2.1253165710766133 1.4073615687263614
Bi -0.7366990349933451 7.684234648923386 5.948866678708913
Bi 7.545243244735372 2.1253165710766133 3.134143541256191
