mp-13992.cif
Cs 3.231661265 0.0 2.1385587760258096
Cs 0.0 0.0 4.8009128989741905
Cs 3.231661265 5.498343995 9.07803045102581
Cs 0.0 5.498343995 11.74038457397419
Cs 0.0 0.0 9.07803045102581
Cs 3.231661265 0.0 11.74038457397419
Cs 0.0 5.498343995 2.1385587760258096
Cs 3.231661265 5.498343995 4.8009128989741905
Pt 4.847491897500001 2.7491719975 0.0
Pt 0.0 0.0 0.0
Pt 4.847491897500001 8.2475159925 0.0
Pt 4.847491897500001 8.2475159925 6.939471675
Pt 0.0 5.498343995 6.939471675
Pt 4.847491897500001 2.7491719975 6.939471675
Pt 1.6158306325 2.7491719975 6.939471675
Pt 3.231661265 0.0 6.939471675
Pt 1.6158306325 8.2475159925 6.939471675
Pt 1.6158306325 8.2475159925 0.0
Pt 3.231661265 5.498343995 0.0
Pt 1.6158306325 2.7491719975 0.0
S 0.0 7.345071912865611 5.470146664787447
S 0.0 3.6516160771343893 5.470146664787447
S 3.231661265 3.6516160771343893 1.4693250102125535
S 3.231661265 7.345071912865611 1.4693250102125535
S 0.0 1.8467279178656106 12.409618339787446
S 0.0 9.14996007213439 12.409618339787446
S 3.231661265 9.14996007213439 8.408796685212554
S 3.231661265 1.8467279178656106 8.408796685212554
S 3.231661265 7.345071912865611 12.409618339787446
S 3.231661265 3.6516160771343893 12.409618339787446
S 0.0 3.6516160771343893 8.408796685212554
S 0.0 7.345071912865611 8.408796685212554
S 3.231661265 1.8467279178656106 5.470146664787447
S 3.231661265 9.14996007213439 5.470146664787447
S 0.0 9.14996007213439 1.4693250102125535
S 0.0 1.8467279178656106 1.4693250102125535
