mp-14790.cif
Ge 0.0 0.0 0.0
Ge 2.052701750527018 1.185127884530232 13.680231083197688
Ge -2.0527016753544774e-08 2.3702558046143003 27.360462576802316
Te 0.0 0.0 5.167469854541022
Te 0.0 0.0 11.928694307141527
Te 2.052701750527018 1.185127884530232 8.512761228656668
Te 2.052701750527018 1.185127884530232 1.751536776056163
Te 2.052701750527018 1.185127884530232 18.847700937738708
Te 2.052701750527018 1.185127884530232 25.608925390339216
Te -2.0527016753544774e-08 2.3702558046143003 22.19299272226129
Te -2.0527016753544774e-08 2.3702558046143003 15.431768269660788
Te -2.0527016753544774e-08 2.3702558046143003 32.52793243134333
Te -2.0527016753544774e-08 2.3702558046143003 39.28915688394384
Te 0.0 0.0 35.873223805458984
Te 0.0 0.0 29.11199935285848
As -2.0527016753544774e-08 2.3702558046143003 10.067696665803966
As -2.0527016753544774e-08 2.3702558046143003 3.612534827800659
As 0.0 0.0 23.747927749001654
As 0.0 0.0 17.292765910998348
As 2.052701750527018 1.185127884530232 37.428158832199344
As 2.052701750527018 1.185127884530232 30.972996994196038
