mp-1025340.cif
Cu 2.78005282 0.0 0.0
Cu 0.0 2.78005282 0.0
Cu 0.0 2.78005282 5.60676479
Cu 2.78005282 0.0 5.60676479
W 0.0 0.0 0.0
W 2.78005282 2.78005282 5.60676479
Se 1.3468369550159465 4.213268684984054 1.4028414813643162
Se 4.213268684984054 1.3468369550159465 1.4028414813643162
Se 1.4332158649840536 1.4332158649840536 4.203923420770979
Se 4.126889775015946 4.126889775015946 4.203923420770979
Se 4.126889775015946 1.4332158649840536 7.009606159229022
Se 1.4332158649840536 4.126889775015946 7.009606159229022
Se 4.213268684984054 4.213268684984054 9.810688210770978
Se 1.3468369550159465 1.3468369550159465 9.810688210770978
