mp-17173.cif
Rh 4.512899218119692 0.19966871584928517 3.3494577732905073
Rh 4.512899218119692 2.8813828241507147 5.160926406709493
Rh 4.497339616880309 3.280720255849285 0.9057343167094929
Rh 4.497339616880309 5.962434364150715 7.60464986329051
Rh 1.493926671880308 5.962434364150715 5.160926406709493
Rh 1.493926671880308 3.280720255849285 3.3494577732905073
Rh 1.5094862731196925 2.8813828241507147 7.60464986329051
Rh 1.5094862731196925 0.19966871584928517 0.9057343167094929
S 2.7165030933948167 1.54052577 4.25519209
S 0.28690985160518334 4.621577309999999 0.0
S 3.290322796605184 4.621577309999999 4.25519209
S 5.719916038394817 1.54052577 0.0
S 5.35124265434491 2.4237225040836528 2.9671783795437765
S 5.35124265434491 0.6573290359163472 5.5432058004562235
S 3.658996180655092 5.504774044083653 1.2880137104562235
S 3.658996180655092 3.738380575916347 7.22237046954378
S 2.347829709344908 2.4237225040836528 1.2880137104562235
S 2.347829709344908 0.6573290359163472 7.22237046954378
S 0.655583235655092 5.504774044083653 2.9671783795437765
S 0.655583235655092 3.738380575916347 5.5432058004562235
