mp-15121.cif
Rb 5.129413 11.355400299992002 1.40360225
Rb 5.129413 2.038497700008 4.21080675
Rb 0.0 4.6584512999920005 1.40360225
Rb 0.0 8.735446700008 4.21080675
Fe 8.98755228208 0.0 0.0
Fe 1.27127371792 0.0 2.8072045
Fe 8.98755228208 0.0 2.8072045
Fe 1.27127371792 0.0 0.0
Fe 3.85813928208 6.696949 0.0
Fe 6.400686717919999 6.696949 2.8072045
Fe 3.85813928208 6.696949 2.8072045
Fe 6.400686717919999 6.696949 0.0
Te 5.129413 8.488088191744 4.21080675
Te 5.129413 4.9058098082559995 1.40360225
Te 7.604759996127001 11.761737680567 4.21080675
Te 2.654066003873 1.6321603194329999 1.40360225
Te 7.604759996127001 1.6321603194329999 1.40360225
Te 2.654066003873 11.761737680567 4.21080675
Te 0.0 1.7911391917440003 4.21080675
Te 0.0 11.602758808256 1.40360225
Te 2.4753469961269996 5.064788680567 4.21080675
Te 7.783479003872999 8.329109319433 1.40360225
Te 2.4753469961269996 8.329109319433 1.40360225
Te 7.783479003872999 5.064788680567 4.21080675
