mp-1025874.cif
Mo 1.5920077759200777 0.9191460995965121 0.0
Mo -1.5920077323637708e-08 1.8382922267674076 21.910333506916555
Mo -1.5920077323637708e-08 1.8382922267674076 6.476986293083446
S -1.5920077323637708e-08 1.8382922267674076 1.551817817708424
S 1.5920077759200777 0.9191460995965121 23.462315971079818
S 1.5920077759200777 0.9191460995965121 8.028288597064304
S -1.5920077323637708e-08 1.8382922267674076 26.83550198229158
S 1.5920077759200777 0.9191460995965121 20.3590312029357
S 1.5920077759200777 0.9191460995965121 4.925003828920182
