mp-1187238.cif
Ta 0.0 0.0 0.0
Ta 0.0 2.9783550999999995 2.9783550999999995
Ta 2.9783550999999995 0.0 2.9783550999999995
Ta 2.9783550999999995 2.9783550999999995 0.0
Mn 1.4891775499999997 4.46753265 1.4891775499999997
Mn 4.46753265 4.46753265 1.4891775499999997
Mn 1.4891775499999997 1.4891775499999997 4.46753265
Mn 4.46753265 1.4891775499999997 4.46753265
Mn 4.46753265 4.46753265 4.46753265
Mn 1.4891775499999997 4.46753265 4.46753265
Mn 4.46753265 1.4891775499999997 1.4891775499999997
Mn 1.4891775499999997 1.4891775499999997 1.4891775499999997
Ga 0.0 2.9783550999999995 0.0
Ga 0.0 0.0 2.9783550999999995
Ga 2.9783550999999995 2.9783550999999995 2.9783550999999995
Ga 2.9783550999999995 0.0 0.0
