mp-18474.cif
Ag 2.1498672879598497 0.0 5.681315784903288
Ag 5.5976978820401495 3.97995083 0.2322088949032868
Ag 6.528415675035712 1.5962906983479066 9.205324702948683
Ag 1.2191494949642885 2.3836601316520936 3.756217812948684
Ag 1.2191494949642885 5.576241528347906 3.756217812948684
Ag 6.528415675035712 6.3636109616520935 9.205324702948683
Ag 3.5848199423901717 1.560967759142474 7.96566051422333
Ag 4.162745227609827 2.418983070857526 2.51655362422333
Ag 4.162745227609827 5.540918589142474 2.51655362422333
Ag 3.5848199423901717 6.398933900857526 7.96566051422333
Ag 6.941556911995512 1.6738239612691035 1.4758551819617152
Ag 0.8060082580044874 2.306126868730897 6.9249620719617155
Ag 0.8060082580044874 5.653774791269104 6.9249620719617155
Ag 6.941556911995512 6.286077698730896 1.4758551819617152
Ag 4.7948551242128215 3.97995083 4.9679526043093425
Ag 2.952710045787178 0.0 10.417059494309344
Ge 5.818878006685468 0.0 5.22708106808847
Ge 1.9286871633145317 3.97995083 10.67618795808847
Se 5.812439082748332 5.990762720377348 6.537080366871463
Se 1.9351260872516671 5.949089769622652 1.0879734768714633
Se 3.799879877929449 3.97995083 9.252048287941266
Se 3.9476852920705507 0.0 3.8029413979412645
Se 0.0293812463454944 3.97995083 9.253547446228842
Se 7.718183923654506 0.0 3.8044405562288413
Se 6.325126227880958 3.97995083 2.7837136356297654
Se 1.4224389421190422 0.0 8.232820525629766
Se 2.222848189726474 3.97995083 5.495832218706785
Se 5.524716980273525 0.0 0.046725328706785405
Se 5.812439082748332 1.969138939622651 6.537080366871463
Se 1.9351260872516671 2.0108118903773486 1.0879734768714633
