mp-1100781.cif
Zr 0.0 0.0 0.0
Zr 0.0 3.023830489999999 3.023830489999999
Zr 3.023830489999999 0.0 3.023830489999999
Zr 3.023830489999999 3.023830489999999 0.0
Zn 3.023830489999999 0.0 0.0
Zn 3.023830489999999 3.023830489999999 3.023830489999999
Zn 0.0 0.0 3.023830489999999
Zn 0.0 3.023830489999999 0.0
Ni 1.5119152449999995 1.5119152449999995 4.535745734999998
Ni 1.5119152449999995 4.535745734999998 4.535745734999998
Ni 1.5119152449999995 4.535745734999998 1.5119152449999995
Ni 1.5119152449999995 1.5119152449999995 1.5119152449999995
Ni 4.535745734999998 1.5119152449999995 1.5119152449999995
Ni 4.535745734999998 4.535745734999998 1.5119152449999995
Ni 4.535745734999998 4.535745734999998 4.535745734999998
Ni 4.535745734999998 1.5119152449999995 4.535745734999998
