mp-1215298.cif
Zr 2.457199954572 1.418665026851579 7.459658719632
Zr -2.4571999135212997e-08 2.8373300962631096 0.529189280368
Ta -2.4571999135212997e-08 2.8373300962631096 3.53949905064
Ta 2.457199954572 1.418665026851579 4.449348949359998
Fe 0.0 0.0 3.994423999999999
Fe 0.0 0.0 0.0
Fe 3.6766677114601545 0.7146049891441334 2.0566250625760003
Fe 2.4571999300000003 2.826785144826422 2.0566250625760003
Fe 1.2377321485398451 0.7146049891441334 2.0566250625760003
Fe -1.2194677814601544 3.541390133970555 5.932222937424
Fe 2.8347001444874567e-16 1.4292099782882668 5.932222937424
Fe 1.2194677814601553 3.541390133970555 5.932222937424
