mp-1101841.cif
P 3.7242156362315457 2.2159990698120002 3.471500265460678
P -1.1715791342158435 5.208538069812 4.984244230029944
P -0.025184634887743862 3.769078930188 2.1656627315330703
P 4.870610135559645 0.7765399301879999 0.6529187669638038
Os 2.7892005857982585 0.07323341440799999 3.99886250099244
Os -0.23656408378255736 3.065772414408 4.456881994498183
Os 0.9098304155455421 5.911844585591999 1.6383004960013081
Os 3.935595085126358 2.919305585592 1.1802810024955661
Se 2.1342574456393395 3.743654318844 4.5445455162644315
Se 0.41837905637636125 0.751115318844 3.91119897922619
Se 1.5647735557044606 2.2414236811559998 1.0926174807293163
Se 3.280651944967439 5.233962681156 1.7259640177675577
