mp-1193856.cif
Zr 8.987971705 8.987971705 1.76864619
Zr 17.114190883919893 7.4865819035996 1.76864619
Zr 0.8617525260801061 10.489361506400398 1.76864619
Zr 16.4745536085996 9.849724231080106 0.0
Zr 1.5013898014003997 8.126219178919893 0.0
Zr 0.6060265753700119 13.056796476028005 0.0
Zr 17.369916834629986 4.919146933971994 0.0
Zr 4.068824771028005 8.381945129629989 1.76864619
Zr 13.907118638971994 9.59399828037001 1.76864619
Zr 3.442008298066592 10.857162431007689 0.0
Zr 14.533935111933408 7.118780978992313 0.0
Zr 1.869190726007689 5.545963406933407 1.76864619
Zr 16.106752683992312 12.429980003066591 1.76864619
Zr 12.578678085510717 5.487811589520926 1.76864619
Zr 5.397265324489283 12.488131820479078 1.76864619
Zr 14.475783294520925 14.385237029489282 0.0
Zr 3.5001601154790736 3.5907063805107162 0.0
Zr 6.552819905332243 9.802640202025161 0.0
Zr 11.423123504667755 8.173303207974838 0.0
Zr 0.8146684970251613 2.4351517996677567 1.76864619
Zr 17.16127491297484 15.540791610332246 1.76864619
Zr 0.0 0.0 0.0
Zr 8.126219178919893 16.4745536085996 0.0
Zr 9.849724231080106 1.5013898014003997 0.0
Zr 7.4865819035996 0.8617525260801061 1.76864619
Zr 10.489361506400398 17.114190883919893 1.76864619
Zr 9.59399828037001 4.068824771028005 1.76864619
Zr 8.381945129629989 13.907118638971994 1.76864619
Zr 13.056796476028005 17.369916834629986 0.0
Zr 4.919146933971994 0.6060265753700119 0.0
Zr 12.429980003066591 1.869190726007689 1.76864619
Zr 5.545963406933407 16.106752683992312 1.76864619
Zr 10.857162431007689 14.533935111933408 0.0
Zr 7.118780978992313 3.442008298066592 0.0
Zr 3.5907063805107162 14.475783294520925 0.0
Zr 14.385237029489282 3.5001601154790736 0.0
Zr 5.487811589520926 5.397265324489283 1.76864619
Zr 12.488131820479078 12.578678085510717 1.76864619
Zr 15.540791610332246 0.8146684970251613 1.76864619
Zr 2.4351517996677567 17.16127491297484 1.76864619
Zr 9.802640202025161 11.423123504667755 0.0
Zr 8.173303207974838 6.552819905332243 0.0
S 1.2083245805579217 15.588991226435212 0.0
S 16.76761882944208 2.3869521835647878 0.0
S 6.601019521435212 7.77964712444208 1.76864619
S 11.374923888564787 10.196296285557922 1.76864619
S 15.34879918722287 5.306952926481404 1.76864619
S 2.6271442227771304 12.668990483518597 1.76864619
S 14.294924631481404 11.615115927777131 0.0
S 3.681018778518595 6.36082748222287 0.0
S 10.196296285557922 6.601019521435212 1.76864619
S 7.77964712444208 11.374923888564787 1.76864619
S 15.588991226435212 16.76761882944208 0.0
S 2.3869521835647878 1.2083245805579217 0.0
S 6.36082748222287 14.294924631481404 0.0
S 11.615115927777131 3.681018778518595 0.0
S 5.306952926481404 2.6271442227771304 1.76864619
S 12.668990483518597 15.34879918722287 1.76864619
