mp-1185972.cif
Mn 4.508752500000001 4.508752500000001 1.5029175
Mn 1.5029175 4.508752500000001 1.5029175
Mn 4.508752500000001 1.5029175 4.508752500000001
Mn 1.5029175 1.5029175 4.508752500000001
Mn 1.5029175 4.508752500000001 4.508752500000001
Mn 4.508752500000001 4.508752500000001 4.508752500000001
Mn 1.5029175 1.5029175 1.5029175
Mn 4.508752500000001 1.5029175 1.5029175
Nb 0.0 0.0 0.0
Nb 0.0 3.005835 3.005835
Nb 3.005835 0.0 3.005835
Nb 3.005835 3.005835 0.0
Ga 0.0 3.005835 0.0
Ga 0.0 0.0 3.005835
Ga 3.005835 3.005835 3.005835
Ga 3.005835 0.0 0.0
