mp-1187704.cif
Y 1.801463195 1.801463195 5.404389585
Y 1.801463195 5.404389585 5.404389585
Y 1.801463195 5.404389585 1.801463195
Y 1.801463195 1.801463195 1.801463195
Y 5.404389585 1.801463195 1.801463195
Y 5.404389585 5.404389585 1.801463195
Y 5.404389585 5.404389585 5.404389585
Y 5.404389585 1.801463195 5.404389585
Zn 0.0 0.0 0.0
Zn 0.0 3.60292639 3.60292639
Zn 3.60292639 0.0 3.60292639
Zn 3.60292639 3.60292639 0.0
Ag 3.60292639 0.0 0.0
Ag 3.60292639 3.60292639 3.60292639
Ag 0.0 0.0 3.60292639
Ag 0.0 3.60292639 0.0
