mp-1220458.cif
Nb 1.1791865008516638 11.949676145333001 2.0462604987648847
Nb 1.1791865008516638 5.397171703217 2.0462604987648847
Nb -1.1657839991483363 9.769790527464 2.0462604987648847
V -1.1657839991483363 3.259577691291 2.0462604987648847
V 2.3449705 7.574870497509999 0.0
V 2.3449705 1.0988267797120002 0.0
Si -1.192118920960942 11.988557347842 3.4551681474584734
Si -1.1833958374951872 5.410227560638 3.4257470140072317
Si 1.2056096607193887 9.722070913002002 3.451157476880894
Si 1.2121872965788583 3.213133723915 3.461896251978412
Si 0.004818618170595659 7.577460842103 1.291661014635358
Si -0.025292204555363542 1.139217931833 1.3205910455668959
Si 3.550491922664269 11.988557347842 0.6373528500712963
Si 3.5417688391985145 5.410227560638 0.6667739835225376
Si 1.1527633409839388 9.722070913002002 0.6413635206488754
Si 1.1461857051244693 3.213133723915 0.6306247455513573
Si 2.3535543835327313 7.577460842103 2.800859982894411
Si 2.3836652062586903 1.139217931833 2.7719299519628735
