mp-1077372.cif
Zr 9.105306297570449 0.0 1.0726004263619222
Zr -3.059355618207115 0.0 5.670667790148845
Zr 6.917393646094334 1.6310028899999995 2.9633414904938107
Zr -0.8714429667310007 1.6310028899999995 3.779926726016956
Zr 3.7938736775704487 1.6310028899999995 1.0726004263619222
Zr 2.2520770017928853 1.6310028899999995 5.670667790148845
Zr 1.6059610260943353 0.0 2.9633414904938107
Zr 4.439989653268998 0.0 3.779926726016956
Cu 6.04574493149438 0.0 1.0177990319219359
Cu 0.00020574786895391186 0.0 5.725469184588831
Cu 0.7343123114943807 1.6310028899999995 1.0177990319219359
Cu 5.311638367868954 1.6310028899999995 5.725469184588831
