mp-1101885.cif
Na 3.36390033 1.8130743625211236 0.0
Na 3.36390033 9.361668097478875 0.0
Na 2.270117937572732 3.5298631210996017 3.5957250765360445
Na 2.270117937572732 7.644879338900398 3.5957250765360445
Na 0.0 7.400445592521123 0.0
Na 0.0 3.774296867478877 0.0
Na -1.093782392427268 9.1172343510996 3.5957250765360445
Na -1.093782392427268 2.057508108900398 3.5957250765360445
P 4.521359171929137 0.0 6.056661540498286
P 0.018876703216326608 0.0 1.1347886125738027
P 1.157458841929138 5.58737123 6.056661540498286
P 3.382777033216327 5.58737123 1.1347886125738027
S -0.27395337271898174 0.0 5.445512186173295
S 4.814189247864446 0.0 1.7459379668987927
S 3.5449839351168513 9.483868711418234 5.53212939179847
S 3.5449839351168513 1.690873748581766 5.53212939179847
S 0.9952519400286136 1.690873748581766 1.6593207612736205
S 0.9952519400286136 9.483868711418234 1.6593207612736205
S 3.0899469572810174 5.58737123 5.445512186173295
S 1.450288917864446 5.58737123 1.7459379668987927
S 0.18108360511685045 3.8964974814182343 5.53212939179847
S 0.18108360511685045 7.278244978581765 5.53212939179847
S 4.359152270028614 7.278244978581765 1.6593207612736205
S 4.359152270028614 3.8964974814182343 1.6593207612736205
