mp-1221900.cif
Mn 2.344627701256 0.0 0.0
Mn 2.3633672477200003 0.0 6.596275
Mn 0.007827016008 0.0 0.0
Mn 4.703583701256 6.571598 0.0
Mn 0.00441124772 6.571598 6.596275
Mn 2.3667830160079997 6.571598 0.0
V 3.555998786376 2.31510825942 5.2934183396500005
V 1.171613240696 2.333495590624 11.918888452800001
V 1.1970427863759998 4.25648974058 7.89913166035
V 3.5305692406960003 4.238102409376 1.2736615472000001
V 3.525948045892 5.272636224526 8.93983915965
V 1.180942911676 5.2913652788259995 2.3244745398
V 1.166992045892 1.298961775474 4.252710840350001
V 3.539898911676 1.2802327211739999 10.8680754602
V 1.166992045892 1.298961775474 8.93983915965
V 3.539898911676 1.2802327211739999 2.3244745398
V 3.525948045892 5.272636224526 4.252710840350001
V 1.180942911676 5.2913652788259995 10.8680754602
V 1.1970427863759998 4.25648974058 5.2934183396500005
V 3.5305692406960003 4.238102409376 11.918888452800001
V 3.555998786376 2.31510825942 7.89913166035
V 1.171613240696 2.333495590624 1.2736615472000001
V 0.005364265944 0.0 6.596275
V 1.1970427863759998 8.88670625942 5.2934183396500005
V 3.5305692406960003 8.905093590624 11.918888452800001
V 3.555998786376 10.82808774058 7.89913166035
V 1.171613240696 10.809700409376 1.2736615472000001
V 1.166992045892 11.844234224526 8.93983915965
V 3.539898911676 11.862963278826001 2.3244745398
V 3.525948045892 7.870559775473999 4.252710840350001
V 1.180942911676 7.851830721173999 10.8680754602
V 3.525948045892 7.870559775473999 8.93983915965
V 1.180942911676 7.851830721173999 2.3244745398
V 1.166992045892 11.844234224526 4.252710840350001
V 3.539898911676 11.862963278826001 10.8680754602
V 3.555998786376 10.82808774058 5.2934183396500005
V 1.171613240696 10.809700409376 11.918888452800001
V 1.1970427863759998 8.88670625942 7.89913166035
V 3.5305692406960003 8.905093590624 1.2736615472000001
V 2.3643202659440004 6.571598 6.596275
Si 2.358722463356 3.278327093074 9.9086076838
Si 4.717678463356 3.293270906926 3.2839423162
Si 4.717678463356 3.293270906926 9.9086076838
Si 2.358722463356 3.278327093074 3.2839423162
Si 3.507913827272001 0.0 8.7540748631
Si 1.175156392608 0.0 2.1193303873000002
Si 3.507913827272001 0.0 4.4384751369
Si 1.175156392608 0.0 11.0732196127
Si 1.2187263099280001 2.13760939744 6.596275
Si 3.535499458736 2.086732085724 0.0
Si 3.577682309928 4.4339886025599995 6.596275
Si 1.176543458736 4.484865914276 0.0
Si 4.717678463356 9.849925093074 9.9086076838
Si 2.358722463356 9.864868906925999 3.2839423162
Si 2.358722463356 9.864868906925999 9.9086076838
Si 4.717678463356 9.849925093074 3.2839423162
Si 1.148957827272 6.571598 8.7540748631
Si 3.534112392608 6.571598 2.1193303873000002
Si 1.148957827272 6.571598 4.4384751369
Si 3.534112392608 6.571598 11.0732196127
Si 3.577682309928 8.70920739744 6.596275
Si 1.176543458736 8.658330085724 0.0
Si 1.2187263099280001 11.00558660256 6.596275
Si 3.535499458736 11.056463914276 0.0
