mp-1205390.cif
Nb 9.32456085372 9.507279468204002 1.345817261968
Nb 1.02835514628 0.8456365317960001 1.345817261968
Nb 4.330821468204001 6.20481314628 1.237270738032
Nb 6.022094531796 4.14810285372 1.237270738032
Nb 4.986425050362 1.475533823526 0.077136173856
Nb 5.366490949638 8.877382176474 0.077136173856
Nb 6.651991823526003 0.19003294963800005 2.505951826144
Nb 3.7009241764740004 10.162883050362002 2.505951826144
Nb 8.106674874228 8.406443557008 3.863005520912
Nb 2.246241125772 1.9464724429920002 3.863005520912
Nb 3.229985557008 7.4226991257720005 3.886258479088
Nb 7.122930442992 2.930216874228 3.886258479088
Nb 4.14810285372 4.330821468204001 3.928905261967999
Nb 6.20481314628 6.022094531796 3.928905261967999
Nb 9.507279468204002 1.02835514628 3.8203587380320005
Nb 0.8456365317960001 9.32456085372 3.8203587380320005
Nb 10.162883050362002 6.651991823526003 2.660224173856
Nb 0.19003294963800005 3.7009241764740004 2.660224173856
Nb 1.475533823526 5.366490949638 5.089039826144
Nb 8.877382176474 4.986425050362 5.089039826144
Nb 2.930216874228 3.229985557008 1.2799175209120002
Nb 7.4226991257720005 7.122930442992 1.2799175209120002
Nb 8.406443557008 2.246241125772 1.3031704790879999
Nb 1.9464724429920002 8.106674874228 1.3031704790879999
Si 4.850351498916 2.150735475672 2.684636938544
Si 5.5025645010840005 8.202180524328 2.684636938544
Si 7.327193475672 0.3261065010840001 5.064627061456
Si 3.025722524328 10.026809498916 5.064627061456
Si 10.026809498916 7.327193475672 0.101548938544
Si 0.3261065010840001 3.025722524328 0.101548938544
Si 2.150735475672 5.5025645010840005 2.481539061456
Si 8.202180524328 4.850351498916 2.481539061456
