mp-1095240.cif
Ca 3.795680719999999 0.0 0.0
Ca 0.0 3.795680719999999 0.0
Ca 0.0 0.0 3.795680719999999
Ca 0.0 3.795680719999999 3.795680719999999
Ca 3.795680719999999 0.0 3.795680719999999
Ca 3.795680719999999 3.795680719999999 0.0
Ge 5.212762816981302 2.378598623018695 2.378598623018695
Ge 2.378598623018695 5.212762816981302 2.378598623018695
Ge 2.378598623018695 2.378598623018695 5.212762816981302
Ge 1.4170820969813036 1.4170820969813036 1.4170820969813036
Ge 1.4170820969813036 6.174279343018696 6.174279343018696
Ge 6.174279343018696 1.4170820969813036 6.174279343018696
Ge 6.174279343018696 6.174279343018696 1.4170820969813036
Ge 5.212762816981302 5.212762816981302 5.212762816981302
Ir 6.5670548656520085 1.0243065743479915 1.0243065743479915
Ir 1.0243065743479915 6.5670548656520085 1.0243065743479915
Ir 1.0243065743479915 1.0243065743479915 6.5670548656520085
Ir 2.771374145652007 2.771374145652007 2.771374145652007
Ir 2.771374145652007 4.81998729434799 4.81998729434799
Ir 4.81998729434799 2.771374145652007 4.81998729434799
Ir 4.81998729434799 4.81998729434799 2.771374145652007
Ir 6.5670548656520085 6.5670548656520085 6.5670548656520085
