mp-1077397.cif
Sc 0.0 0.0 0.0
Sc 0.0 3.41054661 3.41054661
Sc 3.41054661 0.0 3.41054661
Sc 3.41054661 3.41054661 0.0
Cd 1.705273305 1.705273305 1.705273305
Cd 1.705273305 5.115819914999999 5.115819914999999
Cd 5.115819914999999 1.705273305 5.115819914999999
Cd 5.115819914999999 5.115819914999999 1.705273305
Ni 5.972229723425575 0.848863496574425 2.561683113425575
Ni 4.259410106574425 2.561683113425575 2.561683113425575
Ni 4.259410106574425 0.848863496574425 0.848863496574425
Ni 5.972229723425575 2.561683113425575 0.848863496574425
Ni 5.972229723425575 4.259410106574425 5.972229723425575
Ni 4.259410106574425 5.972229723425575 5.972229723425575
Ni 4.259410106574425 4.259410106574425 4.259410106574425
Ni 5.972229723425575 5.972229723425575 4.259410106574425
Ni 2.561683113425575 0.848863496574425 5.972229723425575
Ni 0.848863496574425 2.561683113425575 5.972229723425575
Ni 0.848863496574425 0.848863496574425 4.259410106574425
Ni 2.561683113425575 2.561683113425575 4.259410106574425
Ni 2.561683113425575 4.259410106574425 2.561683113425575
Ni 0.848863496574425 5.972229723425575 2.561683113425575
Ni 0.848863496574425 4.259410106574425 0.848863496574425
Ni 2.561683113425575 5.972229723425575 0.848863496574425
