mp-1028514.cif
Mo -1.661631943413866e-08 1.9186873514876184 3.5547642329539997
Mo 1.66163199661632 0.9593436613536541 34.290461767046
W -1.661631943413866e-08 1.9186873514876184 27.180138551391998
W 1.66163199661632 0.9593436613536541 10.665087448607999
Se -1.661631943413866e-08 1.9186873514876184 35.96658898136
Se -1.661631943413866e-08 1.9186873514876184 12.349048624703999
Se 1.66163199661632 0.9593436613536541 25.496177375295996
Se 1.66163199661632 0.9593436613536541 1.8786370186399997
Se 1.66163199661632 0.9593436613536541 28.864667405878
Se 1.66163199661632 0.9593436613536541 5.230550840234
Se -1.661631943413866e-08 1.9186873514876184 32.614675159765994
Se -1.661631943413866e-08 1.9186873514876184 8.980558594122
