mp-1219917.cif
Pd 0.0 0.0 0.0
Pd 3.4175822499999993 3.4175822499999993 2.94313342
Rh 0.0 0.0 2.94313342
Rh 3.4175822499999993 3.4175822499999993 0.0
Pb 4.536294307231451 1.1187120572314502 1.47156671
Pb 2.2988701927685504 5.71645244276855 1.47156671
Pb 5.71645244276855 4.536294307231451 1.47156671
Pb 1.1187120572314502 2.2988701927685504 1.47156671
Pb 1.1187120572314502 4.536294307231451 4.41470013
Pb 5.71645244276855 2.2988701927685504 4.41470013
Pb 2.2988701927685504 1.1187120572314502 4.41470013
Pb 4.536294307231451 5.71645244276855 4.41470013
