mp-1211440.cif
K -3.3541095652154707 6.928631650413281 7.542088698914711
K 3.4704377849887718 0.5172743895867192 2.4944886179111054
K -0.05340097012457951 3.2056786304132796 7.512777276324014
K 0.16972918989787933 4.240227409586718 2.523800040501803
Pb -3.5238387551133505 3.72295302 5.018288658412908
Pb 0.0 0.0 0.0
Cl -1.4529228826358764 5.1613610414676 5.434407562747063
Cl 1.5692511024091755 2.2845449985323976 4.602169754078754
Cl -1.954587652704174 1.4384080214676023 9.620458412491661
Cl 2.070915872477474 6.007498018532395 0.41611890433415444
Cl -2.142869434454474 1.5998641545302377 5.368116571764068
Cl 2.259197654227773 5.84604188546976 4.66846074506175
Cl -1.2646411008855771 5.322817174530236 9.686749403474657
Cl 1.3809693206588771 2.1230888654697613 0.34982791335115887
Cl -4.048057002406366 3.7858844031279317 7.497115598884199
Cl 4.164385222179666 3.6600216368720675 2.5394617179416166
Cl 0.6405464670663147 0.06293138312793241 7.557750376354526
Cl -0.5242182472930157 7.382974656872068 2.4788269404712917
