mp-1220483.cif
Nb -0.6881486646918397 1.8893321604015414 0.0
Nb -2.8958945780358345 8.097077322245575 0.0
Nb 3.5840433890130368 6.905168787380736 0.0
Nb 0.6552819527506909 3.740905900044168 1.69887263
Nb -1.964099991246432 6.007845409497217 1.69887263
Nb 1.3088181847811038 7.1428269604864685 1.69887263
Tl 4.876178703761788 2.815263030928327 0.0
S 1.7627588686857052 2.3227546896413434 0.0
S 6.006363886169566 5.757817871394063 0.0
S 6.859413356430092 0.36521653174957414 0.0
S -1.8061269189782627 3.3101071396701687 1.69887263
S -1.1064782257846826 8.354887401701882 1.69887263
S 2.912605291048309 5.226583728655802 1.69887263
S -4.876178548644007e-08 5.630526146314546 0.0
S 0.0 0.0 1.69887263
