mp-1218367.cif
Sr 2.10993764 2.983097435 2.109770025
Sr 2.10993764 8.949292305 2.109770025
Sr 4.21987528 0.0 0.0
Sr 6.32981292 8.949292305 2.109770025
Sr 6.32981292 2.983097435 2.109770025
Sr 0.0 5.96619487 0.0
Ca 0.0 0.0 0.0
Ca 4.21987528 5.96619487 0.0
S 4.21987528 3.0361822504753118 0.0
S 4.21987528 8.896207489524688 0.0
S 6.403790625161118 0.0 2.109770025
S 2.0359599348388815 0.0 2.109770025
S 0.0 9.002377120475312 0.0
S 0.0 2.930012619524688 0.0
S 2.183915345161118 5.96619487 2.109770025
S 6.255835214838882 5.96619487 2.109770025
