mp-1104896.cif
Tl 0.0 0.10035353687195199 0.0
Tl 8.989623254999998 1.8300680168719519 0.0
V 5.032376125079918 1.8520412026086046 4.320844327145407
V 1.6906212071416165 0.12232672260860479 3.941662045684029
V -1.1333129613892312 1.8530533969280112 4.131253186414719
V 1.86692461754929 0.12333220563582879 7.018327008825179
V 4.856072714672244 1.8530466856358287 1.2441793640042602
V 14.02199938007992 0.12232672260860479 4.320844327145407
V 10.680244462141614 1.8520412026086046 3.941662045684029
V 7.8563102936107665 0.12333891692801119 4.131253186414719
V 10.856547872549287 1.8530466856358287 7.018327008825179
V 13.845695969672247 0.12333220563582879 1.2441793640042602
S -0.13032021371274452 0.1233379136936128 5.480543446865483
S 6.85331754593428 1.8530523936936127 2.781962925963956
S 5.944534109314228 0.12217440395149601 5.648083858463557
S 0.7784632229073076 1.851888883951496 2.6144225143658812
S 2.7925316620002594 1.8528520581625392 5.434005375470904
S 3.930465670221277 0.12313757816253919 2.828500997358535
S 0.7064656874133028 1.8528509857395614 8.185510885193208
S 6.016531644808235 0.1231365057395616 0.07699548763623078
S 8.859303041287255 1.8530523936936127 5.480543446865483
S 15.842940800934283 0.1233379136936128 2.781962925963956
S 14.934157364314231 1.851888883951496 5.648083858463557
S 9.768086477907309 0.12217440395149601 2.6144225143658812
S 11.78215491700026 0.12313757816253919 5.434005375470904
S 12.920088925221272 1.8528520581625392 2.828500997358535
S 9.696088762620839 0.1231365057395616 8.185510885193208
S 15.006155079600696 1.8528509857395614 0.07699548763623078
