mp-17989.cif
K 5.8158598367451235 3.8422538694510076 7.8934815225
K 7.734608923254877 8.416021279451009 2.6311605075
K 1.2990369167451241 0.7315135405489914 7.8934815225
K 3.2177860032548766 5.30528095054899 2.6311605075
K 4.0404663084255406 7.297092807810947 10.07920750011789
K 0.4763566115744593 2.7233253978109477 0.44543452988211035
K 8.55728922842554 6.424209422189053 5.707755544882112
K 4.9931795315744605 1.8504420121890517 4.81688648511789
K 4.9931795315744605 1.8504420121890517 0.44543452988211035
K 8.55728922842554 6.424209422189053 10.07920750011789
K 0.4763566115744593 2.7233253978109477 4.81688648511789
K 4.0404663084255406 7.297092807810947 5.707755544882112
P 6.511840819925412 8.962788005138094 7.8934815225
P 7.038627940074588 4.389020595138094 2.6311605075
P 1.9950178999254125 4.758514224861906 7.8934815225
P 2.5218050200745883 0.184746814861907 2.6311605075
S 6.277173350257441 6.931541216742463 7.8934815225
S 7.27329540974256 2.357773806742465 2.6311605075
S 1.7603504302574402 6.789761013257536 7.8934815225
S 2.7564724897425603 2.215993603257535 2.6311605075
S 4.665824777849544 0.7236000996515579 7.8934815225
S 8.884643982150456 5.297367509651559 2.6311605075
S 0.149001857849544 3.8501673103484415 7.8934815225
S 4.367821062150456 8.423934720348443 2.6311605075
S 7.526436323807498 0.35531385304863566 9.582082453862478
S 6.0240324361925035 4.929081263048635 0.9425595761375221
S 3.0096134038074984 4.218453556951364 6.204880591137522
S 1.5072095161925017 8.792220966951366 4.3197614388624785
S 1.5072095161925017 8.792220966951366 0.9425595761375221
S 3.0096134038074984 4.218453556951364 9.582082453862478
S 6.0240324361925035 4.929081263048635 4.3197614388624785
S 7.526436323807498 0.35531385304863566 6.204880591137522
