mp-181.cif
K 0.0 3.11642926 1.8616218039736716
K 0.0 3.11642926 5.493981926026328
K 0.0 0.0 7.35560373
K 3.11642926 0.0 9.217225533973672
K 3.11642926 0.0 12.84958565602633
K 3.11642926 3.11642926 0.0
Ga 4.950708724639062 0.0 4.0922026035011125
Ga 3.11642926 1.834279464639062 3.263401126498887
Ga 3.11642926 5.024046033871426 5.769776904304963
Ga 1.9076167738714267 0.0 1.5858268256950374
Ga 4.325241746128573 0.0 1.5858268256950374
Ga 3.11642926 1.2088124861285734 5.769776904304963
Ga 1.282149795360938 0.0 4.0922026035011125
Ga 3.11642926 4.398579055360938 3.263401126498887
Ga 3.11642926 3.11642926 7.35560373
Ga 1.834279464639062 3.11642926 11.447806333501115
Ga 0.0 4.950708724639062 10.619004856498886
Ga 0.0 1.9076167738714267 13.125380634304964
Ga 5.024046033871426 3.11642926 8.941430555695037
Ga 1.2088124861285734 3.11642926 8.941430555695037
Ga 0.0 4.325241746128573 13.125380634304964
Ga 4.398579055360938 3.11642926 11.447806333501115
Ga 0.0 1.282149795360938 10.619004856498886
Ga 0.0 0.0 0.0
