mp-1220599.cif
Nb 2.44754059 6.979749199776329 6.584207438379391
Nb 2.44754059 1.3459694457578015 5.6113626040285185
Nb 2.44754059 1.3459694457578015 2.457859925971481
Nb 2.44754059 6.979749199776329 1.485015091620609
Nb 0.0 2.7464028397763283 6.584207438379391
Nb 0.0 5.579315805757801 5.6113626040285185
Nb 0.0 5.579315805757801 2.457859925971481
Nb 0.0 2.7464028397763283 1.485015091620609
V 2.44754059 2.9163910001897304 0.0
V 1.238926200595457 7.733316601954028 4.034611265
V 3.656154979404543 7.733316601954028 4.034611265
V 2.44754059 5.685206953601369 4.034611265
V 0.0 7.14973736018973 0.0
V 3.686466790595457 3.499970241954028 4.034611265
V 1.2086143894045431 3.499970241954028 4.034611265
V 0.0 1.4518605936013704 4.034611265
Ni 2.44754059 4.232536436174405 6.0978433616828465
Ni 2.44754059 4.232536436174405 1.9713791683171529
Ni 3.6482971013895362 0.8068438967844455 0.0
Ni 1.2467840786104638 0.8068438967844455 0.0
Ni 0.0 8.465882796174403 6.0978433616828465
Ni 0.0 8.465882796174403 1.9713791683171529
Ni 1.2007565113895362 5.040190256784445 0.0
Ni 3.694324668610464 5.040190256784445 0.0
