mp-1025207.cif
Ti 0.0 0.0 0.0
Ti 7.14338 1.979571 0.0
Cr 0.962692924064903 1.979571 4.486572576391154
Cr 2.7527980757292965 0.0 1.70629642427851
Cr 8.106072924064904 0.0 4.486572576391154
Cr 9.896178075729296 1.979571 1.70629642427851
Te 3.50523683381654 1.979571 3.4141906087591924
Te 0.2102541659776593 0.0 2.7786783919104714
Te -1.4095812407395072 1.979571 6.003491066629185
Te 5.125072240533706 0.0 0.18937793404047834
Te 10.64861683381654 0.0 3.4141906087591924
Te 7.35363416597766 1.979571 2.7786783919104714
Te 5.733798759260494 0.0 6.003491066629185
Te 12.268452240533707 1.979571 0.18937793404047834
