mp-1227350.cif
Ca 1.9234612916530405 0.0 4.2841074251432145
Ca 3.8623877047541217 0.0 1.1548755780081357
Ca -3.4483887083469598 2.287219 4.2841074251432145
Ca 9.234237704754122 2.287219 1.1548755780081357
Ag 4.184421539518122 2.287219 3.3605409162931
Ag 1.6014274568890403 2.287219 2.0784420868582507
Ag -1.1874284604818786 0.0 3.3605409162931
Ag 6.973277456889042 0.0 2.0784420868582507
Ge 5.13665514920342 0.0 4.3380295026364575
Ge 0.6491938472037415 0.0 1.1009535005148932
Ge -0.23519485079657898 2.287219 4.3380295026364575
Ge 6.021043847203742 2.287219 1.1009535005148932
