mp-1202025.cif
Zr 3.258752567390942 4.5518657513090375 11.563151644554152
Zr 6.582646407390941 5.593889463690962 7.573817260445847
Zr 3.3890351126090597 2.211971058690963 5.184162009554154
Zr 0.0651412726090592 1.1699473463090377 1.1948276254458472
Zr 3.3890351126090597 2.211971058690963 1.1948276254458472
Zr 0.0651412726090592 1.1699473463090377 5.184162009554154
Zr 3.258752567390942 4.5518657513090375 7.573817260445847
Zr 6.582646407390941 5.593889463690962 11.563151644554152
V 2.2312526874991585 0.0649433173230555 9.5684844525
V 5.555146527499159 3.316975087676944 9.5684844525
V 4.416534992500842 6.698893492676945 3.1894948175
V 1.0926411525008417 3.4468617223230553 3.1894948175
V 4.38741688472792 1.1097600884773018 11.161901841911103
V 1.06352304472792 2.2721583165226984 7.975067063088898
V 2.26037079527208 5.654076721522698 4.782912206911104
V 5.58426463527208 4.491678493477301 1.5960774280888974
V 2.26037079527208 5.654076721522698 1.5960774280888974
V 5.58426463527208 4.491678493477301 4.782912206911104
V 4.38741688472792 1.1097600884773018 7.975067063088898
V 1.06352304472792 2.2721583165226984 11.161901841911103
Ge 4.600663155413671 5.813474449639416 9.5684844525
Ge 1.2767693154136706 4.332280765360585 9.5684844525
Ge 2.0471245245863297 0.950362360360584 3.1894948175
Ge 5.371018364586329 2.431556044639417 3.1894948175
Ge 4.505103999584496 6.4584482252611375 0.5385432655996429
Ge 1.1812101595844962 3.687306989738862 5.840446369400357
Ge 2.1426836804155043 0.305388584738862 6.917532900599643
Ge 5.4665775204155045 3.076529820261138 12.219436004400356
Ge 2.1426836804155043 0.305388584738862 12.219436004400356
Ge 5.4665775204155045 3.076529820261138 6.917532900599643
Ge 4.505103999584496 6.4584482252611375 5.840446369400357
Ge 1.1812101595844962 3.687306989738862 0.5385432655996429
Ge 3.091104336614709 2.526584028794566 9.5684844525
Ge 6.414998176614709 0.8553343762054337 9.5684844525
Ge 3.556683343385292 4.237252781205435 3.1894948175
Ge 0.23278950338529122 5.908502433794567 3.1894948175
