mp-1217195.cif
Ti 4.818938021459999 4.933041893696 2.6710735
Ti 4.818938021459999 8.339526106304 2.6710735
Ti 1.968796423296 0.0 0.0
Ti 2.8614022334189997 8.327162709212 0.0
Ti 2.8614022334189997 4.945405290788 0.0
Ti 0.98226502146 11.569325893696 2.6710735
Ti 0.98226502146 1.703242106304 2.6710735
Ti 5.805469423296 6.636284 0.0
Ti 6.698075233419 1.690878709212 0.0
Ti 6.698075233419 11.581689290787997 0.0
Nb 3.840897176973 11.062254069539998 4.012694955433
Nb 3.840897176973 2.21031393046 4.012694955433
Nb 3.840897176973 2.21031393046 1.329452044567
Nb 3.840897176973 11.062254069539998 1.329452044567
Nb 5.68614121965 0.0 2.6710735
Nb 0.004224176973 4.42597006954 4.012694955433
Nb 0.004224176973 8.84659793046 4.012694955433
Nb 0.004224176973 8.84659793046 1.329452044567
Nb 0.004224176973 4.42597006954 1.329452044567
Nb 1.8494682196499999 6.636284 2.6710735
Ge 2.92308442524 0.0 2.6710735
Ge 2.371228890939 9.211434279644001 2.6710735
Ge 2.371228890939 4.0611337203560005 2.6710735
Ge 4.72743337041 0.0 0.0
Ge 1.470608270919 10.734381822235997 0.0
Ge 1.470608270919 2.538186177764 0.0
Ge 6.759757425239999 6.636284 2.6710735
Ge 6.207901890939 2.5751502796440002 2.6710735
Ge 6.207901890939 10.697417720355999 2.6710735
Ge 0.8907603704099999 6.636284 0.0
Ge 5.307281270919 4.098097822236 0.0
Ge 5.307281270919 9.174470177764 0.0
