mp-1193111.cif
K 0.5606809553213162 5.262255070321316 8.842467274678683
K 5.262255070321316 8.842467274678683 0.5606809553213162
K 8.842467274678683 0.5606809553213162 5.262255070321316
K 4.140893159678684 4.140893159678684 4.140893159678684
K 5.324414205569803 0.6228400905698019 4.078734024430197
K 0.6228400905698019 4.078734024430197 5.324414205569803
K 4.078734024430197 5.324414205569803 0.6228400905698019
K 8.780308139430197 8.780308139430197 8.780308139430197
K 7.769405105076857 3.0678309900768577 1.633743124923142
K 3.0678309900768577 1.633743124923142 7.769405105076857
K 1.633743124923142 7.769405105076857 3.0678309900768577
K 6.335317239923142 6.335317239923142 6.335317239923142
As 2.5622168454515495 7.26379096045155 6.840931384548449
As 7.26379096045155 6.840931384548449 2.5622168454515495
As 6.840931384548449 2.5622168454515495 7.26379096045155
As 2.1393572695484497 2.1393572695484497 2.1393572695484497
S 2.3912788003765435 7.946791453082069 8.993913345724758
S 0.40923488427524146 7.092852915376543 6.15793089191793
S 3.245217338082069 5.110808999275241 7.011869429623456
S 7.092852915376543 6.15793089191793 0.40923488427524146
S 5.110808999275241 7.011869429623456 3.245217338082069
S 7.946791453082069 8.993913345724758 2.3912788003765435
S 7.011869429623456 3.245217338082069 5.110808999275241
S 8.993913345724758 2.3912788003765435 7.946791453082069
S 6.15793089191793 0.40923488427524146 7.092852915376543
S 2.310295314623456 1.4563567769179313 4.2923392307247585
S 4.2923392307247585 2.310295314623456 1.4563567769179313
S 1.4563567769179313 4.2923392307247585 2.310295314623456
