mp-1103123.cif
Zr 0.998372215 0.058006063091190004 5.928215806570163
Zr 0.998372215 3.3375749630911904 5.134856488429839
Zr 2.995116645 6.50113173690881 1.4471657234298363
Zr 2.995116645 3.221562836908811 2.240525041570164
Cu 0.998372215 1.138953153175994 3.108009377962897
Cu 0.998372215 4.418522053175995 0.579681387037104
Cu 2.995116645 5.420184646824006 4.267372152037106
Cu 2.995116645 2.140615746824007 6.795700142962896
Ge 0.998372215 5.108428499233116 2.9570120855919764
Ge 0.998372215 1.8288595992331165 0.7306786794080236
Ge 2.995116645 1.4507093007668839 4.4183694444080235
Ge 2.995116645 4.730278200766885 6.644702850591977
