mp-1224092.cif
In 4.143361504094976 5.714052603141544 4.180265925049598
In 4.172344125 0.1418092975811754 0.0
In 4.143361504094976 0.023072243737111798 4.180265925049598
In 6.126666162478753 2.936454843454381 2.034229430255926
In 2.160056845711198 2.936454843454381 6.3263024198432705
In -0.028982620905024518 11.564517333141543 4.180265925049598
In 0.0 5.992274027581175 0.0
In -0.028982620905024518 5.873536973737112 4.180265925049598
In 1.9543220374787524 8.78691957345438 2.034229430255926
In 6.332400970711198 8.78691957345438 6.3263024198432705
Ag 4.172344125 5.809794054336459 0.0
Ag 0.0 11.66025878433646 0.0
Se 2.0649994837084815 1.6018361814009718 0.15727498095132605
Se 6.267304574219614 1.5538337033377947 4.317205667987246
Se 6.2217235244814715 1.6018361814009718 8.20325686914787
Se 2.019418433970335 1.5538337033377947 4.04332618211195
Se 4.366814681598285 4.238042366688682 6.259801328217167
Se 4.251832358165069 10.152554240255295 2.077604287520833
Se 3.919908326591666 4.238042366688682 2.100730521882029
Se 4.034890650024882 10.152554240255295 6.282927562578363
Se 6.237343608708479 7.452300911400971 0.15727498095132605
Se 2.0949604492196165 7.404298433337796 4.317205667987246
Se 2.04937939948147 7.452300911400971 8.20325686914787
Se 6.191762558970336 7.404298433337796 4.04332618211195
Se 0.19447055659828433 10.088507096688682 6.259801328217167
Se 0.07948823316506966 4.3020895102552945 2.077604287520833
Se 8.092252451591667 10.088507096688682 2.100730521882029
Se 8.207234775024883 4.3020895102552945 6.282927562578363
