mp-1217816.cif
Ta 0.0 0.0 0.0
Ta 1.5536709105367095 0.8970123004902137 5.072520819274793
Ta -1.5536708511537423e-08 1.794024627890797 10.145041790725212
V -1.5536708511537423e-08 1.794024627890797 2.5362604857252085
V 1.5536708949999998 2.6910369283810103 7.608781305
V 1.5536709105367095 0.8970123004902137 12.68130212427479
H -1.5536708511537423e-08 1.794024627890797 4.36003545092835
H 0.0 0.0 1.9636691052231126
H 1.5536709105367095 0.8970123004902137 3.1088517140516787
H -1.5536708511537423e-08 1.794024627890797 0.7124855205220697
H 0.0 0.0 9.432556270203138
H 1.5536709105367095 0.8970123004902137 7.036189924497903
H -1.5536708511537423e-08 1.794024627890797 8.181372685502096
H 0.0 0.0 5.78500633979686
H 1.5536709105367095 0.8970123004902137 14.505077089477929
H -1.5536708511537423e-08 1.794024627890797 12.108710895948326
H 0.0 0.0 13.253893504776887
H 1.5536709105367095 0.8970123004902137 10.857527159071656
