mp-1186936.cif
Sc 1.58115817 4.743474509999999 4.743474509999999
Sc 1.58115817 1.58115817 4.743474509999999
Sc 1.58115817 1.58115817 1.58115817
Sc 1.58115817 4.743474509999999 1.58115817
Sc 4.743474509999999 4.743474509999999 1.58115817
Sc 4.743474509999999 1.58115817 1.58115817
Sc 4.743474509999999 1.58115817 4.743474509999999
Sc 4.743474509999999 4.743474509999999 4.743474509999999
Co 3.16231634 0.0 0.0
Co 3.16231634 3.16231634 3.16231634
Co 0.0 0.0 3.16231634
Co 0.0 3.16231634 0.0
Ni 0.0 0.0 0.0
Ni 0.0 3.16231634 3.16231634
Ni 3.16231634 0.0 3.16231634
Ni 3.16231634 3.16231634 0.0
