mp-1103235.cif
Cu 3.31913772 3.31913772 0.0
Cu 3.31913772 0.0 3.31913772
Cu 0.0 3.31913772 3.31913772
Cu 0.0 0.0 0.0
Te 0.7985417849381665 5.839733655061834 2.5205959350618334
Te 5.839733655061834 2.5205959350618334 0.7985417849381665
Te 2.5205959350618334 0.7985417849381665 5.839733655061834
Te 4.117679504938167 4.117679504938167 4.117679504938167
Te 5.839733655061834 0.7985417849381665 4.117679504938167
Te 0.7985417849381665 4.117679504938167 5.839733655061834
Te 4.117679504938167 5.839733655061834 0.7985417849381665
Te 2.5205959350618334 2.5205959350618334 2.5205959350618334
