mp-1226111.cif
Co 1.9529265362773442 1.73260107 0.432066752613796
Co 4.734164089120554 1.73260107 2.832180706568873
Co 3.5048944940070217 0.0 6.078739807896912
Co 0.8059306069124537 0.0 3.689185710397598
Co 5.290559849574985 1.73260107 5.443796836653806
Co 2.968698559981287 0.0 2.176449283387789
Co 0.13989137151834624 0.0 1.0881364141157037
Ni 2.584812516814032 1.73260107 4.327842847493323
P 4.105478821731931 1.73260107 0.7936290412100641
P 1.3558948897578602 1.73260107 2.457137987405969
P 1.3393933855203233 0.0 5.749585275930056
P 4.182187647047299 0.0 4.056561237826502
