mp-1223857.cif
In 4.306968 0.0 0.0
In 4.306968 0.0 3.510046
In 0.0 0.0 3.510046
In 0.0 4.306968 3.510046
In 0.0 4.306968 0.0
In 4.306968 4.306968 0.0
Ga 0.0 0.0 0.0
Ga 4.306968 4.306968 3.510046
Te 5.821263493055998 5.821263493055998 5.144990326339999
Te 7.099640506944001 7.099640506944001 1.6349443263399999
Te 7.099640506944001 1.5142954930560002 5.385147673660001
Te 5.821263493055998 2.792672506944 1.87510167366
Te 1.5142954930560002 1.5142954930560002 1.6349443263399999
Te 2.792672506944 2.792672506944 5.144990326339999
Te 2.792672506944 5.821263493055998 1.87510167366
Te 1.5142954930560002 7.099640506944001 5.385147673660001
