mp-1078751.cif
Na 1.8546042 0.6783115198919836 7.090080080925194
Na 0.0 4.664347060108017 1.4412126159251943
Na 0.0 1.8690691595837325 10.240254851975628
Na 1.8546042 3.4735894204162676 4.591387386975625
Na 0.0 6.020970099891984 7.090080080925194
Na 1.8546042 10.007005640108016 1.4412126159251943
Na 1.8546042 7.211727739583733 10.240254851975628
Na 0.0 8.816248000416268 4.591387386975625
Pd 1.8546042 3.894479148102774 8.455165056594222
Pd 0.0 1.448179431897226 2.8062975915942205
Pd 0.0 9.237137728102775 8.455165056594222
Pd 1.8546042 6.790838011897225 2.8062975915942205
Se 0.0 2.9676939343014404 7.082322378258161
Se 1.8546042 2.37496464569856 1.4334549132581604
Se 0.0 4.838137546231464 9.81500890005187
Se 1.8546042 0.5045210337685364 4.166141435051871
Se 1.8546042 8.31035251430144 7.082322378258161
Se 0.0 7.71762322569856 1.4334549132581604
Se 1.8546042 10.180796233084635 9.81500890005187
Se 0.0 5.847179506915365 4.166141435051871
