mp-1220141.cif
Ni 2.086710967810831 8.44269299101131 17.42495833169166
Ni 2.086710967810831 1.8949469889886887 0.5653746383083427
Ni 2.0896286421891697 7.063766978988689 8.429791846691659
Ni 2.0896286421891697 3.273873001011312 9.560541123308342
Ni 0.0041594254345795004 9.419885908243158 16.278141528892807
Ni 0.0041594254345795004 0.9177540717568419 1.7121914411071948
Ni 4.172180184565421 6.086574061756842 7.282975043892805
Ni 4.172180184565421 4.2510659182431585 10.707357926107195
Ni 4.173917708896765 8.572624617015535 0.9324175493388658
Ni 4.173917708896765 1.7650153629844645 17.057915420661136
Ni 0.0024219011032351003 6.933835352984465 9.927584034338865
Ni 0.0024219011032351003 3.403804627015536 8.062748935661135
Ni 2.085527476692149 9.745600960688206 1.874327697869352
Ni 2.085527476692149 0.5920390193117954 16.11600527213065
Ni 2.090812133307851 5.760859009311796 10.869494182869355
Ni 2.090812133307851 4.576780970688205 7.1208387871306495
Bi 2.0692506524595315 8.630201446777344 14.745216559698475
Bi 2.0692506524595315 1.707438533222657 3.2451164103015264
Bi 2.1070889575404688 6.876258523222658 5.750050074698474
Bi 2.1070889575404688 3.4613814567773433 12.240282895301526
Bi 2.0706765800925737 7.068849066179257 1.7329929435070865
Bi 2.0706765800925737 3.2687909138207436 16.257340026492912
Bi 2.1056630299074266 8.437610903820744 10.728159428507087
Bi 2.1056630299074266 1.9000290761792566 7.262173541492915
Bi 0.016048127875574303 6.810549175464982 16.892915822503472
Bi 0.016048127875574303 3.5270908045350167 1.0974171474965286
Bi 4.160291482124427 8.695910794535017 7.897749337503472
Bi 4.160291482124427 1.6417291854649834 10.092583632496533
Bi 0.016387121361718 9.286426149090161 3.5241847940754525
Bi 0.016387121361718 1.0512138309098402 14.46614817592455
Bi 4.159952488638282 6.220033820909839 12.519351279075453
Bi 4.159952488638282 4.11760615909016 5.470981690924547
S 3.1273892718543506 0.0 0.0
S 1.0489503381456502 5.16881999 8.995166485
