mp-16511.cif
Mn 3.749288492323841e-08 1.5394236212386554 1.95709195
Mn 6.165397005567933 0.7697118430891183 5.87127585
Mn 1.3331799444320673 0.7697118430891183 5.87127585
Mn 2.4161084930750505 5.724246352782898 1.95709195
Mn -2.4161084930750465 5.724246352782898 1.95709195
Mn 3.7492885124928854 4.954534509693779 5.87127585
Al 0.0 0.0 0.0
Al 0.0 0.0 3.9141839
Al 5.920485631992701e-16 5.928646217597666 1.95709195
Al 2.364218715509896 2.964323108798833 5.87127585
Al 5.1343582344901035 2.964323108798833 5.87127585
Al -1.3850697594901034 3.5296350221336015 1.95709195
Al 1.3850697594901042 3.5296350221336015 1.95709195
Al 3.7492884749999993 0.5653119133347677 5.87127585
Al 2.5110398841671243e-16 2.6298440674549823 7.337210837505252
Al 5.221065179592189 1.3149220337274912 3.4230269375052518
Al 2.2775117704078114 1.3149220337274912 3.4230269375052518
Al 1.4717767045921895 5.179036097204944 7.337210837505252
Al -1.4717767045921866 5.179036097204944 7.337210837505252
Al 3.7492884750000015 3.8641140634774525 0.491156962494748
Al 5.221065179592189 1.3149220337274912 0.491156962494748
Al 3.7492884750000015 3.8641140634774525 3.4230269375052518
Al 2.2775117704078114 1.3149220337274912 0.491156962494748
Al 1.4717767045921895 5.179036097204944 4.405340862494746
Al 2.5110398841671243e-16 2.6298440674549823 4.405340862494746
Al -1.4717767045921866 5.179036097204944 4.405340862494746
