mp-1207717.cif
Y 0.0 0.0 0.0
Y 3.87533029 3.87533029 0.0
Y 1.209088324224898 5.084418614224898 1.9573766628999
Y 2.6662419657751015 6.541572255775102 4.906818257100101
Y 6.541572255775102 2.6662419657751015 1.9573766628999
Y 2.6662419657751015 1.209088324224898 1.9573766628999
Y 6.541572255775102 5.084418614224898 4.906818257100101
Y 5.084418614224898 1.209088324224898 4.906818257100101
Y 1.209088324224898 2.6662419657751015 4.906818257100101
Y 5.084418614224898 6.541572255775102 1.9573766628999
Y 3.87533029 3.87533029 6.864194919999998
Y 0.0 0.0 6.864194919999998
Y 5.084418614224898 1.2090884017315038 8.821571582899896
Y 6.541572255775102 2.666241888268496 11.771013177100098
Y 2.666241888268496 6.541572255775102 8.821571582899896
Y 6.541572255775102 5.084418614224898 8.821571582899896
Y 2.666241888268496 1.2090884017315038 11.771013177100098
Y 1.2090884017315038 5.084418614224898 11.771013177100098
Y 5.084418614224898 6.541572255775102 11.771013177100098
Y 1.2090884017315038 2.666241888268496 8.821571582899896
Sb 0.0 0.0 3.432097459999999
Sb 3.87533029 3.87533029 3.432097459999999
Sb 3.87533029 3.87533029 10.29629238
Sb 0.0 0.0 10.29629238
Pd 4.93260270512736 1.0572724151273596 0.0
Pd 2.8180578748726406 6.693388164872638 0.0
Pd 6.693388164872638 4.93260270512736 0.0
Pd 1.0572724151273596 2.8180578748726406 0.0
Pd 1.0572724151273596 4.93260270512736 6.864194919999998
Pd 6.693388164872638 2.8180578748726406 6.864194919999998
Pd 2.8180578748726406 1.0572724151273596 6.864194919999998
Pd 4.93260270512736 6.693388164872638 6.864194919999998
