mp-1029737.cif
Ca 6.243346976179998 3.6112019927248533 1.4688485328352712
Ca 3.4876500251550238 4.192626009184386 6.940862466387632
Ca 6.3759170141220265 3.353391116162817 8.176694726856436
Ca 3.355079987212993 4.450436885746423 0.23301627236646816
Ca 6.325365866282784 3.9418700119246055 4.844842916363314
Ca 3.405631135052236 3.8619579899846337 3.56486808285959
Ca 4.464334833199748 6.753229208497321 5.176858306612635
Ca 5.266662168135273 1.0505987934119196 3.2328526926102685
V 7.339575480159019 6.4150457165615515 6.343907540818794
V 2.391421521176001 1.388782285347687 2.06580345840411
N 8.263951220919939 5.380284852352683 5.144758439728601
N 1.4670457804150818 2.4235431495565565 3.2649525594943025
N 8.503775931340806 6.6191106795335095 7.754712248337427
N 1.2272210699942154 1.1847173223757304 0.6549987508854751
N 5.802841960758587 5.38892430502169 6.744268652358798
N 3.9281550405764354 2.414903696887549 1.6654423468641049
N 5.205954016310762 5.4708965228067274 2.958141073109653
N 4.5250429850242595 2.3329314791025118 5.45156992611325
