mp-1216178.cif
Y 2.1451951364519513 1.2385289647242308 5.716582383438
Y 2.1451951364519513 1.2385289647242308 13.132195809381
Y 2.1451951364519513 1.2385289647242308 20.553761361393
Y 2.1451951364519513 1.2385289647242308 1.760380296969
Y 2.1451951364519513 1.2385289647242308 9.199757641974
Y 2.1451951364519513 1.2385289647242308 16.60687758465
Ga -2.145195037358493e-08 2.477057966604331 7.543974257049
Ga -2.145195037358493e-08 2.477057966604331 14.961482554587
Ga -2.145195037358493e-08 2.477057966604331 3.445902019632
Ga -2.145195037358493e-08 2.477057966604331 10.862696953746
Ga -2.145195037358493e-08 2.477057966604331 18.26700802794
Ga 0.0 0.0 4.044235591512
Ga 0.0 0.0 11.449304614344001
Ga 0.0 0.0 18.847150832507996
Cu 0.0 0.0 7.276507558262999
Cu 0.0 0.0 14.682490577982001
Cu 0.0 0.0 22.17557081325
Cu -2.145195037358493e-08 2.477057966604331 0.10751724356100001
