mp-1186004.cif
Mn 0.0 0.0 0.0
Mn 0.0 3.08140774 3.08140774
Mn 3.08140774 0.0 3.08140774
Mn 3.08140774 3.08140774 0.0
Ga 3.08140774 0.0 0.0
Ga 3.08140774 3.08140774 3.08140774
Ga 0.0 0.0 3.08140774
Ga 0.0 3.08140774 0.0
Pd 1.54070387 1.54070387 4.622111610000001
Pd 1.54070387 4.622111610000001 4.622111610000001
Pd 1.54070387 4.622111610000001 1.54070387
Pd 1.54070387 1.54070387 1.54070387
Pd 4.622111610000001 1.54070387 1.54070387
Pd 4.622111610000001 4.622111610000001 1.54070387
Pd 4.622111610000001 4.622111610000001 4.622111610000001
Pd 4.622111610000001 1.54070387 4.622111610000001
