mp-1198803.cif
Sc 4.452753678506737 1.1661606451238058 8.536906532751994
Sc 0.8656712485067376 2.450430999876194 12.141638472248006
Sc 2.7214111814932638 6.067022644876194 1.6440581977519944
Sc 6.308493611493264 4.782752290123806 5.2487901372480055
Sc 2.7214111814932638 6.067022644876194 5.2487901372480055
Sc 6.308493611493264 4.782752290123806 1.6440581977519944
Sc 4.452753678506737 1.1661606451238058 12.141638472248006
Sc 0.8656712485067376 2.450430999876194 8.536906532751994
Sc 3.356942395456061 4.892340224859275 8.27763576476907
Sc 6.944024825456062 5.957434710140726 12.40090924023093
Sc 3.81722246454394 2.3408430651407253 1.38478742976907
Sc 0.23014003454394003 1.2757485798592747 5.50806090523093
Sc 3.81722246454394 2.3408430651407253 5.50806090523093
Sc 0.23014003454394003 1.2757485798592747 1.38478742976907
Sc 3.356942395456061 4.892340224859275 12.40090924023093
Sc 6.944024825456062 5.957434710140726 8.27763576476907
Sc 5.648893433133408 3.5954740047256806 10.3392725025
Sc 2.0618110031334083 0.0211176402743195 10.3392725025
Sc 1.5252714268665923 3.63770928527432 3.4464241675
Sc 5.112353856866592 7.212065649725682 3.4464241675
Ge 5.161438918905524 6.99898004825309 6.298459963810313
Ge 1.574356488905523 3.8507948867469106 0.5943883711896877
Ge 2.012725941094478 0.23420324174690998 13.191308298810311
Ge 5.599808371094479 3.38238840325309 7.487236706189688
Ge 2.012725941094478 0.23420324174690998 7.487236706189688
Ge 5.599808371094479 3.38238840325309 13.191308298810311
Ge 5.161438918905524 6.99898004825309 0.5943883711896877
Ge 1.574356488905523 3.8507948867469106 6.298459963810313
Ge 3.0157259859927663 2.7557896695928186 10.3392725025
Ge 6.602808415992767 0.8608019754071815 10.3392725025
Ge 4.158438874007234 4.477393620407182 3.4464241675
Ge 0.5713564440072338 6.372381314592819 3.4464241675
Ge 4.73347408627138 6.210312729169424 10.3392725025
Ge 1.1463916562713785 4.639462205830577 10.3392725025
Ge 2.4406907737286216 1.0228705608305768 3.4464241675
Ge 6.027773203728624 2.593721084169423 3.4464241675
