mp-1209036.cif
Sc 1.1600419911020001 1.1600419911020001 0.0
Sc 6.524340008898 6.524340008898 0.0
Sc 2.682149008898 5.002232991102001 3.533274
Sc 5.002232991102001 2.682149008898 3.533274
Sc 2.429225259749999 5.25515674025 0.0
Sc 5.25515674025 2.429225259749999 0.0
Sc 6.2714162597500005 6.2714162597500005 3.533274
Sc 1.4129657402500002 1.4129657402500002 3.533274
Sn 0.0 3.8421909999999992 1.766637
Sn 0.0 3.8421909999999992 5.299911
Sn 3.8421909999999992 0.0 1.766637
Sn 3.8421909999999992 0.0 5.299911
Au 2.8448888508940002 2.8448888508940002 1.5258655765440006
Au 4.839493149106 4.839493149106 5.540682423456
Au 4.839493149106 4.839493149106 1.5258655765440006
Au 0.9973021491060001 6.687079850894 5.059139576544
Au 0.9973021491060001 6.687079850894 2.007408423456
Au 2.8448888508940002 2.8448888508940002 5.540682423456
Au 6.687079850894 0.9973021491060001 2.007408423456
Au 6.687079850894 0.9973021491060001 5.059139576544
