mp-15684.cif
K 4.912407569771881 6.72026194992747 4.3702499925
K 2.6795812002281205 3.32769867007253 1.4567499975
K 2.6795812002281205 6.72026194992747 1.4567499975
K 4.912407569771881 3.32769867007253 4.3702499925
K 1.1164131847718797 1.69628163992747 4.3702499925
K 6.47557558522812 8.35167898007253 1.4567499975
K 6.47557558522812 1.69628163992747 1.4567499975
K 1.1164131847718797 8.35167898007253 4.3702499925
Cu 3.795994385 0.0 2.913499995
Cu 3.795994385 0.0 0.0
Cu 0.0 5.02398031 2.913499995
Cu 0.0 5.02398031 0.0
As 5.612165957655705 0.0 4.3702499925
As 1.9798228123442956 0.0 1.4567499975
As 1.8161715726557046 5.02398031 4.3702499925
As 5.775817197344297 5.02398031 1.4567499975
