mp-1224372.cif
Hf 2.6498771114987707 1.5299072330450985 8.054250100784
Hf -2.649877037245471e-08 3.0598145119874145 0.543901899216
Hf -2.649877037245471e-08 3.0598145119874145 3.7551741007840005
Hf 2.6498771114987707 1.5299072330450985 4.842977899216001
Si 0.0 0.0 0.0
Si 0.0 0.0 4.299076
Mo 4.918260988185886e-16 1.5624697942179284 6.448614000000001
Mo 1.2967385505614306 3.808486847923549 6.448614000000001
Mo -1.2967385505614288 3.808486847923549 6.448614000000001
Mo 2.6498770850000004 3.027251950814585 2.149538
Mo 1.3531385344385702 0.7812348971089642 2.149538
Mo 3.94661563556143 0.7812348971089642 2.149538
