mp-1094021.cif
Zn 5.92159275221959 8.508029565418399 1.5247928637743817
Zn -1.440788483341231 2.8517620995815998 4.574378591323146
Zn -0.4802628277804103 0.9892106581882 1.5247928637743817
Zn 4.961067096658769 10.370581006811799 4.574378591323146
Zn -0.4802628277804103 4.88418786553341 1.5247928637743817
Zn 4.961067096658769 6.47560379946659 4.574378591323146
Zn -0.4802628277804103 19.8678212304184 1.5247928637743817
Zn 4.961067096658769 14.211553764581598 4.574378591323146
Zn 5.92159275221959 12.3490023231882 1.5247928637743817
Zn -1.440788483341231 21.7303726718118 4.574378591323146
Zn 5.92159275221959 16.24397953053341 1.5247928637743817
Zn -1.440788483341231 17.83539546446659 4.574378591323146
Ga 2.0093295276899337 8.479516488339248 2.278333298708771
Ga 9.833855976749247 8.479516488339248 0.7712524288399926
Ga 2.4714747411884255 2.8802751766607497 3.820838156388756
Ga 7.450659452129113 2.8802751766607497 5.327919026257534
Ga 8.449839731181585 0.92595933819748 2.2993083493428514
Ga 3.3933457732575936 0.92595933819748 0.750277378205912
Ga 8.83467569769677 10.43383232680252 3.799863105754676
Ga 1.0874584956207658 10.43383232680252 5.3488940768916144
Ga 8.143043388545793 4.60141993140823 2.1125395210448548
Ga 3.700142115893387 4.60141993140823 0.9370462065039085
Ga 9.141472040332568 6.758371733591769 3.9866319340526717
Ga 0.7806621529849721 6.758371733591769 5.162125248593618
Ga 8.411185107689933 19.83930815333925 2.278333298708771
Ga 3.4320003967492463 19.83930815333925 0.7712524288399926
Ga 8.873330321188426 14.240066841660749 3.820838156388756
Ga 1.0488038721291129 14.240066841660749 5.327919026257534
Ga 2.047984151181587 12.285751003197479 2.2993083493428514
Ga 9.79520135325759 12.285751003197479 0.750277378205912
Ga 2.4328201176967728 21.793623991802523 3.799863105754676
Ga 7.489314075620766 21.793623991802523 5.3488940768916144
Ga 1.7411878085457928 15.96121159640823 2.1125395210448548
Ga 10.101997695893388 15.96121159640823 0.9370462065039085
Ga 2.7396164603325666 18.11816339859177 3.9866319340526717
Ga 7.182517732984972 18.11816339859177 5.162125248593618
S 4.112173457496847 8.36341941752295 3.136547714155544
S 5.809960735820691 8.36341941752295 6.012209468490746
S 0.36863081138151177 2.99637224747705 2.962623740941983
S 11.47455469305767 2.99637224747705 0.08696198660678053
S 10.505476727894418 0.9817018358976349 3.137419895673623
S -0.5833425345768783 0.9817018358976349 6.011337286972667
S 6.779038700983942 10.378089829102365 2.961751559423904
S 5.064146803455237 10.378089829102365 0.08783416812485949
S 10.229969873017415 4.9134620486541145 3.07968513867967
S -0.3078356796998758 4.9134620486541145 6.069072043966621
S 7.054545555860946 6.446329616345885 3.019486316417857
S 4.7886399485782345 6.446329616345885 0.030099411130906296
S 7.112517769286411 2.6952128106462347 3.016894168549441
S 4.730667735152768 2.6952128106462347 0.032691558999322745
S 10.171997659591948 8.664578854353765 3.0822772865480865
S -0.24986346627440922 8.664578854353765 6.066479896098204
S 0.837206044886993 10.41985978305457 3.021126993539278
S 11.005979459552186 10.41985978305457 0.02845873400948506
S 3.6435982239913662 0.9399318819454299 3.0780444615582483
S 6.278535969326174 0.9399318819454299 6.070712721088042
S 0.607755715705409 6.806889403792985 2.928163422220682
S 11.235429788733772 6.806889403792985 0.12142230532808156
S 3.87304855317295 4.552902261207015 3.1710080328768453
S 6.049085640144589 4.552902261207015 5.977749149769445
S 10.514029037496849 19.723211082522948 3.136547714155544
S -0.5918948441793087 19.723211082522948 6.012209468490746
S 6.770486391381511 14.35616391247705 2.962623740941983
S 5.072699113057668 14.35616391247705 0.08696198660678053
S 4.103621147894416 12.341493500897634 3.137419895673623
S 5.8185130454231215 12.341493500897634 6.011337286972667
S 0.37718312098394213 21.737881494102364 2.961751559423904
S 11.466002383455239 21.737881494102364 0.08783416812485949
S 3.828114293017414 16.273253713654114 3.07968513867967
S 6.0940199003001245 16.273253713654114 6.069072043966621
S 0.6526899758609448 17.806121281345884 3.019486316417857
S 11.190495528578236 17.806121281345884 0.030099411130906296
S 0.7106621892864112 14.055004475646236 3.016894168549441
S 11.132523315152769 14.055004475646236 0.032691558999322745
S 3.7701420795919476 20.024370519353763 3.0822772865480865
S 6.151992113725591 20.024370519353763 6.066479896098204
S 7.239061624886994 21.77965144805457 3.021126993539278
S 4.604123879552187 21.77965144805457 0.02845873400948506
S 10.045453803991366 12.299723546945431 3.0780444615582483
S -0.12331961067382767 12.299723546945431 6.070712721088042
S 7.00961129570541 18.16668106879299 2.928163422220682
S 4.83357420873377 18.16668106879299 0.12142230532808156
S 10.274904133172951 15.912693926207012 3.1710080328768453
S -0.35276993985541216 15.912693926207012 5.977749149769445
