mp-17148.cif
Na 1.7952124337873512 7.007352437301248 9.3890128008405
Na -5.347696527503084 3.3916652673012466 10.317317317204855
Na -1.6754126529311728 0.22402190269875444 3.748540611189736
Na 5.467496308359261 3.8397090726987546 2.8202360948253826
Na -1.150788686372081 7.2205983628997625 11.73410247591085
Na -2.4016954073436505 3.6049111928997633 7.972227642134507
Na 1.2705884672282601 0.010775977100237805 1.4034509361193876
Na 2.5214951881998298 3.6264631471002375 5.165325769895731
Na -2.101665796852824 7.208790613308694 7.933930360183096
Na -1.4508182968629093 3.5931034433086935 11.77239975786226
Na 2.2214655777090018 0.0225837266913068 5.203623051847141
Na 1.5706180777190872 3.638270896691307 1.365153654167978
Ga 0.7019207974277916 2.5636517174444293 7.647794709620147
Ga -4.2544048911435235 6.1793388874444295 12.05853540842521
Ga -0.5821210165716127 4.667722622555573 5.489758702410091
Ga 4.374204671999704 1.0520354525555706 1.0790180036050276
Se -4.222320321130422 1.426650002747391 12.17168863046089
Se 0.6698362274146895 5.042337172747391 7.534641487584467
Se 4.3421201019866 5.804724337252611 0.9658647815693475
Se -0.5500364465585111 2.189037167252609 5.602911924445771
Se -3.0981593946510166 5.4321760799647 10.129770465589477
Se -0.45432469906471545 1.8164889099647004 9.576559652455883
Se 3.2179591755071946 1.7991982600352998 3.007782946440764
Se 0.5741244799208947 5.414885430035302 3.560993759574355
Se 2.9154624512479814 1.7376624462066095 7.516967668354796
Se -6.467946544963716 5.35334961620661 12.189362449690561
Se -2.7956626703918053 5.493711893793391 5.620585743675441
Se 6.587746325819893 1.878024723793391 0.9481909623396775
