mp-1072255.cif
Sc 1.6921214925 5.0763644775 1.6921214925
Sc 1.6921214925 1.6921214925 5.0763644775
Sc 5.0763644775 5.0763644775 5.0763644775
Sc 5.0763644775 1.6921214925 1.6921214925
Ni 0.8487835727860117 4.233026557786012 4.233026557786012
Ni 2.5354594122139886 5.919702397213989 4.233026557786012
Ni 2.5354594122139886 4.233026557786012 5.919702397213989
Ni 0.8487835727860117 5.919702397213989 5.919702397213989
Ni 0.8487835727860117 0.8487835727860117 0.8487835727860117
Ni 2.5354594122139886 2.5354594122139886 0.8487835727860117
Ni 2.5354594122139886 0.8487835727860117 2.5354594122139886
Ni 0.8487835727860117 2.5354594122139886 2.5354594122139886
Ni 4.233026557786012 4.233026557786012 0.8487835727860117
Ni 5.919702397213989 5.919702397213989 0.8487835727860117
Ni 5.919702397213989 4.233026557786012 2.5354594122139886
Ni 4.233026557786012 5.919702397213989 2.5354594122139886
Ni 4.233026557786012 0.8487835727860117 4.233026557786012
Ni 5.919702397213989 2.5354594122139886 4.233026557786012
Ni 5.919702397213989 0.8487835727860117 5.919702397213989
Ni 4.233026557786012 2.5354594122139886 5.919702397213989
Au 3.384242985 3.384242985 3.384242985
Au 3.384242985 0.0 0.0
Au 0.0 3.384242985 0.0
Au 0.0 0.0 3.384242985
