mp-13967.cif
Nb 0.0 0.0 1.799020015
Nb 1.9979317102558687 8.873558037680901 0.0
Nb 3.7739332576809 3.1016930697441305 1.799020015
Nb 6.425316302319098 7.09755649025587 1.799020015
Nb 8.201317849744129 1.3256915223190993 0.0
Nb 5.099624779999999 5.099624779999999 0.0
Nb 7.09755649025587 3.7739332576809 1.799020015
Nb 8.873558037680901 8.201317849744129 0.0
Nb 1.3256915223190993 1.9979317102558687 0.0
Nb 3.1016930697441305 6.425316302319098 1.799020015
Cu 5.92187226670539 1.0566868251365773 1.799020015
Cu 4.2773772932946095 9.142562734863423 1.799020015
Cu 4.042937954863423 0.8222474867053907 0.0
Cu 6.156311605136576 9.377002073294609 0.0
Cu 0.8222474867053907 6.156311605136576 0.0
Cu 9.377002073294609 4.042937954863423 0.0
Cu 9.142562734863423 5.92187226670539 1.799020015
Cu 1.0566868251365773 4.2773772932946095 1.799020015
Si 4.505753789817349 7.690643464124842 0.0
Si 2.5910186841248426 0.5938709901826509 1.799020015
Si 7.608230875875157 9.605378569817349 1.799020015
Si 5.693495770182651 2.508606095875157 0.0
Si 9.605378569817349 2.5910186841248426 1.799020015
Si 7.690643464124842 5.693495770182651 0.0
Si 2.508606095875157 4.505753789817349 0.0
Si 0.5938709901826509 7.608230875875157 1.799020015
