mp-1189774.cif
V 5.193827483753 6.262052266247 2.4548313750000004
V 4.6254980162470005 0.28416473375300005 5.727939875000001
V 1.352389516247 2.9889437662470004 0.818277125
V 1.9207189837529999 3.5572732337530004 4.091385625
V 6.262052266247 2.4548313750000004 5.193827483753
V 0.28416473375300005 5.727939875000001 4.6254980162470005
V 2.9889437662470004 0.818277125 1.352389516247
V 3.5572732337530004 4.091385625 1.9207189837529999
V 2.4548313750000004 5.193827483753 6.262052266247
V 5.727939875000001 4.6254980162470005 0.28416473375300005
V 0.818277125 1.352389516247 2.9889437662470004
V 4.091385625 1.9207189837529999 3.5572732337530004
Ga 1.229719955884 5.316497044116 2.043388544116
Ga 2.043388544116 1.229719955884 5.316497044116
Ga 5.316497044116 2.043388544116 1.229719955884
Ga 4.502828455884001 4.502828455884001 4.502828455884001
Ga 3.679942794116 2.8662742058840003 6.1393827058840005
Ga 2.8662742058840003 6.1393827058840005 3.679942794116
Ga 6.1393827058840005 3.679942794116 2.8662742058840003
Ga 0.40683429411600003 0.40683429411600003 0.40683429411600003
