mp-1186938.cif
Sc 1.7233188149999996 5.169956445 5.169956445
Sc 1.7233188149999996 1.7233188149999996 5.169956445
Sc 1.7233188149999996 1.7233188149999996 1.7233188149999996
Sc 1.7233188149999996 5.169956445 1.7233188149999996
Sc 5.169956445 5.169956445 1.7233188149999996
Sc 5.169956445 1.7233188149999996 1.7233188149999996
Sc 5.169956445 1.7233188149999996 5.169956445
Sc 5.169956445 5.169956445 5.169956445
Cd 0.0 0.0 0.0
Cd 0.0 3.4466376299999992 3.4466376299999992
Cd 3.4466376299999992 0.0 3.4466376299999992
Cd 3.4466376299999992 3.4466376299999992 0.0
Au 3.4466376299999992 0.0 0.0
Au 3.4466376299999992 3.4466376299999992 3.4466376299999992
Au 0.0 0.0 3.4466376299999992
Au 0.0 3.4466376299999992 0.0
