mp-1028409.cif
Mo 0.0 0.0 3.5525914101150016
Mo -1.6617728514182926e-08 1.9188500545677925 10.659173767
Mo -1.6617728514182926e-08 1.9188500545677925 24.871695450415004
W 0.0 0.0 17.765037442900006
Se 0.0 0.0 12.335326950595
Se 0.0 0.0 26.547356904915013
Se -1.6617728514182926e-08 1.9188500545677925 1.8770056062450005
Se -1.6617728514182926e-08 1.9188500545677925 16.08097876847
Se -1.6617728514182926e-08 1.9188500545677925 5.22859329245
Se -1.6617728514182926e-08 1.9188500545677925 19.448906990755006
Se 0.0 0.0 8.98283145683
Se 0.0 0.0 23.195353140245
