mp-1190981.cif
Sr 3.0722745 6.3204495126000015 0.691661616301
Sr 1.0240915 2.2119354874000012 15.830365383699002
Sr 1.0240915 6.4781279874 8.952675116301
Sr 3.0722745 2.0542570126 7.569351883699001
Sr 1.0240915 7.8479170753 4.706828095814001
Sr 3.0722745 0.6844679247 11.815198904186001
Sr 3.0722745 4.950660424700001 12.967841595814
Sr 1.0240915 3.5817245752999995 3.554185404186
Zn 3.0722745 5.3494385024449995 6.057487281037
Zn 1.0240915 3.182946497555001 10.464539718963
Zn 1.0240915 7.449138997555002 14.318500781037002
Zn 3.0722745 1.0832460024450001 2.203526218963
S 3.0722745 5.812124143840002 3.741165183745
S 1.0240915 2.7202608561600004 12.780861816255
S 1.0240915 6.986453356159999 12.002178683745003
S 3.0722745 1.5459316438400006 4.5198483162550005
S 1.0240915 8.45745359493 1.631665820439
S 3.0722745 0.07493140507 14.890361179561001
S 3.0722745 4.341123905070002 9.892679320439001
S 1.0240915 4.19126109493 6.6293476795610005
S 3.0722745 7.45669015828 7.073839771942001
S 1.0240915 1.0756948417199999 9.448187228058
S 1.0240915 5.341887341720001 15.334853271942002
S 3.0722745 3.1904976582799995 1.1871737280580001
