mp-1103583.cif
Tl 4.952686094526862 2.859434592698107 1.128992
Tl -4.9526859605184456e-08 5.718869271179252 3.386975999999999
Mo 4.02919829967721 7.343508492495395 1.128992
Mo -0.6076202874308246 1.4171615332241312 1.128992
Mo -3.4215780122463832 8.39593770203519 1.128992
Mo 0.9234877453227902 1.2347953713819622 3.386975999999999
Mo 5.560306332430828 7.161142330653226 3.386975999999999
Mo 8.374264057246386 0.18236616184216878 3.386975999999999
Se 6.145456283275487 5.777702109917999 1.128992
Se 6.883594706050196 0.36733154975509236 1.128992
Se 1.8290071456743204 2.4332702042042684 1.128992
Se -1.1927702382754846 2.800601753959361 3.386975999999999
Se -1.9309086610501933 8.210972314122266 3.386975999999999
Se 3.123678899325681 6.145033659673091 3.386975999999999
