mp-1216851.cif
V 0.7353189052905825 1.483016585 16.291113835306945
V 0.8975960597601971 1.483016585 7.642391094823173
V 7.494149184368928 1.483016585 9.629024635497208
V 7.656426338838544 1.483016585 0.9803018950134342
V 3.099675668187468 0.0 11.911882127217698
V 3.3308565769974354 0.0 3.378361284082577
V 5.0608886671316915 0.0 13.893054446237805
V 5.2920695759416585 0.0 5.359533603102684
V 5.067423460294312 1.483016585 16.161616732586623
V 5.308462225111161 1.483016585 7.585619087746824
V 3.083283019017964 1.483016585 9.685796642573557
V 3.324321783834815 1.483016585 1.1097989977337586
V 7.469029497501498 0.0 11.800101179182748
V 7.636651995095933 0.0 3.250512737993712
V 0.7550932490331936 0.0 14.02090299232667
V 0.9227157466276293 0.0 5.471314551137633
V 7.324004352322991 1.483016585 13.920393197483172
V 7.517276357099712 1.483016585 5.424673092957901
V 0.8744688870294148 1.483016585 11.846742637362478
V 1.0677408918061362 1.483016585 3.35102253283721
V 2.9824186153553947 0.0 16.26935271505753
V 3.0945016905263456 0.0 7.685167210162457
V 5.2972435536027795 0.0 9.586248520157923
V 5.409326628773731 0.0 1.0020630152628516
V 5.439932770150425 1.483016585 11.5660496614832
V 5.682099901652053 1.483016585 3.0061156422717006
V 2.709645342477073 1.483016585 14.265300088048681
V 2.951812473978702 1.483016585 5.705366068837181
V 7.033599041569536 0.0 15.898971004432273
V 7.421090738648539 0.0 7.5213258972623915
V 0.9706545054805876 0.0 9.75008983305799
V 1.3581462025595885 0.0 1.3724447258881114
N 4.075790606047593 1.483016585 12.91529904875965
N 4.315954638081533 1.483016585 4.356116681560732
N 0.0 0.0 0.0
