mp-1080466.cif
Nb 7.091732626168188 0.0 2.643483690683387
Nb 0.6269135848704845 0.0 6.3937553334849655
Nb 0.9042719911681893 1.65187866 2.643483690683387
Nb 6.814374219870484 1.65187866 6.3937553334849655
Pd 0.0 0.0 0.0
Pd 6.187460635 1.65187866 0.0
S 8.644245931892698 0.0 6.887642705465522
S -0.9255997208540214 0.0 2.1495963187028306
S -0.48473493598200423 1.65187866 4.873723721445994
S 8.20338114702068 1.65187866 4.163515302722359
S 8.219438212544308 1.65187866 1.1517937639481102
S -0.5007920015056353 1.65187866 7.8854452602202425
S 2.4567852968926966 1.65187866 6.887642705465522
S 5.26186091414598 1.65187866 2.1495963187028306
S 5.7027256990179955 0.0 4.873723721445994
S 2.015920512020679 0.0 4.163515302722359
S 2.0319775775443105 0.0 1.1517937639481102
S 5.686668633494364 0.0 7.8854452602202425
