mp-1245988.cif
Sr 2.8820790556719644 1.3999497292873955 4.8975819151434425
Sr -0.2541588926072195 3.0712586161601405 3.294080400233112
Sr 1.0421275392621006 3.696371928913768 7.300311155515798
Sr 1.5857926238026452 0.7748364165337684 0.8913511598607534
Sr 3.0092292396665887 4.168621963513319 1.6584429940595597
Sr -0.3813090766018443 0.30258638193421694 6.533219321316993
Sc 2.8489823847878437 -0.7692677133020869 7.9084847407963
Sc -0.22106222172309978 5.240476058749623 0.2831775745802521
Sc 1.9643285645744095 5.555255095685338 4.7019732107145655
Sc 0.6635915984903347 -1.0840467502378013 3.489689104661989
Sc -1.8711086647832362 4.3999680659709615 5.80685643215024
Sc 4.49902882784798 0.07124027947657163 2.384805883226315
N 4.091863348201566 -1.9167028001680013 6.580116588072525
N -1.4639431851368219 6.3879111456155355 1.6115457273040295
N 3.0701440824235773 3.8173810276415057 4.2105471967528105
N -0.4422239193588328 0.6538273178060297 3.9811151186237437
N 2.0183340652695363 1.0742724205618452 7.278283775549753
N 0.6095860977952078 3.3969359248856903 0.9133785398268011
N -0.06799937478851663 5.1370312605200645 4.975984315163911
N 2.695919537853261 -0.6658229150725304 3.2156780002126433
N -1.366274956869386 2.97148221971391 7.224997012188228
N 3.9941951199341306 1.4997261257336256 0.9666653031883257
