mp-1183777.cif
Co 0.0 7.131256095161105 0.0
Co 3.11950966 7.131256095161105 3.12309532
Co 3.11950966 1.3549921248388952 0.0
Co 0.0 1.3549921248388952 3.12309532
Co 3.11950966 15.617504315161101 0.0
Co 0.0 15.617504315161101 3.12309532
Co 0.0 9.841240344838896 0.0
Co 3.11950966 9.841240344838896 3.12309532
Sn 4.136878839266619 8.48624822 1.0154910581651022
Sn 1.017369179266619 8.48624822 2.1076042618348976
Sn 5.22165014073338 8.48624822 4.138586378165102
Sn 2.1021404807333806 8.48624822 5.230699581834898
Sn 1.945207433048147 5.687008836318574 1.1924396426532882
Sn 5.064717093048147 5.687008836318574 1.930655677346712
Sn 1.1743022269518528 5.687008836318574 4.315534962653288
Sn 4.293811886951852 5.687008836318574 5.053750997346712
Sn 5.064717093048147 2.799239383681427 1.1924396426532882
Sn 1.945207433048147 2.799239383681427 1.930655677346712
Sn 4.293811886951852 2.799239383681427 4.315534962653288
Sn 1.1743022269518528 2.799239383681427 5.053750997346712
Sn 1.017369179266619 0.0 1.0154910581651022
Sn 4.136878839266619 0.0 2.1076042618348976
Sn 2.1021404807333806 0.0 4.138586378165102
Sn 5.22165014073338 0.0 5.230699581834898
Sn 5.064717093048147 14.173257056318572 1.1924396426532882
Sn 1.945207433048147 14.173257056318572 1.930655677346712
Sn 4.293811886951852 14.173257056318572 4.315534962653288
Sn 1.1743022269518528 14.173257056318572 5.053750997346712
Sn 1.945207433048147 11.285487603681428 1.1924396426532882
Sn 5.064717093048147 11.285487603681428 1.930655677346712
Sn 1.1743022269518528 11.285487603681428 4.315534962653288
Sn 4.293811886951852 11.285487603681428 5.053750997346712
