mp-1184994.cif
K 0.0 0.0 0.0
K 0.0 3.90012457 3.90012457
K 3.90012457 0.0 3.90012457
K 3.90012457 3.90012457 0.0
Hg 1.950062285 5.8501868550000005 5.8501868550000005
Hg 1.950062285 1.950062285 5.8501868550000005
Hg 3.90012457 0.0 0.0
Hg 1.950062285 1.950062285 1.950062285
Hg 1.950062285 5.8501868550000005 1.950062285
Hg 3.90012457 3.90012457 3.90012457
Hg 5.8501868550000005 5.8501868550000005 1.950062285
Hg 5.8501868550000005 1.950062285 1.950062285
Hg 0.0 0.0 3.90012457
Hg 5.8501868550000005 1.950062285 5.8501868550000005
Hg 5.8501868550000005 5.8501868550000005 5.8501868550000005
Hg 0.0 3.90012457 0.0
