mp-1217325.cif
Te 5.476692634375 0.760110365625 3.8785118656249997
Te 0.760110365625 3.8785118656249997 5.476692634375
Te 3.8785118656249997 5.476692634375 0.760110365625
Te 2.358291134375 2.358291134375 2.358291134375
As 0.768112183874 5.468690816126 2.350289316126
As 5.468690816126 2.350289316126 0.768112183874
As 2.350289316126 0.768112183874 5.468690816126
As 3.886513683874 3.886513683874 3.886513683874
Rh 3.183033489489 3.053769510511 6.172171010511
Rh 3.053769510511 6.172171010511 3.183033489489
Rh 6.172171010511 3.183033489489 3.053769510511
Rh 0.06463198948900001 0.06463198948900001 0.06463198948900001
