mp-17449.cif
Tc 3.305278603978277 0.021919107031046697 2.4375598101274054
Tc 4.762969152031046 1.4357714410217226 4.810610469872595
Tc 4.719130937968953 8.046328648978276 4.810610469872595
Tc 6.176821486021722 9.460180982968952 2.4375598101274054
Tc 6.652998898317393 6.700138021062817 1.4293974545050512
Tc 1.959087976062817 7.570151236682606 0.9866593054949488
Tc 7.523012113937182 1.911948853317393 0.9866593054949488
Tc 2.829101191682607 2.7819620689371827 1.4293974545050512
Tc 8.542155153543447 8.552166070355467 1.4871602495963199
Tc 3.8111160253554672 5.680994981456551 0.9288965104036799
Tc 5.670984064644531 3.8011051085434486 0.9288965104036799
Tc 0.9399449364565515 0.9299340196445322 1.4871602495963199
Tc 8.046328648978276 4.762969152031046 0.0215030501274056
Tc 0.021919107031046697 6.176821486021722 2.3945537098725946
Tc 9.460180982968952 3.305278603978277 2.3945537098725946
Tc 1.4357714410217226 4.719130937968953 0.0215030501274056
Tc 1.911948853317393 1.959087976062817 3.8454542145050516
Tc 6.700138021062817 2.829101191682607 3.402716065494948
Tc 2.7819620689371827 6.652998898317393 3.402716065494948
Tc 7.570151236682606 7.523012113937182 3.8454542145050516
Tc 3.8011051085434486 3.8111160253554672 3.90321700959632
Tc 8.552166070355467 0.9399449364565515 3.34495327040368
Tc 0.9299340196445322 8.542155153543447 3.34495327040368
Tc 5.680994981456551 5.670984064644531 3.90321700959632
P 6.721192076102653 9.456459258683628 4.830595511537692
P 4.715409213683627 7.501958058897346 2.417574768462308
P 4.766690876316372 1.9801420311026532 2.417574768462308
P 2.7609080138973465 0.0256408313163717 4.830595511537692
P 1.9801420311026532 4.715409213683627 2.414538751537692
P 9.456459258683628 2.7609080138973465 0.0015180084623080002
P 0.0256408313163717 6.721192076102653 0.0015180084623080002
P 7.501958058897346 4.766690876316372 2.414538751537692
