mp-1102080.cif
Sc 1.017155535 0.060696602778468195 5.148716706546345
Sc 1.017155535 3.3542627077784677 5.986996733453655
Sc 3.0514666050000003 6.526435607221532 2.2750922534536544
Sc 3.0514666050000003 3.2328695022215324 1.4368122265463454
Si 1.017155535 1.8614367441434723 2.9122053943530943
Si 1.017155535 5.155002849143473 0.7996990856469056
Si 3.0514666050000003 4.7256954658565276 4.511603565646905
Si 3.0514666050000003 1.432129360856528 6.624109874353094
Pd 1.017155535 1.124236327820914 0.5374765676093088
Pd 1.017155535 4.417802432820914 3.174427912390691
Pd 3.0514666050000003 5.462895882179086 6.886332392390691
Pd 3.0514666050000003 2.1693297771790863 4.249381047609309
