mp-1186942.cif
Sc 1.62748779 4.88246337 4.88246337
Sc 1.62748779 1.62748779 4.88246337
Sc 1.62748779 1.62748779 1.62748779
Sc 1.62748779 4.88246337 1.62748779
Sc 4.88246337 4.88246337 1.62748779
Sc 4.88246337 1.62748779 1.62748779
Sc 4.88246337 1.62748779 4.88246337
Sc 4.88246337 4.88246337 4.88246337
Ga 3.25497558 0.0 0.0
Ga 3.25497558 3.25497558 3.25497558
Ga 0.0 0.0 3.25497558
Ga 0.0 3.25497558 0.0
Ni 0.0 0.0 0.0
Ni 0.0 3.25497558 3.25497558
Ni 3.25497558 0.0 3.25497558
Ni 3.25497558 3.25497558 0.0
