mp-1189475.cif
Ti 4.770003 0.0 1.17904675
Ti 4.770003 0.0 3.5371402499999998
Ti 0.0 4.770003 3.5371402499999998
Ti 0.0 4.770003 1.17904675
V 5.456759411922 6.869844180654 2.3580935
V 4.083246588078 2.670161819346 2.3580935
V 5.456759411922 2.670161819346 0.0
V 4.083246588078 6.869844180654 0.0
V 7.440164819346 0.686756411922 0.0
V 2.099841180654 8.853249588078 0.0
V 2.099841180654 0.686756411922 2.3580935
V 7.440164819346 8.853249588078 2.3580935
V 0.686756411922 2.099841180654 0.0
V 8.853249588078 7.440164819346 0.0
V 0.686756411922 7.440164819346 2.3580935
V 8.853249588078 2.099841180654 2.3580935
V 2.670161819346 5.456759411922 2.3580935
V 6.869844180654 4.083246588078 2.3580935
V 6.869844180654 5.456759411922 0.0
V 2.670161819346 4.083246588078 0.0
Si 6.394479991682999 1.624476991683 2.3580935
Si 3.145526008317 7.915529008317001 2.3580935
Si 6.394479991682999 7.915529008317001 0.0
Si 3.145526008317 1.624476991683 0.0
Si 0.0 0.0 3.5371402499999998
Si 0.0 0.0 1.17904675
Si 1.624476991683 6.394479991682999 0.0
Si 7.915529008317001 3.145526008317 0.0
Si 1.624476991683 3.145526008317 2.3580935
Si 7.915529008317001 6.394479991682999 2.3580935
Si 4.770003 4.770003 1.17904675
Si 4.770003 4.770003 3.5371402499999998
