mp-1221530.cif
Mn 21.23686024078877 1.938 0.008730237996635672
Mn 24.627347608108817 0.0 0.007041333773286517
Mn 4.45476724078877 0.0 0.008730237996635672
Mn 7.845254608108815 1.938 0.007041333773286517
Zn 19.009358500852485 1.938 3.172816109273308
Zn 22.375277169960544 0.0 3.1706954550981252
Zn 25.741528083288465 1.938 3.1737050062329657
Zn 29.087709627583465 0.0 3.173673259912978
Zn 32.44261795274847 1.938 3.1735018297850437
Zn 17.886179023657945 0.0 6.346844927970149
Zn 27.97802418943097 1.938 6.345835394994538
Zn 31.322527953335985 0.0 6.3451560237468
Zn 2.227265500852487 0.0 3.172816109273308
Zn 5.593184169960543 1.938 3.1706954550981252
Zn 8.959435083288463 0.0 3.1737050062329657
Zn 12.305616627583465 1.938 3.173673259912978
Zn 15.66052495274847 0.0 3.1735018297850437
Zn 1.1040860236579433 1.938 6.346844927970149
Zn 11.19593118943097 0.0 6.345835394994538
Zn 14.540434953335987 1.938 6.3451560237468
S 18.975786365779143 1.938 5.541421742088531
S 22.373493140646975 0.0 5.509700819156755
S 25.77678926063852 1.938 5.527288280429977
S 29.090497967925867 0.0 5.551821836516522
S 32.43782071977488 1.938 5.55175199461255
S 17.9015307337365 0.0 2.3743898123169935
S 21.254101015971628 1.938 2.407609161552192
S 24.61219755194662 0.0 2.4080218637120328
S 27.96964604944253 1.938 2.3733358344933997
S 31.32602864635643 0.0 2.3770184076119807
S 2.193693365779143 0.0 5.541421742088531
S 5.591400140646978 1.938 5.509700819156755
S 8.994696260638515 0.0 5.527288280429977
S 12.308404967925867 1.938 5.551821836516522
S 15.655727719774871 0.0 5.55175199461255
S 1.119437733736503 1.938 2.3743898123169935
S 4.472008015971628 0.0 2.407609161552192
S 7.830104551946617 1.938 2.4080218637120328
S 11.187553049442531 0.0 2.3733358344933997
S 14.543935646356434 1.938 2.3770184076119807
