mp-1215345.cif
Zr 1.359274 2.2769095 8.354525038008001
Zr 1.359274 6.830728499999999 3.8087232875280015
Zr 1.359274 2.2769095 5.305300712472
Zr 1.359274 6.830728499999999 0.7594989619920001
Zr 1.338175348972 8.350643006173 6.762687834216001
Zr 4.098920651028 8.350643006173 2.351336165784
Zr 4.098920651028 0.7569949938270002 6.762687834216001
Zr 1.338175348972 0.7569949938270002 2.351336165784
Zr 4.077822 6.830728499999999 8.354525038008001
Zr 4.077822 2.2769095 3.8087232875280015
Zr 4.077822 6.830728499999999 5.305300712472
Zr 4.077822 2.2769095 0.7594989619920001
Zr 4.0567233489720005 3.796824006173 6.762687834216001
Zr 1.380372651028 3.796824006173 2.351336165784
Zr 1.380372651028 5.310813993827 6.762687834216001
Zr 4.0567233489720005 5.310813993827 2.351336165784
Co 0.0 0.0 4.557012
Co 0.0 0.0 0.0
Co 2.718548 0.0 4.557012
Co 2.718548 4.553819 4.557012
Co 2.718548 4.553819 0.0
Co 0.0 4.553819 4.557012
Cu 2.718548 0.0 0.0
Cu 0.0 4.553819 0.0
