mp-16718.cif
Al 3.26803462 6.240079283469536 0.0
Al 3.26803462 1.3308171765304637 4.48858908
Al 3.26803462 1.3308171765304637 0.0
Al 3.26803462 6.240079283469536 4.48858908
Al 0.8782651534421269 0.0 5.391895189404599
Al 5.657804086557873 0.0 0.9033061094046
Al 0.8782651534421269 0.0 8.0738720505954
Al 5.657804086557873 0.0 3.5852829705954
Al 1.3609468732220398 1.3738521961511478 2.24429454
Al 5.17512236677796 6.197044263848853 6.732883619999999
Al 1.3609468732220398 6.197044263848853 2.24429454
Al 5.17512236677796 1.3738521961511478 6.732883619999999
Al 0.0 2.454631053469537 0.0
Al 0.0 5.116265406530464 4.48858908
Al 0.0 5.116265406530464 0.0
Al 0.0 2.454631053469537 4.48858908
Al 4.146299773442126 3.78544823 5.391895189404599
Al 2.389769466557873 3.78544823 0.9033061094046
Al 4.146299773442126 3.78544823 8.0738720505954
Al 2.389769466557873 3.78544823 3.5852829705954
Al 4.62898149322204 5.159300426151147 2.24429454
Al 1.9070877467779601 2.411596033848852 6.732883619999999
Al 4.62898149322204 2.411596033848852 2.24429454
Al 1.9070877467779601 5.159300426151147 6.732883619999999
Tc 3.5455243546338933 0.0 2.24429454
Tc 2.990544885366106 0.0 6.732883619999999
Tc 0.2774897346338936 3.78544823 2.24429454
Tc 6.258579505366106 3.78544823 6.732883619999999
