mp-1104215.cif
Ca 0.0 0.0 0.0
Ca 0.0 0.0 3.90373
Ca 2.463636835 4.3914076049999995 0.0
Ca 2.463636835 4.3914076049999995 3.90373
Ni 0.0 2.759920634405609 0.0
Ni 2.463636835 1.6314869705943902 0.0
Ni 2.463636835 0.0 1.9000625029
Ni 3.6954552525 2.1957038024999997 2.00121595466
Ni 1.2318184175 2.1957038024999997 2.00121595466
Ni 0.0 3.0078770734143294 3.90373
Ni 2.463636835 1.3835305315856699 3.90373
Ni 2.463636835 0.0 5.9073974971
Ni 3.6954552525 2.1957038024999997 5.80624404534
Ni 1.2318184175 2.1957038024999997 5.80624404534
Ni 2.463636835 7.151328239405609 0.0
Ni 0.0 6.022894575594391 0.0
Ni 0.0 4.3914076049999995 1.9000625029
Ni 1.2318184175 6.587111407499998 2.00121595466
Ni 3.6954552525 6.587111407499998 2.00121595466
Ni 2.463636835 7.399284678414329 3.90373
Ni 0.0 5.7749381365856705 3.90373
Ni 0.0 4.3914076049999995 5.9073974971
Ni 1.2318184175 6.587111407499998 5.80624404534
Ni 3.6954552525 6.587111407499998 5.80624404534
H 2.463636835 0.0 0.0
H 0.0 4.3914076049999995 0.0
