mp-1191713.cif
Hf 2.69007 6.5847529009680015 6.893250013327999
Hf 2.69007 6.5847529009680015 1.940806986672
Hf 0.0 1.211563099032 6.357835486672002
Hf 0.0 1.211563099032 2.476221513328
Hf 2.69007 2.201874546300001 4.4170285
Hf 0.0 5.594441453700002 0.0
V 1.345035 3.898158 2.20851425
V 1.345035 3.898158 6.625542749999999
V 4.035105 3.898158 2.20851425
V 4.035105 3.898158 6.625542749999999
Ga 2.69007 1.7912815641600004 1.6582585075839997
Ga 2.69007 1.7912815641600004 7.175798492416
Ga 0.0 6.005034435840001 2.758769992416
Ga 0.0 6.005034435840001 6.0752870075839995
Ga 2.69007 4.939948521816002 4.4170285
Ga 0.0 2.856367478184 0.0
Ga 0.0 3.390204623652001 4.4170285
Ga 2.69007 4.406111376348 0.0
Ga 1.40123594244 7.484611490003999 4.4170285
Ga 3.9789040575600003 7.484611490003999 4.4170285
Ga 1.28883405756 0.311704509996 0.0
Ga 4.09130594244 0.311704509996 0.0
