mp-1187464.cif
Ti 0.0 0.0 0.0
Ti 0.0 3.06268192 3.06268192
Ti 3.06268192 0.0 3.06268192
Ti 3.06268192 3.06268192 0.0
Al 3.06268192 0.0 0.0
Al 3.06268192 3.06268192 3.06268192
Al 0.0 0.0 3.06268192
Al 0.0 3.06268192 0.0
Ir 1.53134096 1.53134096 4.594022880000001
Ir 1.53134096 4.594022880000001 4.594022880000001
Ir 1.53134096 4.594022880000001 1.53134096
Ir 1.53134096 1.53134096 1.53134096
Ir 4.594022880000001 1.53134096 1.53134096
Ir 4.594022880000001 4.594022880000001 1.53134096
Ir 4.594022880000001 4.594022880000001 4.594022880000001
Ir 4.594022880000001 1.53134096 4.594022880000001
