mp-1103359.cif
Co 0.0 0.0 3.1810125
Co 0.0 3.1810125 0.0
Co 3.1810125 0.0 0.0
Co 3.1810125 3.1810125 3.1810125
Te 4.00572669950925 2.35629830049075 5.53731080049075
Te 2.35629830049075 5.53731080049075 4.00572669950925
Te 5.53731080049075 4.00572669950925 2.35629830049075
Te 0.8247141995092501 0.8247141995092501 0.8247141995092501
Te 2.35629830049075 4.00572669950925 0.8247141995092501
Te 4.00572669950925 0.8247141995092501 2.35629830049075
Te 0.8247141995092501 2.35629830049075 4.00572669950925
Te 5.53731080049075 5.53731080049075 5.53731080049075
