mp-1184587.cif
Hf 1.600613975 4.801841925 4.801841925
Hf 1.600613975 1.600613975 4.801841925
Hf 1.600613975 1.600613975 1.600613975
Hf 1.600613975 4.801841925 1.600613975
Hf 4.801841925 4.801841925 1.600613975
Hf 4.801841925 1.600613975 1.600613975
Hf 4.801841925 1.600613975 4.801841925
Hf 4.801841925 4.801841925 4.801841925
Mn 3.20122795 0.0 0.0
Mn 3.20122795 3.20122795 3.20122795
Mn 0.0 0.0 3.20122795
Mn 0.0 3.20122795 0.0
Os 0.0 0.0 0.0
Os 0.0 3.20122795 3.20122795
Os 3.20122795 0.0 3.20122795
Os 3.20122795 3.20122795 0.0
