mp-1195188.cif
Ca 3.026818000108111 6.766748 6.107521499535678
Ca -0.10204299989188824 0.0 6.107521499535678
Ca 4.210919660186208 4.648701742016 2.0454578103664947
Ca 4.9715773400300165 11.415449742015998 10.169585188704861
Ca 1.842716340030016 8.884794257984 10.169585188704861
Ca 1.0820586601862074 2.118046257984 2.0454578103664947
Si 5.909627086342235 9.299379374448 7.1314108338038364
Si 3.2728699138739876 2.532631374448 5.0836321652675185
Si 0.1440089138739874 4.234116625552 5.0836321652675185
Si 2.780766086342236 11.000864625552 7.1314108338038364
Si 5.914037864246091 9.284370727383997 4.7505157276398435
Si 3.268459135970132 2.517622727384 7.464527271431512
Si 0.13959813597013265 4.249125272616 7.464527271431512
Si 2.785176864246091 11.015873272616 4.7505157276398435
Si 3.8297445739284868 9.307607740016 1.8352491353954756
Si 5.352752426287737 2.540859740015999 10.37979386367588
Si 2.223891426287737 4.225888259983999 10.37979386367588
Si 0.7008835739284867 10.992636259983996 1.8352491353954756
Si 3.833122304517058 12.913066409376 1.8675457090850205
Si 5.349374695699165 6.146318409375998 10.347497289986334
Si 2.2205136956991653 0.620429590624 10.347497289986334
Si 0.7042613045170578 7.387177590624 1.8675457090850205
P 3.868575131277153 12.896717946208 4.132593347445821
P 5.31392186893907 6.129969946208 8.082449651625534
P 2.185060868939071 0.6367780537919999 8.082449651625534
P 0.7397141312771528 7.403526053792 4.132593347445821
P 4.83611687224167 7.478082083255999 0.9982010988411121
P 4.3463801279745535 0.7113340832559998 11.216841900230245
P 1.2175191279745539 6.0554139167439995 11.216841900230245
P 1.7072558722416695 12.822161916744 0.9982010988411121
P 3.889657877280655 12.819752954456 7.833018473584498
P 5.292839122935567 6.053004954456 4.382024525486858
P 2.163978122935568 0.713743045544 4.382024525486858
P 0.7607968772806556 7.4804910455439995 7.833018473584498
P 4.435282285669735 1.429461981504 1.1148303293962454
P 4.74721471454649 8.196209981504001 11.10021266967511
P 1.6183537145464897 12.104034018495998 11.10021266967511
P 1.3064212856697337 5.337286018496 1.1148303293962454
P 4.8837321565781515 11.110066404776 0.912414851858634
P 4.2987648436380725 4.343318404776 11.302628147212722
P 1.1699038436380724 2.423429595224 11.302628147212722
P 1.754871156578151 9.190177595224 0.912414851858634
P 3.752832856128118 9.089312449535997 4.0741321516522655
P 5.429664144088105 2.322564449536 8.14091084741909
P 2.3008031440881056 4.444183550464 8.14091084741909
P 0.6239718561281179 11.210931550464 4.0741321516522655
P 3.800019653561852 9.16583083592 7.900592091455361
P 5.382477346654371 2.3990828359200003 4.314450907615996
P 2.253616346654372 4.36766516408 4.314450907615996
P 0.6711586535618517 11.13441316408 7.900592091455361
