mp-1218955.cif
Sn 20.79595883052769 2.221032 7.08700656607837
Sn 21.344138788199366 0.0 3.3182628333270032
Sn 2.3688242422917423 2.221032 4.241668359373206
Sn 45.7614648305277 0.0 7.08700656607837
Sn 46.309644788199364 2.221032 3.3182628333270032
Sn 27.334330242291745 0.0 4.241668359373206
Bi 2.940246664884927 0.0 0.45097864337430676
Bi 11.472492813550172 2.221032 0.49095653244481297
Bi 10.934253171822363 0.0 4.261683699420956
Bi 12.232806805017852 0.0 7.055731654556885
Bi 12.813348805254218 2.221032 3.276889752881655
Bi 17.479890453800877 2.221032 1.4386233052632884
Bi 16.922876119029738 0.0 5.199636923640526
Bi 6.277849943938203 0.0 6.1217151324868775
Bi 6.768720910011614 2.221032 2.327759914513343
Bi 27.905752664884925 2.221032 0.45097864337430676
Bi 36.43799881355017 0.0 0.49095653244481297
Bi 35.89975917182237 2.221032 4.261683699420956
Bi 37.19831280501785 2.221032 7.055731654556885
Bi 37.77885480525422 0.0 3.276889752881655
Bi 42.445396453800875 0.0 1.4386233052632884
Bi 41.888382119029735 2.221032 5.199636923640526
Bi 31.2433559439382 2.221032 6.1217151324868775
Bi 31.734226910011614 0.0 2.327759914513343
Te 4.683632432139608 0.0 3.314748459377398
Te 4.113258646852178 2.221032 7.079970276604162
Te 19.035038324636847 2.221032 4.2256425125000066
Te 19.59399577859277 0.0 0.4532637405990499
Te 22.576997007825025 0.0 6.080719130791484
Te 23.118174944917943 2.221032 2.2939585753671423
Te 1.0811406841899176 2.221032 1.4815650333084613
Te 0.545101018264418 0.0 5.218762357838376
Te 15.485364861343406 0.0 2.388831588856479
Te 14.923226130887402 2.221032 6.162454720632298
Te 8.784319077329432 0.0 1.37251385882072
Te 8.216234207244776 2.221032 5.155548876195479
Te 29.64913843213961 2.221032 3.314748459377398
Te 29.07876464685218 0.0 7.079970276604162
Te 44.00054432463685 0.0 4.2256425125000066
Te 44.55950177859277 2.221032 0.4532637405990499
Te 47.54250300782503 2.221032 6.080719130791484
Te 48.083680944917944 0.0 2.2939585753671423
Te 26.04664668418992 0.0 1.4815650333084613
Te 25.51060701826442 2.221032 5.218762357838376
Te 40.45087086134341 2.221032 2.388831588856479
Te 39.88873213088739 0.0 6.162454720632298
Te 33.74982507732943 2.221032 1.37251385882072
Te 33.18174020724477 0.0 5.155548876195479
