mp-1224870.cif
Ga 2.1760292396141514 0.005110315823995987 4.452585423081819
Ga 0.7393519777377207 7.750923955977485 8.929205636528351
Ga 0.719803296716524 3.8797097491093226 2.2048492833244793
Ga 2.8861339482725734 0.004963207433497108 13.350628686757235
Ga 2.8852653532044914 3.871014618299993 6.703805226086163
Ag 0.7563307554374123 5.206423702483808 13.214717168596243
Ag 0.7345126002230851 1.2780690149941463 6.464018552563859
Ag 0.756340874854128 5.032789705714865 8.962471786986717
Ag 0.7344033945387506 1.1098110258630485 2.3466020589625995
Ag 0.7540547096643248 1.4355102438197598 11.240992448307885
Ag 0.7458490126228036 5.343969607266315 4.550594326911857
Ag 2.180204008159053 6.486975589869237 6.858269416297757
Ag 2.157318853468734 2.5764825887468614 0.2417465014148283
Ag 2.1753827065286693 6.6520056459418715 11.024355080611802
Ag 2.1701193289379046 2.763069717934954 4.344016464547236
Ag 2.163089284497941 2.3738933165877207 8.787556445873983
Ag 2.170662398933149 6.293462208116771 2.1591665679367074
Ag 2.1947305145085187 3.879459817470161 11.139573794128925
