mp-1627.cif
Mo 2.3075555229406812 0.80246425 8.407191154917742
Mo 1.9106054766250384 2.40739275 0.07738784505878592
Mo 4.777950122619759 0.80246425 3.169719930285231
Mo -0.5597891230540394 2.40739275 5.3148590696912965
S 2.6601366648496785 0.80246425 1.6669397823883885
S 1.5580243347160416 2.40739275 6.817639217588139
S -1.4820709954907485 0.80246425 7.14567001088523
S 5.700231995056469 2.40739275 1.338908989091296
S 0.7371746326186142 0.80246425 4.129868828238575
S 3.480986366947106 2.40739275 4.354710171737953
