mp-1218893.cif
Sr 0.0 1.984708 0.0
Sr 6.102336999999999 0.0 0.0
Ca 8.025942735287062 1.984708 2.7852002400871236
Ca 9.850998264124515 0.0 5.536580762181032
Ca 1.9236057352870621 0.0 2.7852002400871236
Ca 3.748661264124516 1.984708 5.536580762181032
Si 11.093913776538193 0.0 2.14692795899416
Si 6.902775818006281 0.0 4.804497043849495
Si 8.72398669637956 1.984708 7.614920602154496
Si 10.974165181405299 1.984708 3.5172839584186586
Si 6.783027222873384 1.984708 6.174853043273996
Si 9.152954303032018 0.0 0.7068604001136592
Si 4.991576776538194 1.984708 2.14692795899416
Si 0.8004388180062798 1.984708 4.804497043849495
Si 2.621649696379558 0.0 7.614920602154496
Si 4.871828181405298 0.0 3.5172839584186586
Si 0.6806902228733838 0.0 6.174853043273996
Si 3.050617303032019 1.984708 0.7068604001136592
