mp-1221510.cif
Mn -2.0436167750879165e-08 2.3597654656407268 15.818438536353918
Mn 0.0 0.0 32.47742243976408
Mn 2.0436168504361687 1.1798827151221225 49.13640634317423
Zn 0.0 0.0 2.5107421251259794
Zn -2.0436167750879165e-08 2.3597654656407268 5.830594614137631
Zn 2.0436168504361687 1.1798827151221225 9.16249104886237
Zn 0.0 0.0 12.48144395273424
Zn 2.0436168504361687 1.1798827151221225 19.16972602853614
Zn 0.0 0.0 22.489578517547788
Zn -2.0436167750879165e-08 2.3597654656407268 25.82147545204205
Zn 2.0436168504361687 1.1798827151221225 29.14042785614439
Zn -2.0436167750879165e-08 2.3597654656407268 35.82871043171582
Zn 2.0436168504361687 1.1798827151221225 39.14856242095795
Zn 0.0 0.0 42.48045935545221
Zn -2.0436167750879165e-08 2.3597654656407268 45.79941225932407
Se 0.0 0.0 0.0409811008122
Se -2.0436167750879165e-08 2.3597654656407268 3.334295828200341
Se 2.0436168504361687 1.1798827151221225 6.664792908263199
Se 0.0 0.0 9.99104244715773
Se -2.0436167750879165e-08 2.3597654656407268 13.295352104032071
Se 2.0436168504361687 1.1798827151221225 16.699965004222356
Se 0.0 0.0 19.9932797316105
Se -2.0436167750879165e-08 2.3597654656407268 23.32377731144288
Se 2.0436168504361687 1.1798827151221225 26.650026350567888
Se 0.0 0.0 29.95433600744223
Se -2.0436167750879165e-08 2.3597654656407268 33.35894940740203
Se 2.0436168504361687 1.1798827151221225 36.65226363502066
Se 0.0 0.0 39.982761214853035
Se -2.0436167750879165e-08 2.3597654656407268 43.30901075374757
Se 2.0436168504361687 1.1798827151221225 46.61331991085239
