mp-1246556.cif
Sr 0.18777360923430186 0.552137023823 3.806874854253595
Sr 0.2141477158206002 4.244521523823002 1.9856566188561167
Sr 3.0779055258206007 6.832631976177 1.9856566188561167
Sr 3.0515314192343026 3.1402474761770014 3.806874854253595
V 0.2830048961466499 4.75542199755 5.089630948973742
V 0.11891642890825208 1.0630374975500003 0.702900524135971
V 2.9826742389082526 2.62934700245 0.702900524135971
V 3.1467627061466503 6.321731502450001 5.089630948973742
N 3.3670049588322377 0.72060575902 4.583450586196048
N 2.7624319862226647 4.41299025902 1.2090808869136633
N -0.10132582377733526 6.664163240980002 1.2090808869136633
N 0.5032471488322371 2.97177874098 4.583450586196048
N -1.24537441037341 5.368616291465 4.27250749671952
N 1.6472957354283118 1.6762317914650005 1.5200239763901928
N 4.511053545428313 2.016152708535 1.5200239763901928
N 1.6183833996265902 5.708537208535002 4.27250749671952
