mp-1216223.cif
Zr 3.3405367462119115 0.0 20.037129651932275
Zr 3.331448237218662 0.0 12.717131288128693
Zr 3.3902052198375916 0.0 5.317172620310983
Zr 6.730754673141982 0.0 20.34723791351176
Zr 6.754349309025507 0.0 13.095039178173915
Zr 6.766423031692576 0.0 5.697662722768475
Zr 3.3673775102337316 2.154886 16.754012096168267
Zr 3.352637058422217 2.154886 9.43114460746216
Zr 3.3653995935384966 2.154886 2.0398374547351317
Zr -0.04937524530311778 2.154886 16.387006880752626
Zr 0.030114075952384717 2.154886 8.98940972343161
Zr 0.0584472470663265 2.154886 1.6143462316911652
Fe 1.0003402904489174 0.0 10.461623921490162
Fe 1.0175279947386275 0.0 3.103731038781732
Fe 2.3404918009140716 2.154886 21.53977864414912
Fe 2.37872355097281 2.154886 14.18332032389195
Fe 2.4112911496664697 2.154886 6.843193945387596
Fe 5.773051440175718 2.154886 18.944809661159155
Fe 5.781635644203304 2.154886 11.571644205892687
Fe 5.816904307232877 2.154886 4.221806943102876
Sb 5.169203852252351 0.0 17.660324512491755
Sb 5.194350252350109 0.0 10.285945196689603
Sb 5.216616036622794 0.0 2.9038633840337593
Sb 1.7587775026469952 0.0 15.450502442377989
Sb 1.8196073485789637 0.0 8.001194826236908
Sb 1.8347690491097381 0.0 0.623482911509521
Sb 1.5223120329085176 2.154886 19.01463974724822
Sb 1.5202784834802487 2.154886 11.758247675514385
Sb 1.5622349106546058 2.154886 4.401899706215007
Sb 4.902959708185299 2.154886 21.45019573661577
Sb 4.945277459074837 2.154886 14.110290060026994
Sb 4.956570556762793 2.154886 6.752088194636754
