mp-1183547.cif
Ca 3.3968819999999993 0.0 0.0
Ca 3.3968819999999993 3.3968819999999993 3.3968819999999993
Ca 0.0 0.0 3.3968819999999993
Ca 0.0 3.3968819999999993 0.0
Sb 0.0 0.0 0.0
Sb 0.0 3.3968819999999993 3.3968819999999993
Sb 3.3968819999999993 0.0 3.3968819999999993
Sb 3.3968819999999993 3.3968819999999993 0.0
Pd 1.6984409999999996 1.6984409999999996 5.0953230000000005
Pd 1.6984409999999996 5.0953230000000005 5.0953230000000005
Pd 1.6984409999999996 5.0953230000000005 1.6984409999999996
Pd 1.6984409999999996 1.6984409999999996 1.6984409999999996
Pd 5.0953230000000005 1.6984409999999996 1.6984409999999996
Pd 5.0953230000000005 5.0953230000000005 1.6984409999999996
Pd 5.0953230000000005 5.0953230000000005 5.0953230000000005
Pd 5.0953230000000005 1.6984409999999996 5.0953230000000005
