mp-1104854.cif
Ni 2.00750851 7.962694977543965 4.01501702
Ni 4.082356082456036 4.01501702 6.02252553
Ni 4.01501702 2.00750851 7.962694977543965
Ni 6.02252553 4.082356082456036 4.01501702
Ni 7.962694977543965 4.01501702 2.00750851
Ni 4.01501702 6.02252553 4.082356082456036
Ni 6.02252553 3.9476779575439642 0.0
Ni 0.067339062456036 0.0 2.00750851
Ni 0.0 6.02252553 3.9476779575439642
Ni 2.00750851 0.067339062456036 0.0
Ni 3.9476779575439642 0.0 6.02252553
Ni 0.0 2.00750851 0.067339062456036
Pb 2.0363681311383983 5.993665908861602 1.9786488085612612
Pb 1.9786488085612612 2.0363681311383983 5.993665908861602
Pb 5.993665908861602 1.9786488888616016 2.0363681311383983
Pb 2.0363681311383983 2.0363681311383983 2.0363681311383983
Pb 6.0513851511383985 1.9786488888616016 5.993665908861602
Pb 5.993665908861602 6.0513851511383985 1.9786488888616016
Pb 1.9786488888616016 5.993665908861602 6.0513851511383985
Pb 6.0513851511383985 6.0513851511383985 6.0513851511383985
S 3.8947194815484623 4.1353145584515385 0.120297538451538
S 0.120297538451538 3.8947194815484623 4.1353145584515385
S 4.1353145584515385 0.120297538451538 3.8947194815484623
S 3.8947194815484623 3.8947194815484623 3.8947194815484623
S 7.909736501548462 0.120297538451538 4.1353145584515385
S 4.1353145584515385 7.909736501548462 0.120297538451538
S 0.120297538451538 4.1353145584515385 7.909736501548462
S 7.909736501548462 7.909736501548462 7.909736501548462
