mp-1186943.cif
Sc 1.664968825 4.9949064750000005 4.9949064750000005
Sc 1.664968825 1.664968825 4.9949064750000005
Sc 1.664968825 1.664968825 1.664968825
Sc 1.664968825 4.9949064750000005 1.664968825
Sc 4.9949064750000005 4.9949064750000005 1.664968825
Sc 4.9949064750000005 1.664968825 1.664968825
Sc 4.9949064750000005 1.664968825 4.9949064750000005
Sc 4.9949064750000005 4.9949064750000005 4.9949064750000005
Ga 3.32993765 0.0 0.0
Ga 3.32993765 3.32993765 3.32993765
Ga 0.0 0.0 3.32993765
Ga 0.0 3.32993765 0.0
Pd 0.0 0.0 0.0
Pd 0.0 3.32993765 3.32993765
Pd 3.32993765 0.0 3.32993765
Pd 3.32993765 3.32993765 0.0
