mp-1216927.cif
Ti -1.1385515005272253 9.628652824076 2.006623000712341
Ti 1.1596169994727747 5.318589038763 2.006623000712341
Ti 1.1596169994727747 11.76659813186 2.006623000712341
Cr 2.2981685 1.0891046901019998 0.0
Cr 2.2981685 7.4498407650809995 0.0
Cr -1.1385515005272253 3.211008483683 2.006623000712341
Si -0.02240439739446854 1.1060694569210001 1.3262734590748204
Si 0.008065330703651265 7.467433856597 1.3220113918213074
Si 1.1694950317339947 3.179399904538 3.379755120099796
Si 1.2012374091724158 9.581746462002 3.381958392154578
Si -1.1760042305554048 5.335515336723 3.36224532779558
Si -1.1626067720723436 11.801232927912999 3.384847929275604
Si 2.341638396340018 1.1060694569210001 2.686972542349862
Si 2.311168668241899 7.467433856597 2.6912346096033746
Si 1.149738967211555 3.179399904538 0.6334908813248861
Si 1.1179965897731339 9.581746462002 0.631287609270104
Si 3.4952382295009543 5.335515336723 0.651000673629102
Si 3.481840771017893 11.801232927912999 0.6283980721490782
