mp-1102531.cif
P 5.1644397426661 2.2515167426661002 0.6614062573339
P 2.2515167426661002 0.6614062573339 5.1644397426661
P 0.6614062573339 5.1644397426661 2.2515167426661002
P 3.5743292573339005 3.5743292573339005 3.5743292573339005
Rh 2.8324835052319 5.7454065052319 2.9933624947681
Rh 5.7454065052319 2.9933624947681 2.8324835052319
Rh 2.9933624947681 2.8324835052319 5.7454065052319
Rh 0.0804394947681 0.0804394947681 0.0804394947681
Se 0.6699309847518601 3.58285398475186 5.15591501524814
Se 3.58285398475186 5.15591501524814 0.6699309847518601
Se 5.15591501524814 0.6699309847518601 3.58285398475186
Se 2.24299201524814 2.24299201524814 2.24299201524814
