mp-1228015.cif
Al 1.1798388685794756 3.411572931617198 3.2887177199999993
Al -1.1798388212876862 3.411572931617198 1.0962392619247847
Al 2.364589438414319e-08 1.3680321074488562 5.481196178075216
Si -1.1431251183192657 2.070409075767329 3.2887177199999993
Si 1.1431251183192663 2.070409075767329 1.0962392619247847
Si 8.850759255729514e-16 4.050359860104482 5.481196178075216
Mo 1.2237843372311557 0.7065522165304555 3.2887177199999993
Mo 3.5053944927688447 0.7065522165304555 1.0962392619247847
Mo 2.364589415000001 2.6824845727586593 5.481196178075216
