mp-14434.cif
K 5.680005297889772 0.0 2.3114580872679356
K -0.6115211428397768 0.0 5.034171999567267
K 2.17747656 3.1027721175 0.0
K 2.17747656 9.3083163525 0.0
K 2.534242077524997 10.327955283075314 3.6728150434176015
K 2.534242077524997 2.0831331869246843 3.6728150434176015
K 1.3250521778897713 6.205544235 2.3114580872679356
K 3.743431977160223 6.205544235 5.034171999567267
K 6.53242968 9.3083163525 0.0
K 6.53242968 3.1027721175 0.0
K -1.820711042475003 4.122411048075316 3.6728150434176015
K -1.820711042475003 8.288677421924685 3.6728150434176015
Ge 0.46203618041760464 0.0 1.1458171442199965
Ge 4.606447974632388 0.0 6.199812942615207
Ge 4.816989300417605 6.205544235 1.1458171442199965
Ge 0.2514948546323893 6.205544235 6.199812942615207
S 0.9659479937538796 8.027240325521827 5.1394245213731935
S 4.102536161296115 8.027240325521827 2.20620556546201
S 2.691707941098917 0.0 1.0465223691522985
S 2.3767762139510773 0.0 6.2991077176829045
S 4.102536161296115 4.383848144478171 2.20620556546201
S 0.9659479937538796 4.383848144478171 5.1394245213731935
S 5.320901113753879 1.8216960905218282 5.1394245213731935
S -0.252416958703885 1.8216960905218282 2.20620556546201
S 7.046661061098917 6.205544235 1.0465223691522985
S -1.9781769060489225 6.205544235 6.2991077176829045
S -0.252416958703885 10.589392379478172 2.20620556546201
S 5.320901113753879 10.589392379478172 5.1394245213731935
