mp-1078578.cif
Na -2.2723352146147906e-08 2.623866755445987 5.691734447168019
Na 2.2723352550000007 3.9358001134899805 17.075203
Na 2.272335277723353 1.3119333580439934 28.458671552831976
Cd 0.0 0.0 3.2603051104139995
Cd 2.272335277723353 1.3119333580439934 8.12316344241798
Cd 0.0 0.0 10.216981865455999
Cd 2.272335277723353 1.3119333580439934 1.1664866873759798
Cd 2.272335277723353 1.3119333580439934 14.643773663245979
Cd -2.2723352146147906e-08 2.623866755445987 19.506632336754016
Cd 2.272335277723353 1.3119333580439934 21.600450418287977
Cd -2.2723352146147906e-08 2.623866755445987 12.54995558171202
Cd -2.2723352146147906e-08 2.623866755445987 26.027242557582017
Cd 0.0 0.0 30.890100889585995
Cd -2.2723352146147906e-08 2.623866755445987 32.98391931262402
Cd 0.0 0.0 23.933424134543998
As 0.0 0.0 7.506088486769999
As 2.272335277723353 1.3119333580439934 3.87738006606198
As 0.0 0.0 0.0
As 2.272335277723353 1.3119333580439934 18.889557039601975
As -2.2723352146147906e-08 2.623866755445987 15.260848960398018
As 2.272335277723353 1.3119333580439934 11.383468552831978
As -2.2723352146147906e-08 2.623866755445987 30.273025933938015
As 0.0 0.0 26.64431751323
As -2.2723352146147906e-08 2.623866755445987 22.76693744716802
