mp-1078331.cif
Sb 15.242667030776905 0.0 2.198447654092923
Sb 7.430814075839565 2.12957019 8.266033850955367
Sb 11.447756071694812 2.12957019 1.8717617150034982
Sb 11.225725034921648 0.0 8.592719790044793
Sb 7.351553385776901 2.12957019 2.198447654092923
Sb -0.4602995691604351 0.0 8.266033850955367
Sb 3.5566424266948147 0.0 1.8717617150034982
Sb 3.334611389921651 2.12957019 8.592719790044793
Te 12.76774158990509 0.0 3.6088848994874834
Te 9.905739516711371 2.12957019 6.855596605560806
Te 14.050076780764469 2.12957019 6.780668092574656
Te 8.623404325851991 0.0 3.683813412473636
Te 9.086273873836594 0.0 10.447017959733406
Te 13.587207232779866 2.12957019 0.01746354531488479
Te 4.876627944905094 2.12957019 3.6088848994874834
Te 2.0146258717113756 0.0 6.855596605560806
Te 6.158963135764471 0.0 6.780668092574656
Te 0.7322906808519949 2.12957019 3.683813412473636
Te 1.1951602288366 2.12957019 10.447017959733406
Te 5.696093587779869 0.0 0.01746354531488479
