mp-1102384.cif
Rb 1.2750831974999999 0.1867505932437535 8.294530884321887
Rb 1.2750831974999999 4.339641268243754 6.725504720678114
Rb 3.8252495925000005 8.119030756756247 1.7188261856781135
Rb 3.8252495925000005 3.9661400817562456 3.287852349321886
Rb 1.2750831974999999 1.2165637414346921 4.25506163422519
Rb 1.2750831974999999 5.369454416434692 0.75161690077481
Rb 3.8252495925000005 7.089217608565306 5.7582954357748095
Rb 3.8252495925000005 2.9363269335653084 9.26174016922519
S 1.2750831974999999 2.062628005761767 1.1140842050703568
S 1.2750831974999999 6.215518680761767 3.892594329929643
S 3.8252495925000005 6.243153344238232 8.899272864929644
S 3.8252495925000005 2.0902626692382325 6.120762740070356
