mp-1246748.cif
Ca 3.208627473286071 1.145872130936277 4.669159355949825
Ca -0.17902262730889176 2.949001778213318 3.019078907002043
Ca 1.3735476304138632 3.50700698917627 6.753755966804858
Ca 1.656057215563316 0.5878669199733241 0.9344822961470105
Ca 3.032135758722414 3.826270211725022 1.5140601375996374
Ca -0.0025309127452351737 0.26860369742457363 6.174178125352231
Ga 2.971443123109298 -0.5398551205248033 7.4488495881583345
Ga 0.0581617228678792 4.634729029674397 0.23938867479353235
Ga 2.3495023760656 4.9173506390860435 4.32946223653956
Ga 0.6801024699115775 -0.8224767299364473 3.3587760264123085
Ga -1.358364617789735 3.968717984106488 5.503656113487147
Ga 4.387969463766914 0.1261559250431057 2.1845821494647217
N 3.907518747240562 -1.4293142346813494 5.990413854391154
N -0.8779139012633842 5.524188143830943 1.6978244085607128
N 3.438946251039114 3.3575950645267088 3.915204582455187
N -0.40934140506193595 0.7372788446228872 3.7730336804966815
N 2.1312948286801388 1.173884116199361 6.841340377096405
N 0.8983100172970392 2.920989792950235 0.8468978858554631
N 0.36603060268198984 4.681561255035487 4.748463533632174
N 2.6635742432951894 -0.5866873458858916 2.939774729319694
N -0.8379386216421474 2.7955978240404287 6.942471463207275
N 3.8675434676193263 1.2992760851091651 0.7457667997445943
