mp-1207417.cif
Zr 2.261098439439 0.8091502551509999 2.786546
Zr 8.896747560561 10.348695744849 2.786546
Zr 6.388073255151 3.3178245605609997 0.0
Zr 2.261098439439 10.348695744849 0.0
Zr 4.769772744849 7.840021439438999 0.0
Zr 8.896747560561 0.8091502551509999 0.0
Zr 6.388073255151 7.840021439438999 2.786546
Zr 4.769772744849 3.3178245605609997 2.786546
Zr 5.578923 0.0 4.179819
Zr 5.578923 0.0 1.393273
Zr 7.840021439438999 6.388073255151 0.0
Zr 3.3178245605609997 4.769772744849 0.0
Zr 0.8091502551509999 8.896747560561 2.786546
Zr 7.840021439438999 4.769772744849 2.786546
Zr 10.348695744849 2.261098439439 2.786546
Zr 3.3178245605609997 6.388073255151 2.786546
Zr 0.8091502551509999 2.261098439439 0.0
Zr 10.348695744849 8.896747560561 0.0
Zr 0.0 5.578923 1.393273
Zr 0.0 5.578923 4.179819
Cr 0.0 0.0 4.179819
Cr 0.0 0.0 1.393273
Cr 5.578923 5.578923 1.393273
Cr 5.578923 5.578923 4.179819
Sb 7.400313044270999 1.821390044271 2.786546
Sb 3.757532955729 9.336455955729 2.786546
Sb 7.400313044270999 9.336455955729 0.0
Sb 3.757532955729 1.821390044271 0.0
Sb 1.821390044271 7.400313044270999 0.0
Sb 9.336455955729 3.757532955729 0.0
Sb 1.821390044271 3.757532955729 2.786546
Sb 9.336455955729 7.400313044270999 2.786546
