mp-1791.cif
Al 0.0 0.0 0.0
Al 0.0 0.0 3.914580929999999
Al 3.949395462787136e-08 6.45484110236468 1.9572904649999996
Al 2.308734138719309 3.2274205853851057 5.871871395
Al 5.590056352292788 3.2274205853851057 5.871871395
Al -1.6406610672927862 3.6131327074078605 1.9572904649999996
Al 1.6406611462806928 3.6131327074078605 1.9572904649999996
Al 3.9493952455060475 0.38571219042828647 5.871871395
Al 3.9493953984938584e-08 2.6254113995438315 7.3606508000978685
Al 5.62511754336886 1.3127057339746826 3.44606987009787
Al 2.2736729476432402 1.3127057339746826 3.44606987009787
Al 1.675722337356762 5.527847558818284 7.3606508000978685
Al -1.6757222583688536 5.527847558818284 7.3606508000978685
Al 3.949395245506048 4.215141893249133 0.46851105990212927
Al 5.62511754336886 1.3127057339746826 0.46851105990212927
Al 3.949395245506048 4.215141893249133 3.44606987009787
Al 2.2736729476432402 1.3127057339746826 0.46851105990212927
Al 1.675722337356762 5.527847558818284 4.383091989902128
Al 3.9493953984938584e-08 2.6254113995438315 4.383091989902128
Al -1.6757222583688536 5.527847558818284 4.383091989902128
Rh -3.949395197784081e-08 4.560368884663823 5.871871395
Rh 3.9493953244939535 2.2801844081291445 1.9572904649999996
Rh 1.0087642555209463e-15 1.7752252301017055 1.9572904649999996
Rh 6.36140042329285 0.8876126150508528 5.871871395
Rh 1.5373901467071538 0.8876126150508528 5.871871395
Rh 2.4120051382928485 5.952940677742113 1.9572904649999996
Rh -2.412005138292846 5.952940677742113 1.9572904649999996
Rh 3.949395285000004 5.065328062691261 5.871871395
