mp-14338.cif
Cs 0.0 0.0 9.131184413762767
Cs 3.3453033 0.0 12.062608386237232
Cs 0.0 5.717271099999999 2.066586813762768
Cs 3.3453033 5.717271099999999 4.998010786237232
Cs 3.3453033 0.0 2.066586813762768
Cs 0.0 0.0 4.998010786237232
Cs 3.3453033 5.717271099999999 9.131184413762767
Cs 0.0 5.717271099999999 12.062608386237232
Pt 1.67265165 8.57590665 0.0
Pt 0.0 0.0 0.0
Pt 1.67265165 2.8586355499999994 0.0
Pt 1.67265165 2.8586355499999994 7.0645976
Pt 0.0 5.717271099999999 7.0645976
Pt 1.67265165 8.57590665 7.0645976
Pt 5.017954950000001 8.57590665 7.0645976
Pt 3.3453033 0.0 7.0645976
Pt 5.017954950000001 2.8586355499999994 7.0645976
Pt 5.017954950000001 2.8586355499999994 0.0
Pt 3.3453033 5.717271099999999 0.0
Pt 5.017954950000001 8.57590665 0.0
Se 3.3453033 7.634262266123708 12.560968555405264
Se 3.3453033 3.800279933876292 12.560968555405264
Se 0.0 3.800279933876292 8.632824244594735
Se 0.0 7.634262266123708 8.632824244594735
Se 3.3453033 1.9169911661237076 5.496370955405264
Se 3.3453033 9.517551033876291 5.496370955405264
Se 0.0 9.517551033876291 1.568226644594736
Se 0.0 1.9169911661237076 1.568226644594736
Se 0.0 7.634262266123708 5.496370955405264
Se 0.0 3.800279933876292 5.496370955405264
Se 3.3453033 3.800279933876292 1.568226644594736
Se 3.3453033 7.634262266123708 1.568226644594736
Se 0.0 1.9169911661237076 12.560968555405264
Se 0.0 9.517551033876291 12.560968555405264
Se 3.3453033 9.517551033876291 8.632824244594735
Se 3.3453033 1.9169911661237076 8.632824244594735
