mp-1186940.cif
Sc 1.598128775 4.794386325 4.794386325
Sc 1.598128775 1.598128775 4.794386325
Sc 1.598128775 1.598128775 1.598128775
Sc 1.598128775 4.794386325 1.598128775
Sc 4.794386325 4.794386325 1.598128775
Sc 4.794386325 1.598128775 1.598128775
Sc 4.794386325 1.598128775 4.794386325
Sc 4.794386325 4.794386325 4.794386325
Co 3.19625755 0.0 0.0
Co 3.19625755 3.19625755 3.19625755
Co 0.0 0.0 3.19625755
Co 0.0 3.19625755 0.0
Cu 0.0 0.0 0.0
Cu 0.0 3.19625755 3.19625755
Cu 3.19625755 0.0 3.19625755
Cu 3.19625755 3.19625755 0.0
