mp-1106121.cif
Fe 1.7475689777279997 0.0 1.407529040294
Fe 5.451420022271999 0.0 1.407529040294
Fe 0.0 5.451420022271999 1.407529040294
Fe 0.0 1.7475689777279997 1.407529040294
Fe 3.5994945 5.409485911347 1.511635285075
Fe 3.5994945 1.7895030886529997 1.511635285075
Fe 1.7895030886529997 3.5994945 1.511635285075
Fe 5.409485911347 3.5994945 1.511635285075
Fe 0.0 0.0 3.4140069953669996
Se 1.7832975601349998 5.415691439865 2.990724863902
Se 5.415691439865 1.7832975601349998 2.990724863902
Se 1.7832975601349998 1.7832975601349998 2.990724863902
Se 5.415691439865 5.415691439865 2.990724863902
Se 0.0 0.0 5.807365364261
Se 3.5994945 0.0 6.05460481193
Se 0.0 3.5994945 6.05460481193
Se 3.5994945 3.5994945 0.056663966206
