mp-11007.cif
Ca 0.3407815135979559 2.9208602006488005 2.389070035897591
Ca -2.9422858968690266 0.8707839043511992 7.228992100035258
Ca 3.285321675935061 6.712504305648801 2.4508520282400736
Ca 0.002254265468078388 4.662428009351199 7.290774092377737
P -0.2943135744653148 6.776815897971347 4.22365440051725
P 0.63734935353135 0.8064723120286523 5.456189727758078
P 3.9204167639983325 2.985171792971348 0.6162676636204142
P -3.5773809849322977 4.598116417028653 9.063576464654915
Se -0.764483979276276 0.08761844947157149 2.286586718956743
Se 2.38726654767932 1.5231368792795061 4.35398837138709
Se 1.2388366418536951 5.314780984279507 0.48593369275057463
Se -2.044230768613289 6.060151330720494 5.325855756888239
Se -2.0298231986566426 6.140482543553784 9.059367862024823
Se -0.9102084327443074 2.3488384385537837 5.460398330388172
Se 2.372858977722676 1.4428056664462163 0.6204762662505056
Se 1.2532442118103402 5.234449771446215 4.219445797887159
Se 4.390587168809292 3.879262554471572 2.553335345180922
Se 1.107519758342309 7.495669760528428 7.393257409318586
Se -4.0475513897432585 3.7040256555284286 7.126508783094407
Se -0.8958008627876622 2.268507225720494 9.193910435524755
