mp-15953.cif
P 4.541868000454696 0.694227754770768 0.7208484146692289
P 0.10613193501330787 3.595848094770768 1.9860526931526374
P -1.0072791195186876 5.109012925229233 4.692953800974504
P 3.4284569459227003 2.207392585229232 3.427749522491095
P 2.025689624396403 3.6102267261711973 4.399852335574283
P 0.39548820200761 0.7086063861711972 3.720850987891316
P 1.5088992565396058 2.193013953828803 1.0139498800694495
P 3.1391006789283993 5.094634293828802 1.6929512277524168
Rh 3.725366948190511 2.9117707882733876 1.1382417378909295
Rh 0.9226329872774928 0.010150448273388 1.568659369930937
Rh -0.19077806725450264 2.891469891726612 4.275560477752803
Rh 2.611955893658515 5.793090231726612 3.845142845712796
