mp-1025219.cif
Ti 8.607054068581887 0.0 4.329114577567073
Ti 9.974409545021354 1.961244045 1.8170771461511217
Ti 1.343755343581887 1.961244045 4.329114577567073
Ti 2.7111108200213527 0.0 1.8170771461511217
V 0.0 0.0 0.0
V 7.263298725 1.961244045 0.0
Te 11.161807806543184 0.0 3.3673505680523257
Te 7.419655807060053 1.961244045 2.778841155665869
Te 6.10868389939846 0.0 5.974999079851196
Te 12.472779714204782 1.961244045 0.17119264386699853
Te 3.8985090815431853 1.961244045 3.3673505680523257
Te 0.15635708206005433 0.0 2.778841155665869
Te -1.1546148256015432 1.961244045 5.974999079851196
Te 5.209480989204785 0.0 0.17119264386699853
