mp-1028526.cif
Te -1.6799211392982e-08 1.9398059295472507 27.849377892350002
Te 1.6799212217992123 0.9699029502250809 16.55640257236
Te 1.6799212217992123 0.9699029502250809 20.3555740311
Te -1.6799211392982e-08 1.9398059295472507 24.05012765512
W -1.6799211392982e-08 1.9398059295472507 3.69920155493
W -1.6799211392982e-08 1.9398059295472507 18.45354616854
W 1.6799212217992123 0.9699029502250809 11.093390015575002
W 1.6799212217992123 0.9699029502250809 25.95010727694
S -1.6799211392982e-08 1.9398059295472507 12.61235747051
S 1.6799212217992123 0.9699029502250809 2.181888448285
S 1.6799212217992123 0.9699029502250809 5.217814506660001
S -1.6799211392982e-08 1.9398059295472507 9.576352633645001
