mp-1147769.cif
Cu 2.654374 0.0 2.4915899999999995
Cu 0.0 2.654374 2.4915899999999995
Cu 0.0 2.654374 7.474769999999998
Cu 2.654374 0.0 7.474769999999998
Ge 2.654374 2.654374 0.0
Ge 0.0 0.0 4.983179999999999
S 4.001835108612 4.001835108612 1.2194638768799997
S 1.347461108612 3.9612868913879997 3.763716123119999
S 1.306912891388 1.306912891388 1.2194638768799997
S 3.9612868913879997 1.347461108612 3.763716123119999
S 1.347461108612 1.347461108612 6.20264387688
S 4.001835108612 1.306912891388 8.74689612312
S 3.9612868913879997 3.9612868913879997 6.20264387688
S 1.306912891388 4.001835108612 8.74689612312
