mp-1186955.cif
Sc 1.615773165 4.847319494999999 4.847319494999999
Sc 1.615773165 1.615773165 4.847319494999999
Sc 1.615773165 1.615773165 1.615773165
Sc 1.615773165 4.847319494999999 1.615773165
Sc 4.847319494999999 4.847319494999999 1.615773165
Sc 4.847319494999999 1.615773165 1.615773165
Sc 4.847319494999999 1.615773165 4.847319494999999
Sc 4.847319494999999 4.847319494999999 4.847319494999999
Ni 3.23154633 0.0 0.0
Ni 3.23154633 3.23154633 3.23154633
Ni 0.0 0.0 3.23154633
Ni 0.0 3.23154633 0.0
Pd 0.0 0.0 0.0
Pd 0.0 3.23154633 3.23154633
Pd 3.23154633 0.0 3.23154633
Pd 3.23154633 3.23154633 0.0
