mp-1188052.cif
Zr 0.0 0.0 0.0
Zr 0.0 3.01276843 3.01276843
Zr 3.01276843 0.0 3.01276843
Zr 3.01276843 3.01276843 0.0
Ga 3.01276843 0.0 0.0
Ga 3.01276843 3.01276843 3.01276843
Ga 0.0 0.0 3.01276843
Ga 0.0 3.01276843 0.0
Co 1.506384215 1.506384215 4.519152645000001
Co 1.506384215 4.519152645000001 4.519152645000001
Co 1.506384215 4.519152645000001 1.506384215
Co 1.506384215 1.506384215 1.506384215
Co 4.519152645000001 1.506384215 1.506384215
Co 4.519152645000001 4.519152645000001 1.506384215
Co 4.519152645000001 4.519152645000001 4.519152645000001
Co 4.519152645000001 1.506384215 4.519152645000001
