mp-1228738.cif
As 0.690036558134 5.3284414418659996 2.3192024418660004
As 5.3284414418659996 2.3192024418660004 0.690036558134
As 2.3192024418660004 0.690036558134 5.3284414418659996
As 3.699275558134 3.699275558134 3.699275558134
Pt 3.0186338441580003 2.9998441558420006 6.009083155842
Pt 2.9998441558420006 6.009083155842 3.0186338441580003
Pt 6.009083155842 3.0186338441580003 2.9998441558420006
Pt 0.009394844158000001 0.009394844158000001 0.009394844158000001
S 5.359978266586001 0.658499733414 3.6677387334139997
S 0.658499733414 3.6677387334139997 5.359978266586001
S 3.6677387334139997 5.359978266586001 0.658499733414
S 2.3507392665860003 2.3507392665860003 2.3507392665860003
