mp-1228895.cif
Al 2.178781391787813 1.257919997895641 7.105205586938628
Al -2.1787813490683863e-08 2.5158400335288835 14.214228292452411
Al 0.0 0.0 21.32325078469552
Ga -2.1787813490683863e-08 2.5158400335288835 3.555405383434457
Ga 0.0 0.0 10.664427875677566
Ga 2.178781391787813 1.257919997895641 17.773450367920674
Sb 0.0 0.0 2.6730873181743284
Sb -2.1787813490683863e-08 2.5158400335288835 6.216113831709478
Sb 2.178781391787813 1.257919997895641 9.782109810417436
Sb 0.0 0.0 13.325136323952584
Sb -2.1787813490683863e-08 2.5158400335288835 16.89113251593122
Sb 2.178781391787813 1.257919997895641 20.434158816195694
