mp-12175.cif
Y 5.118733220001608 7.490154941753724 3.652288555
Y 1.3651968400016101 3.879358128246274 3.652288555
Y 6.141875919998388 3.700317251753726 10.956865665
Y 2.388339539998389 0.0895204382462742 10.956865665
Y 4.926348340320176 6.306901444369659 9.083914095653752
Y 1.1728119603201754 5.062611625630342 12.829817234346253
Y 6.334260799679823 2.5170637543696577 5.5252401243462534
Y 2.580724419679823 1.2727739356303418 1.7793369856537467
Y 2.580724419679823 1.2727739356303418 5.5252401243462534
Y 6.334260799679823 2.5170637543696577 1.7793369856537467
Y 1.1728119603201754 5.062611625630342 9.083914095653752
Y 4.926348340320176 6.306901444369659 12.829817234346253
Y 7.494073963233148 6.211874826740336 5.938077145526849
Y 3.7405375832331487 5.1576382432596635 1.3664999644731533
Y 3.7665351767668502 2.4220371367403373 8.671077074473155
Y 0.012998796766850396 1.3678005532596624 13.242654255526848
Y 0.012998796766850396 1.3678005532596624 8.671077074473155
Y 3.7665351767668502 2.4220371367403373 13.242654255526848
Y 3.7405375832331487 5.1576382432596635 5.938077145526849
Y 7.494073963233148 6.211874826740336 1.3664999644731533
Pt 6.107053312010944 4.852137683743424 3.652288555
Pt 2.3535169320109435 6.517375386256573 3.652288555
Pt 5.153555827989054 1.0622999937434257 10.956865665
Pt 1.400019447989056 2.7275376962565745 10.956865665
Pt 4.115101477178798 2.940868114607196 3.652288555
Pt 0.3615650971787975 0.8489695753928027 3.652288555
Pt 7.1455076628212 6.7307058046071955 10.956865665
Pt 3.3919712828212014 4.638807265392802 10.956865665
Pt 6.134877301276423 4.031044032089155 7.912873073412361
Pt 2.3813409212764247 7.3384690379108415 14.000858256587641
Pt 5.125731838723573 0.24120634208915642 6.69628114658764
Pt 1.3721954587235752 3.5486313479108436 0.60829596341236
Pt 1.3721954587235752 3.5486313479108436 6.69628114658764
Pt 5.125731838723573 0.24120634208915642 0.60829596341236
Pt 2.3813409212764247 7.3384690379108415 7.912873073412361
Pt 6.134877301276423 4.031044032089155 14.000858256587641
