mp-1224473.cif
Hf 1.1032117478342145 1.7756599999999996 4.047254095484117
Hf 2.6129472512398753 0.0 1.3775759056607184
Hf 7.616849747834214 0.0 4.047254095484117
Hf 9.126585251239876 1.7756599999999996 1.3775759056607184
Ni 0.0 0.0 0.0
Ni 6.513638 1.7756599999999996 0.0
S -0.6925646865425648 0.0 4.297892091197011
S 0.7435117729938469 1.7756599999999996 1.5242144854216644
S 2.9726472260802432 0.0 3.9006155157231706
S 4.408723685616654 1.7756599999999996 1.1269379099478247
S 5.821073313457435 1.7756599999999996 4.297892091197011
S 7.257149772993848 0.0 1.5242144854216644
S 9.486285226080243 1.7756599999999996 3.9006155157231706
S 10.922361685616655 0.0 1.1269379099478247
