mp-15074.cif
Sr -2.0229166853000566 3.503794478418521 5.932128551271484
Sr 1.3469601646999418 2.333003441031644 3.559277144999999
Sr 4.045833370600114 0.0 1.1864257387285142
P 5.1812450678038635 1.261990246094557 3.8604968477716914
P -1.4977069214558694 5.118084974998252 3.258057442228308
P -0.313661296347994 1.9807031905464694 0.8852060359568225
P 3.056215553652005 3.8560947289036953 1.487645441500206
P 1.8721699285441282 0.7187129444519124 6.233348254043177
P 1.8113682178038653 4.5748076733556085 5.630908848499792
Ir 2.9334189598752007 5.080830678389695 3.559277144999999
Ir 0.8729157802496019 0.0 1.1864257387285142
Ir 1.6517549780679026 2.860923543668423 0.0
Ir -1.7181218719320972 2.9758743757817423 2.3728514062714856
Ir 3.4362437438641957 0.0 4.745702883728512
Ir -0.4364578901248008 0.7559672410604701 5.932128551271484
