mp-19887.cif
Nb 0.0 0.0 0.0
Fe -1.2537269799999993 2.17151882817989 6.116328126851277
Fe 2.50745396 0.0 2.0292005931487247
Fe 1.2537269800000006 2.17151882817989 2.0292005931487247
Fe -1.2537269799999993 2.17151882817989 2.0292005931487247
Fe 2.50745396 0.0 6.116328126851277
Fe 1.2537269800000006 2.17151882817989 6.116328126851277
Ge 0.0 0.0 5.396947123684032
Ge -2.5074538872384315e-08 2.8953584520499787 4.07276436
Ge 2.50745398507454 1.447679204309801 4.07276436
Ge -2.5074538872384315e-08 2.8953584520499787 0.0
Ge 2.50745398507454 1.447679204309801 0.0
Ge 0.0 0.0 2.748581596315968
