mp-1101983.cif
Nb -2.3907669101669995e-08 2.7606199789364583 3.384870001356
Nb 2.390767043907671 1.3803099687635798 4.380213998644
Nb 2.390767043907671 1.3803099687635798 7.267412001356
Nb -2.3907669101669995e-08 2.7606199789364583 0.49767199864399997
Co 0.0 0.0 3.882542
Co 0.0 0.0 0.0
Co 3.57146643896316 0.6986328551962644 1.941271
Co 2.3907670200000006 2.7436642373075104 1.941271
Co 1.2100676010368403 0.6986328551962644 1.941271
Co -1.1806994189631592 3.442297092503775 5.8238129999999995
Co 3.127774924353588e-16 1.3972657103925288 5.8238129999999995
Co 1.180699418963161 3.442297092503775 5.8238129999999995
