mp-1215583.cif
Zn 9.115579604547175 2.023604 5.179378955240479
Zn 9.70289561831858 0.0 1.7080539107518498
Zn -1.2036725193434867 0.0 6.8927035227487545
Zn -0.5950124608494811 2.023604 3.408446883216628
Zn 2.433264604547177 0.0 5.179378955240479
Zn 3.02058061831858 2.023604 1.7080539107518498
Zn 5.478642480656513 2.023604 6.8927035227487545
Zn 6.0873025391505164 0.0 3.408446883216628
Co 8.514346036896466 0.0 8.592786962353449
Co 1.8320310368964632 2.023604 8.592786962353449
Se 0.0005737176441691916 0.0 4.727873689998395
Se 7.266687764285898 0.0 1.2280630242470625
Se -3.655111803673615 0.0 6.508332495604822
Se 10.319573508675003 2.023604 3.01085192443912
Se -0.5432695142534706 2.023604 8.182767698497582
Se 6.682888717644167 2.023604 4.727873689998395
Se 0.584372764285899 2.023604 1.2280630242470625
Se 3.0272031963263855 2.023604 6.508332495604822
Se 3.637258508675004 0.0 3.01085192443912
Se 6.139045485746529 0.0 8.182767698497582
