mp-1217934.cif
Ta -2.3609610245377645e-08 2.7262030380259716 3.357219262422
Ta 2.3609610986096112 1.3631014985664631 4.454754737578002
Ti 2.3609610986096112 1.3631014985664631 7.325327079670002
Ti -2.3609610245377645e-08 2.7262030380259716 0.48664692033
Fe 0.0 0.0 3.905987
Fe 0.0 0.0 0.0
Fe 3.5158582146816895 0.6963213377159261 1.9393616053700005
Fe 2.36096105139039 2.696661902053628 1.9393616053700005
Fe 1.2060638880990895 0.6963213377159261 1.9393616053700005
Fe -1.1548971396816887 3.3929831988765087 5.87261239463
Fe 2.360961100492162e-08 1.3926426345388068 5.87261239463
Fe 1.1548971869009115 3.3929831988765087 5.87261239463
