mp-1246229.cif
Ca -1.4234967015060875 2.462774125 3.6419639832788904
Ca 15.585088769289564 0.0 5.5768301886754665
Ca 9.269769462698262 2.462774125 1.7070977778823142
Ca 11.155371973172423 0.0 3.2670092233443957
Ca 13.699486258815405 2.462774125 4.0169187432133855
Ca 8.057636742739016 0.0 7.165593272813084
Ca 16.79722148924881 2.462774125 0.11833469374469771
Ca 10.485626715266102 2.462774125 5.964662933254836
Ca 14.369231516721722 0.0 1.3192650333029452
Ca 7.810453843493914 0.0 3.6419639832788904
Ca 6.351138224289564 2.462774125 5.5768301886754665
Ca 0.035818917698261565 0.0 1.7070977778823142
Ca 1.9214214281724205 2.462774125 3.2670092233443957
Ca 4.465535713815406 0.0 4.0169187432133855
Ca -1.176313802260985 2.462774125 7.165593272813084
Ca 7.563270944248809 0.0 0.11833469374469771
Ca 1.2516761702661054 0.0 5.964662933254836
Ca 5.135280971721721 2.462774125 1.3192650333029452
Fe 12.613958200195023 0.0 5.833479390577129
Fe 12.240900031792807 2.462774125 1.450448575980651
Fe 3.380007655195019 2.462774125 5.833479390577129
Fe 3.0069494867928057 0.0 1.450448575980651
N 13.607756042729513 0.0 7.276563915383591
N 11.247102189258317 2.462774125 0.007364051174189916
N 13.424256611731801 0.0 4.307532901223108
N 11.430601620256025 2.462774125 2.9763950653346734
N 10.866904054109039 0.0 5.904140775780707
N 13.98795417787879 2.462774125 1.3797871907770738
N 15.65178358775055 2.462774125 5.485336769487534
N 9.203074644237276 0.0 1.7985911970702466
N 4.373805497729511 2.462774125 7.276563915383591
N 2.013151644258315 0.0 0.007364051174189916
N 4.190306066731801 2.462774125 4.307532901223108
N 2.196651075256026 0.0 2.9763950653346734
N 1.6329535091090388 2.462774125 5.904140775780707
N 4.754003632878787 0.0 1.3797871907770738
N 6.41783304275055 0.0 5.485336769487534
N -0.030875900762724274 2.462774125 1.7985911970702466
