mp-1357.cif
P 2.848940539522729 1.1166651193821673 0.0
P 1.1166651193821673 0.0 5.170608030477271
P 4.009774285 6.858714824522728 2.8931091656178323
P 2.8931091656178323 4.009774285 1.1608337454772706
P 0.0 5.170608030477271 1.1166651193821673
P 2.8931091656178323 4.009774285 6.858714824522728
P 4.009774285 1.1608337454772706 2.8931091656178323
P 0.0 2.848940539522729 1.1166651193821673
P 1.1166651193821673 0.0 2.848940539522729
P 5.170608030477271 1.1166651193821673 0.0
P 6.858714824522728 2.8931091656178323 4.009774285
P 1.1608337454772706 2.8931091656178323 4.009774285
P 6.858714824522728 5.126439404382169 4.009774285
P 5.126439404382169 4.009774285 1.1608337454772706
P 0.0 2.848940539522729 6.902883450617832
P 6.902883450617832 0.0 5.170608030477271
P 4.009774285 1.1608337454772706 5.126439404382169
P 6.902883450617832 0.0 2.848940539522729
P 0.0 5.170608030477271 6.902883450617832
P 4.009774285 6.858714824522728 5.126439404382169
P 5.126439404382169 4.009774285 6.858714824522728
P 1.1608337454772706 5.126439404382169 4.009774285
P 2.848940539522729 6.902883450617832 0.0
P 5.170608030477271 6.902883450617832 0.0
Rh 2.0048871425 2.0048871425 2.0048871425
Rh 6.014661427500002 2.0048871425 2.0048871425
Rh 2.0048871425 6.014661427500002 2.0048871425
Rh 2.0048871425 2.0048871425 6.014661427500002
Rh 6.014661427500002 6.014661427500002 6.014661427500002
Rh 2.0048871425 6.014661427500002 6.014661427500002
Rh 6.014661427500002 2.0048871425 6.014661427500002
Rh 6.014661427500002 6.014661427500002 2.0048871425
