mp-1187702.cif
V 0.0 0.0 0.0
V 0.0 3.12511505 3.12511505
V 3.12511505 0.0 3.12511505
V 3.12511505 3.12511505 0.0
W 4.6876725750000015 4.6876725750000015 1.562557525
W 4.6876725750000015 4.6876725750000015 4.6876725750000015
W 0.0 3.12511505 0.0
W 4.6876725750000015 1.562557525 4.6876725750000015
W 4.6876725750000015 1.562557525 1.562557525
W 0.0 0.0 3.12511505
W 1.562557525 4.6876725750000015 4.6876725750000015
W 1.562557525 4.6876725750000015 1.562557525
W 3.12511505 3.12511505 3.12511505
W 1.562557525 1.562557525 1.562557525
W 1.562557525 1.562557525 4.6876725750000015
W 3.12511505 0.0 0.0
