mp-1196514.cif
K 1.3457542529408948 7.626070111495037 0.22637187675560416
K -0.3748889422667747 10.298477758504962 6.041598276323727
K 1.7107968566437652 4.323628468504963 11.404080922380643
K 3.4314400518514354 1.6512208214950366 5.588854522812519
K 3.1298409579594173 7.3482355566125195 4.852030446628841
K 1.4091977627517474 10.576312313387481 10.667256846196965
K -0.0732898483747577 4.60146302338748 6.778422352507405
K 1.647353346832912 1.3733862666125196 0.9631959529392827
S -1.5323365855250695 4.471549604832281 11.568430850885237
S 0.18830660968260074 1.5032996851677198 5.753204451317114
S 4.5888876951097295 7.478148975167719 0.062021948251009845
S 2.86824449990206 10.44639889483228 5.877248347819132
S 2.4961523293523418 4.987232513711933 1.8280321198155183
S 0.7755091341446719 0.9876167762880672 7.643258519383641
S 0.5603987802323179 6.9624660662880675 9.80242067932073
S 2.281041975439988 10.962081803711932 3.9871942797526048
S 1.5118396554102576 3.89496840305526 3.2212455725829137
S -0.2088035397974123 2.07988088694474 9.036471972151038
S 1.5447114541744036 8.05473017694474 8.409207226553333
S 3.2653546493820733 9.869817693055259 2.5939808269852103
S -0.5484827189668249 4.613902062124331 3.176009159029729
S -2.2691259141744946 1.3609472278756685 8.991235558597852
S 3.605033828551486 7.335796517875669 8.454443640106518
S 5.325677023759155 10.58875135212433 2.639217240538395
S -0.469977736526588 6.6329982978052 3.2146095851293106
S -2.1906209317342578 11.2915495721948 9.029835984697433
S 3.5265288461112476 5.3167002821948 8.415843214006937
S 5.247172041318918 0.6581490078051996 2.6006168144388133
S -0.08432373123129616 7.299707711182153 5.103195890052588
S -1.8049669264389663 10.624840158817847 10.918422289620711
S 3.140874840815958 4.649990868817846 6.527256909083659
S 4.861518036023628 1.3248584211821537 0.712030509515536
