mp-1207381.cif
Zr 1.9255519999999995 8.042710114098 1.78300275
Zr 0.0 15.557206885902001 5.349008250000001
Zr 0.0 0.176071114098 1.78300275
Zr 1.9255519999999995 7.690567885902002 5.349008250000001
Si 1.9255519999999995 14.574663674802 0.23027123915700004
Si 0.0 9.025253325198 6.901739760843
Si 0.0 9.025253325198 3.796276739157
Si 1.9255519999999995 14.574663674802 3.335734260843001
Si 1.9255519999999995 11.985107715504 1.78300275
Si 0.0 11.614809284496 5.349008250000001
Si 0.0 6.708024674802 0.23027123915700004
Si 1.9255519999999995 1.158614325198 6.901739760843
Si 1.9255519999999995 1.158614325198 3.796276739157
Si 0.0 6.708024674802 3.335734260843001
Si 0.0 4.118468715504 1.78300275
Si 1.9255519999999995 3.748170284496 5.349008250000001
Pd 0.0 10.3878967995 1.78300275
Pd 1.9255519999999995 13.2120202005 5.349008250000001
Pd 1.9255519999999995 10.625170365018 3.944536983825
Pd 0.0 12.974746634982003 3.1874740161750013
Pd 0.0 12.974746634982003 0.37853148382500007
Pd 1.9255519999999995 10.625170365018 6.753479516175
Pd 1.9255519999999995 2.521257799500001 1.78300275
Pd 0.0 5.3453812005 5.349008250000001
Pd 0.0 2.758531365018 3.944536983825
Pd 1.9255519999999995 5.108107634982 3.1874740161750013
Pd 1.9255519999999995 5.108107634982 0.37853148382500007
Pd 0.0 2.758531365018 6.753479516175
