mp-1101178.cif
W -0.15935804292538702 0.0 4.697363099880893
W 1.8857735176631503 0.0 1.8208975009324075
W 2.4880874841878984 1.892383 4.77318849474519
W 4.533219044776436 1.892383 1.8967228957967037
W 6.183400957074614 1.892383 4.697363099880893
W 8.22853251766315 1.892383 1.8208975009324075
W 8.830846484187898 0.0 4.77318849474519
W 10.875978044776435 0.0 1.8967228957967037
N 0.0007486431135103501 0.0 2.377906539073289
N 0.3819559492149429 1.892383 4.662915594639474
N 1.6971818560948155 0.0 0.010029604799425626
N 2.063319750482586 0.0 4.262661168787839
N 2.3105412513684622 1.892383 2.331424826889758
N 2.6766791457562333 1.892383 6.584056390878171
N 3.991905052636105 0.0 1.9311704010381239
N 4.373112358737539 1.892383 4.216179456604307
N 6.343507643113511 1.892383 2.377906539073289
N 6.724714949214942 0.0 4.662915594639474
N 8.039940856094816 1.892383 0.010029604799425626
N 8.406078750482585 1.892383 4.262661168787839
N 8.653300251368462 0.0 2.331424826889758
N 9.019438145756235 0.0 6.584056390878171
N 10.334664052636105 1.892383 1.9311704010381239
N 10.715871358737537 0.0 4.216179456604307
