mp-1188355.cif
Zr -4.2567417175007413e-08 4.915262113192293 3.016766399999999
Zr 4.2567418775674195 2.457631019731681 3.016766399999999
Zr 4.2567418775674195 2.457631019731681 0.0
Zr -4.2567417175007413e-08 4.915262113192293 0.0
Zr 6.3913793575598135 0.0 1.5083831999999995
Zr -3.1956896787799054 5.535096888870266 1.5083831999999995
Zr 1.0610521562200939 1.8377962440537112 1.5083831999999995
Zr 2.1221043124401864 0.0 4.5251496
Zr -1.0610521562200927 1.8377962440537112 4.5251496
Zr 3.195689678779907 5.535096888870266 4.5251496
Sb 3.406601701602446 0.0 1.5083831999999995
Sb -1.7033008508012224 2.9502036141630152 1.5083831999999995
Sb 2.5534409841987773 4.42268951876096 1.5083831999999995
Sb 5.106881968397553 0.0 4.5251496
Sb -2.5534409841987755 4.42268951876096 4.5251496
Sb 1.7033008508012237 2.9502036141630152 4.5251496
P 0.0 0.0 3.016766399999999
P 0.0 0.0 0.0
