mp-1028420.cif
Mo 1.6618347316183473 0.9594607104593077 3.55251592288
Mo 1.6618347316183473 0.9594607104593077 17.764773459412
Mo 0.0 0.0 10.6590607652
W 0.0 0.0 24.871318301732003
Se 1.6618347316183473 0.9594607104593077 12.335271829109999
Se 1.6618347316183473 0.9594607104593077 26.555623897238
Se 0.0 0.0 1.8771370070779998
Se 0.0 0.0 16.089167594126
Se 0.0 0.0 5.2284622123919995
Se 0.0 0.0 19.43992542573
Se 1.6618347316183473 0.9594607104593077 8.982887526204
Se 1.6618347316183473 0.9594607104593077 23.18686140657
