mp-1102441.cif
Re 2.149071 1.6642598508 5.841819831093999
Re 2.149071 0.4129491492 1.0419468310939999
Re 0.716357 2.4901581492 3.757926168905999
Re 0.716357 3.7414688507999996 8.557799168906
N 0.716357 0.18043052815799998 6.468664045402
N 0.716357 1.8967784718420004 1.6687910454019999
N 2.149071 3.973987471842 3.1310819545979998
N 2.149071 2.2576395281579997 7.930954954598
N 0.716357 3.1613750022059994 5.710975293114
N 0.716357 3.070251997794 0.9111022931139999
N 2.149071 0.9930429977940001 3.888770706885999
N 2.149071 1.084166002206 8.688643706886
