mp-17186.cif
Ca 1.0499796375 4.309035034909171 13.431130939884072
Ca 1.0499796375 10.431279904909173 6.718817470115927
Ca 3.1499389124999997 7.935454705090828 0.0021680001159266006
Ca 3.1499389124999997 8.918685272094468 9.57225542577973
Ca 3.1499389124999997 11.427566893767475 12.00055284393269
Ca 1.0499796375 0.8169228462325265 1.432746096067312
Ca 3.1499389124999997 5.305322023767473 8.14939556606731
Ca 1.0499796375 6.939167716232527 5.283903373932689
Ca 1.0499796375 9.44804933790553 2.8556059557797298
Ca 3.1499389124999997 2.796440402094469 10.577692984220272
Ca 1.0499796375 3.3258044679055314 3.86104351422027
Ca 3.1499389124999997 1.8132098350908277 6.714481469884075
Al 3.1499389124999997 5.3775348815683035 2.718658577740027
Al 1.0499796375 6.866954858431698 10.714640362259974
Al 1.0499796375 0.7447099884316974 9.435308047740026
Al 3.1499389124999997 11.499779751568303 3.997990892259973
As 3.1499389124999997 11.749802681357107 8.720255828824646
As 1.0499796375 0.49468705864289453 4.713043111175353
As 3.1499389124999997 5.627557811357105 11.429692581175358
As 1.0499796375 6.616931928642894 2.003606358824647
As 3.1499389124999997 10.981610700281626 1.5505288581742636
As 1.0499796375 1.2628790397183742 11.882770081825736
As 3.1499389124999997 4.859365830281626 5.166120611825737
As 1.0499796375 7.3851239097183745 8.267178328174264
As 3.1499389124999997 9.230574833188493 5.0365701455143554
As 1.0499796375 3.0139149068115065 8.396728794485645
As 3.1499389124999997 3.1083299631884937 1.6800793244856442
As 1.0499796375 9.136159776811507 11.753219615514357
