mp-1205342.cif
K 2.860438636978291 2.28650049 7.996731586599096
K 2.15696797193262 0.0 0.4153335169955873
K 11.59644007197829 0.0 7.996731586599096
K 10.892969406932618 2.28650049 0.4153335169955873
Ag 5.818909582809686 0.0 3.1386777656058547
Ag -0.8015029738987755 2.28650049 5.2733873379888285
Ag 3.3658175603503016 0.0 4.574349186274616
Ag 1.6515890485606097 2.28650049 3.837715917320068
Ag 5.4479086009373905 2.28650049 4.945868125695526
Ag -0.4305019920264794 0.0 3.4661969778991577
Ag 14.554911017809689 2.28650049 3.1386777656058547
Ag 7.93449846110122 0.0 5.2733873379888285
Ag 12.1018189953503 2.28650049 4.574349186274616
Ag 10.38759048356061 0.0 3.837715917320068
Ag 14.183910035937389 0.0 4.945868125695526
Ag 8.305499442973522 2.28650049 3.4661969778991577
Te 4.070837904090755 2.28650049 2.44991318488201
Te 0.9465687048201551 0.0 5.962151918712672
Te 5.508668176133142 0.0 6.5728675928716935
Te -0.49126156722223013 2.28650049 1.839197510722989
Te 12.806839339090756 0.0 2.44991318488201
Te 9.682570139820156 2.28650049 5.962151918712672
Te 14.244669611133142 2.28650049 6.5728675928716935
Te 8.244739867777769 0.0 1.839197510722989
