mp-1220442.cif
Nb -1.9310976802293687 5.2658099460675505 0.8457541910719999
Nb 0.6862364149099509 7.421972905975266 0.8457541910719999
Nb 1.2448612653194209 4.077213609439602 0.8457541910719999
Nb 6.7707352902293705 3.116688284673658 2.543077808928001
Nb 4.15340119509005 0.9605253247659431 2.543077808928001
Nb 3.594776344680582 4.305284621301609 2.543077808928001
Zn 0.0 0.0 1.694416
S 4.839637658396376 2.7941660489720763 0.8470385584000002
S -4.8396375090074604e-08 5.588332181769135 2.5417934416000008
S -1.7799267598434076 7.905827468850112 0.8496954026880001
S 2.8969731958827305 5.971046287216272 0.8496954026880001
S -1.1170464360393195 2.8881227054160385 0.8496954026880001
S 6.619564369843411 0.47667076189109897 2.539136597312001
S 1.9426644141172704 2.4114519435249395 2.539136597312001
S 5.95668404603932 5.4943755253251725 2.539136597312001
