mp-1238878.cif
Rb -0.6558995003526529 1.7139339999999996 2.731969502283639
Rb 7.504501499647347 0.0 2.731969502283639
Cr 3.0733006617206042 1.7139339999999996 4.341345416383907
Cr 3.775301337574091 0.0 1.1225935881833702
Cr 11.233701661720604 0.0 4.341345416383907
Cr 11.935702337574092 1.7139339999999996 1.1225935881833702
S 4.339318770005836 0.0 5.3311434310002745
S 2.509283229288858 1.7139339999999996 0.1327955735670031
S 4.681129602207038 1.7139339999999996 2.532940060103271
S 2.1674723970876557 0.0 2.9309989444640063
S 12.499719770005838 1.7139339999999996 5.3311434310002745
S 10.669684229288858 0.0 0.1327955735670031
S 12.84153060220704 0.0 2.532940060103271
S 10.327873397087656 1.7139339999999996 2.9309989444640063
