mp-1079559.cif
Cd 3.2814178928141797 1.8945274658493707 3.4607076394138487
Cd 0.0 0.0 3.5550838570949015
Cd -3.281417783851362e-08 3.7890549885345663 10.476499346396347
Cd 3.2814178928141797 1.8945274658493707 10.57087535360365
Cd 0.0 0.0 17.492290842905092
Cd -3.281417783851362e-08 3.7890549885345663 17.586667060586148
P -3.281417783851362e-08 3.7890549885345663 4.63918866556255
P -3.281417783851362e-08 3.7890549885345663 2.376603041419948
P 0.0 0.0 11.6549801620713
P 0.0 0.0 9.392394537928697
P 3.2814178928141797 1.8945274658493707 18.67077165858005
P 3.2814178928141797 1.8945274658493707 16.40818603443745
Se -1.07663060754589 1.9912702235817197 5.281806688955455
Se 2.0952425643516577 3.7555578859664616 5.281806688955455
Se -1.0186119568057648 5.620336799219692 5.281806688955455
Se 1.0766306403600703 5.586839696651587 1.7339848075532949
Se -2.0952425315374774 3.822552034266846 1.7339848075532949
Se 1.0186119896199457 1.9577731210136153 1.7339848075532949
Se 2.2047872852682895 3.8857976894310906 12.297598185464206
Se -1.1861752628341626 5.650085351815832 12.297598185464206
Se -1.0186119239915874 1.8312818106851263 12.297598185464206
Se 1.0766305747317122 1.7977847649528467 8.749776514535792
Se 4.467593122834164 0.03349710256810443 8.749776514535792
Se 4.300029783991589 3.8523006436988116 8.749776514535792
Se 2.2047872196399307 0.09674275773234892 19.313389892446704
Se 5.376660391537478 1.861030420117091 19.313389892446704
Se 2.262805870380055 3.7258093333703215 19.313389892446704
Se 4.358048467545891 3.692312230802217 15.765568011044543
Se 1.1861752956483433 1.9280245684174753 15.765568011044543
Se 4.300029816805766 0.06324565516424449 15.765568011044543
