mp-17974.cif
Na 0.0 4.189237715 5.83192305
Na 0.0 4.189237715 1.9439743499999995
Na 4.189237715 0.0 5.83192305
Na 4.189237715 0.0 1.9439743499999995
Na 7.210542682394621 7.210542682394621 0.0
Na 3.021304967394622 5.357170462605379 3.887948699999999
Na 5.357170462605379 3.021304967394622 3.887948699999999
Na 1.1679327476053785 1.1679327476053785 0.0
Na 5.90773181297628 2.4707436170237194 0.0
Na 6.65998133202372 6.65998133202372 3.887948699999999
Na 1.7184940979762804 1.7184940979762804 3.887948699999999
Na 2.4707436170237194 5.90773181297628 0.0
Hg 5.250060702986293 5.250060702986293 6.2876672302293874
Hg 3.1284147270137073 3.1284147270137073 6.2876672302293874
Hg 7.317652442013707 1.0608229879862927 2.39971853022939
Hg 1.0608229879862927 7.317652442013707 2.39971853022939
Hg 5.250060702986293 5.250060702986293 1.4882301697706095
Hg 1.0608229879862927 7.317652442013707 5.3761788697706105
Hg 7.317652442013707 1.0608229879862927 5.3761788697706105
Hg 3.1284147270137073 3.1284147270137073 1.4882301697706095
