mp-1226720.cif
Cd 1.640081335 1.640081335 4.920244005000001
Cd 1.640081335 4.920244005000001 1.640081335
Cd 4.920244005000001 1.640081335 1.640081335
Cd 4.920244005000001 4.920244005000001 4.920244005000001
Sn 1.640081335 1.640081335 1.640081335
Sn 1.640081335 4.920244005000001 4.920244005000001
Sn 4.920244005000001 1.640081335 4.920244005000001
Sn 4.920244005000001 4.920244005000001 1.640081335
Au 0.0 0.0 0.0
Au 0.0 3.28016267 3.28016267
Au 3.28016267 0.0 3.28016267
Au 3.28016267 3.28016267 0.0
