mp-1215477.cif
Zr -2.6361542732430757e-08 3.04396886241565 3.6240792838054707
Zr -2.6361542732430757e-08 3.04396886241565 0.49778608863183516
Zr 0.0 0.0 7.745944532586817
Zr 0.0 0.0 4.619651337413182
Zr 2.636154376361544 1.521984408378058 11.867809781368164
Zr 2.636154376361544 1.521984408378058 8.74151658619453
Al 3.954231498638457 0.7609922270187957 2.0609326862186528
Al 1.3180771486384566 0.7609922270187957 2.0609326862186528
Al 2.63615438022588e-08 1.521984408378058 10.304663183781347
Al 1.3180771750000007 2.2829766353968544 6.182797935
Al -1.3180771749999993 2.2829766353968544 6.182797935
Al 2.6361543236384573 3.04396886241565 2.0609326862186528
Al -1.3180771486384557 3.804961043774913 10.304663183781347
Al 1.3180772013615447 3.804961043774913 10.304663183781347
Al 2.63615435 0.0 6.182797935
Ni 0.0 0.0 0.0
Ni 2.636154376361544 1.521984408378058 4.121865248781347
Ni -2.6361542732430757e-08 3.04396886241565 8.243730621218653
