mp-1028604.cif
Te -1.680145858528339e-08 1.9400653849860192 12.713835986989
Te 1.6801459168014596 0.9700326779425192 25.654467013011
Te 1.6801459168014596 0.9700326779425192 29.456765840310993
Te -1.680145858528339e-08 1.9400653849860192 8.911537159688999
W -1.680145858528339e-08 1.9400653849860192 27.554887428904
W -1.680145858528339e-08 1.9400653849860192 3.6037428592749996
W 1.6801459168014596 0.9700326779425192 34.764560140724996
W 1.6801459168014596 0.9700326779425192 10.813415571096
S -1.680145858528339e-08 1.9400653849860192 36.282410207405
S 1.6801459168014596 0.9700326779425192 2.0858927925949997
S 1.6801459168014596 0.9700326779425192 5.121823135773
S -1.680145858528339e-08 1.9400653849860192 33.246479864227
