mp-17367.cif
Mn 3.085262041614993 5.8508079975000005 10.243864686210998
Mn 6.208909651614992 1.9502693324999996 9.781747778789002
Mn 3.162033178385007 1.9502693324999996 3.1065436237890016
Mn 0.038385568385007 5.8508079975000005 3.5686605312109987
Mn 3.12364761 3.900538664999999 6.675204155
Mn 0.0 3.900538664999999 0.0
Mn 3.12364761 0.0 6.675204155
Mn 0.0 0.0 0.0
Si 3.7134927352751377 5.8508079975000005 1.1857382752181957
Si 0.5898451252751374 1.9502693324999996 5.489465879781805
Si 2.5338024847248617 1.9502693324999996 12.164670034781805
Si 5.6574500947248625 5.8508079975000005 7.860942430218195
Se 1.6662389107537532 5.8508079975000005 7.907015623824587
Se 4.789886520753753 1.9502693324999996 12.118596841175414
Se 4.581056309246247 1.9502693324999996 5.443392686175413
Se 1.4574086992462467 5.8508079975000005 1.231811468824587
Se 4.734325513512209 5.8508079975000005 5.7609262736491065
Se 1.6106779035122085 1.9502693324999996 0.9142778813508934
Se 1.5129697064877912 1.9502693324999996 7.589482036350895
Se 4.636617316487791 5.8508079975000005 12.43613042864911
Se 4.682027843401784 7.643460073032147 8.912663966657288
Se 1.5583802334017838 0.15761725696785145 11.112948498342718
Se 1.5652673765982164 3.7429214080321476 4.437744343342715
Se 4.688914986598215 4.058155921967852 2.237459811657287
Se 1.5652673765982164 0.15761725696785145 4.437744343342715
Se 4.688914986598215 7.643460073032147 2.237459811657287
Se 4.682027843401784 4.058155921967852 8.912663966657288
Se 1.5583802334017838 3.7429214080321476 11.112948498342718
