mp-1206110.cif
Mn 3.918788999999999 0.0 0.0
Mn 3.918788999999999 3.918788999999999 3.918788999999999
Mn 0.0 0.0 3.918788999999999
Mn 0.0 3.918788999999999 0.0
Cu 0.0 0.0 0.0
Cu 0.0 3.918788999999999 3.918788999999999
Cu 3.918788999999999 0.0 3.918788999999999
Cu 3.918788999999999 3.918788999999999 0.0
Pt 0.0 5.878183499999998 5.878183499999998
Pt 0.0 1.9593944999999995 5.878183499999998
Pt 5.878183499999998 0.0 5.878183499999998
Pt 1.9593944999999995 0.0 5.878183499999998
Pt 1.9593944999999995 1.9593944999999995 0.0
Pt 1.9593944999999995 5.878183499999998 0.0
Pt 0.0 1.9593944999999995 1.9593944999999995
Pt 0.0 5.878183499999998 1.9593944999999995
Pt 5.878183499999998 3.918788999999999 1.9593944999999995
Pt 1.9593944999999995 3.918788999999999 1.9593944999999995
Pt 1.9593944999999995 5.878183499999998 3.918788999999999
Pt 1.9593944999999995 1.9593944999999995 3.918788999999999
Pt 3.918788999999999 5.878183499999998 1.9593944999999995
Pt 3.918788999999999 1.9593944999999995 1.9593944999999995
Pt 1.9593944999999995 0.0 1.9593944999999995
Pt 5.878183499999998 0.0 1.9593944999999995
Pt 5.878183499999998 1.9593944999999995 3.918788999999999
Pt 5.878183499999998 5.878183499999998 3.918788999999999
Pt 3.918788999999999 1.9593944999999995 5.878183499999998
Pt 3.918788999999999 5.878183499999998 5.878183499999998
Pt 1.9593944999999995 3.918788999999999 5.878183499999998
Pt 5.878183499999998 3.918788999999999 5.878183499999998
Pt 5.878183499999998 5.878183499999998 0.0
Pt 5.878183499999998 1.9593944999999995 0.0
