mp-1220738.cif
Nb 2.460801164608012 1.420744186393696 7.313647976142001
Nb -2.4608010927350614e-08 2.841488415409718 0.46406502385799986
Nb -2.4608010927350614e-08 2.841488415409718 3.4247914761419995
Nb 2.460801164608012 1.420744186393696 4.352921523857998
Ga 0.0 0.0 0.0
Ga 0.0 0.0 3.8888564999999993
Ni 2.734571506049122e-16 1.4654919599432716 5.833284750000001
Ni 1.1916478736472804 3.5294866218317797 5.833284750000001
Ni -1.1916478736472793 3.5294866218317797 5.833284750000001
Ni 2.4608011400000005 2.7967406418601426 1.9444282499999996
Ni 1.2691532663527203 0.7327459799716358 1.9444282499999996
Ni 3.65244901364728 0.7327459799716358 1.9444282499999996
