mp-15837.cif
Nb 1.9471162534918574 1.2621936364666502 1.7329276249999996
Nb 3.7290849735333507 6.938394863491857 0.0
Nb 6.25347224646665 3.0441623565081435 0.0
Nb 8.035440966508142 8.72036358353335 1.7329276249999996
Nb 0.0 0.0 0.0
Nb 6.938394863491857 6.25347224646665 0.0
Nb 8.72036358353335 1.9471162534918574 1.7329276249999996
Nb 1.2621936364666502 8.035440966508142 1.7329276249999996
Nb 3.0441623565081435 3.7290849735333507 0.0
Nb 4.99127861 4.99127861 1.7329276249999996
Se 4.402833116006489 2.1859796812565944 1.7329276249999996
Se 2.8052989287434063 9.39411172600649 0.0
Se 7.177258291256595 0.5884454939935114 0.0
Se 5.579724103993512 7.796577538743406 1.7329276249999996
Se 9.39411172600649 7.177258291256595 0.0
Se 7.796577538743406 4.402833116006489 1.7329276249999996
Se 2.1859796812565944 5.579724103993512 1.7329276249999996
Se 0.5884454939935114 2.8052989287434063 0.0
