mp-1207788.cif
Y 1.432099244050972 7.8309315740509735 2.099914895
Y 11.365565415949028 4.966733085949027 2.099914895
Y 7.8309315740509735 11.365565415949028 2.099914895
Y 4.966733085949027 1.432099244050972 2.099914895
Y 8.668381954655887 2.2695496246558875 2.099914895
Y 4.129282705344113 10.528115035344113 2.099914895
Y 2.2695496246558875 4.129282705344113 2.099914895
Y 10.528115035344113 8.668381954655887 2.099914895
Y 0.0 0.0 0.0
Y 6.3988323299999985 6.3988323299999985 0.0
Co 0.3263473595689164 3.1322935656481197 0.0
Co 12.471317300431082 9.66537109435188 0.0
Co 3.1322935656481197 12.471317300431082 0.0
Co 6.725179689568917 3.2665387643518806 0.0
Co 9.66537109435188 0.3263473595689164 0.0
Co 6.072484970431083 9.531125895648119 0.0
Co 9.531125895648119 6.725179689568917 0.0
Co 3.2665387643518806 6.072484970431083 0.0
Ge 7.276885605318404 0.8780532753184038 0.0
Ge 5.520779054681595 11.919611384681595 0.0
Ge 0.8780532753184038 5.520779054681595 0.0
Ge 11.919611384681595 7.276885605318404 0.0
Ge 2.5322067185347352 1.9813060318456548 0.0
Ge 10.265457941465264 10.816358628154346 0.0
Ge 1.9813060318456548 10.265457941465264 0.0
Ge 8.931039048534734 4.417526298154345 0.0
Ge 10.816358628154346 2.5322067185347352 0.0
Ge 3.8666256114652655 8.380138361845656 0.0
Ge 8.380138361845656 8.931039048534734 0.0
Ge 4.417526298154345 3.8666256114652655 0.0
Ge 0.04764250611301499 2.1375515678897754 2.099914895
Ge 12.750022153886986 10.660113092110223 2.099914895
Ge 2.1375515678897754 12.750022153886986 2.099914895
Ge 6.4464748361130155 4.261280762110224 2.099914895
Ge 10.660113092110223 0.04764250611301499 2.099914895
Ge 6.351189823886985 8.536383897889774 2.099914895
Ge 8.536383897889774 6.4464748361130155 2.099914895
Ge 4.261280762110224 6.351189823886985 2.099914895
