mp-1025291.cif
Ti 0.0 0.0 0.0
Ti 6.986475 1.753037 0.0
Nb 1.5547841817221657 1.753037 3.9127760237941103
Nb 2.704843818306144 0.0 1.8667959765339692
Nb 8.541259181722166 0.0 3.9127760237941103
Nb 9.691318818306145 1.753037 1.8667959765339692
Se 0.20357290862461183 0.0 2.5748224444341608
Se 4.056055091403699 1.753037 3.204749555893919
Se 5.003365495932712 0.0 0.14532155837624924
Se -0.7437374959044017 1.753037 5.6342504419518304
Se 7.190047908624612 1.753037 2.5748224444341608
Se 11.042530091403698 0.0 3.204749555893919
Se 11.989840495932713 1.753037 0.14532155837624924
Se 6.242737504095598 0.0 5.6342504419518304
