mp-1186953.cif
Sc 1.69129674 5.073890219999999 5.073890219999999
Sc 1.69129674 1.69129674 5.073890219999999
Sc 1.69129674 1.69129674 1.69129674
Sc 1.69129674 5.073890219999999 1.69129674
Sc 5.073890219999999 5.073890219999999 1.69129674
Sc 5.073890219999999 1.69129674 1.69129674
Sc 5.073890219999999 1.69129674 5.073890219999999
Sc 5.073890219999999 5.073890219999999 5.073890219999999
Zn 0.0 0.0 0.0
Zn 0.0 3.38259348 3.38259348
Zn 3.38259348 0.0 3.38259348
Zn 3.38259348 3.38259348 0.0
Ag 3.38259348 0.0 0.0
Ag 3.38259348 3.38259348 3.38259348
Ag 0.0 0.0 3.38259348
Ag 0.0 3.38259348 0.0
