mp-1221782.cif
Mn -1.9099640428443472e-08 2.20543663754375 3.1212302955068347
Mn 1.9099641640996419 1.1027183022311002 6.239041709144526
Mn 0.0 0.0 9.37015262476353
Mn -1.9099640428443472e-08 2.20543663754375 12.487964506677054
Mn 0.0 0.0 18.73042462941489
Mn -1.9099640428443472e-08 2.20543663754375 21.848236511328416
Mn 1.9099641640996419 1.1027183022311002 24.979346958671584
Mn 0.0 0.0 28.09715884058511
Mn 1.9099641640996419 1.1027183022311002 34.33961896332294
Mn 0.0 0.0 37.457430845236466
Mn -1.9099640428443472e-08 2.20543663754375 40.58854176085548
Mn 1.9099641640996419 1.1027183022311002 43.70635317449317
V 0.0 0.0 0.0
V 1.9099641640996419 1.1027183022311002 15.609194333908054
V -1.9099640428443472e-08 2.20543663754375 31.218389136091947
Se 0.0 0.0 14.11795448520336
Se 1.9099641640996419 1.1027183022311002 10.969564191283926
Se -1.9099640428443472e-08 2.20543663754375 7.804597401091945
Se 1.9099641640996419 1.1027183022311002 1.491239848704695
Se 0.0 0.0 4.63963014262413
Se 1.9099641640996419 1.1027183022311002 29.727148819111413
Se -1.9099640428443472e-08 2.20543663754375 26.578758993467815
Se 0.0 0.0 23.413791735
Se -1.9099640428443472e-08 2.20543663754375 17.100434650888584
Se 1.9099641640996419 1.1027183022311002 20.248824476532185
Se -1.9099640428443472e-08 2.20543663754375 45.336343621295306
Se 0.0 0.0 42.18795332737587
Se 1.9099641640996419 1.1027183022311002 39.022986068908054
Se 0.0 0.0 32.709628984796645
Se -1.9099640428443472e-08 2.20543663754375 35.85801927871608
