mp-1218039.cif
Ta 2.42647798426478 1.4009276893794171 3.39279006105
Ta -2.426477921656786e-08 2.8018554207866657 4.27655993895
Ta -2.426477921656786e-08 2.8018554207866657 7.227465061049999
Ta 2.42647798426478 1.4009276893794171 0.44188493895
Si 0.0 0.0 3.834675
Si 0.0 0.0 0.0
Ni 2.5562268301541737e-16 1.4161193634042413 1.9173375
Ni 1.2000826165008807 3.494723428463962 1.9173375
Ni -1.2000826165008793 3.494723428463962 1.9173375
Ni 2.4264779600000006 2.7866637467618403 5.752012499999999
Ni 1.2263953434991202 0.7080596817021206 5.752012499999999
Ni 3.6265605765008804 0.7080596817021206 5.752012499999999
