mp-1215270.cif
Zr 2.798637 1.6651242586 6.0270447659520014
Zr 2.798637 7.8772701304 7.159963995968001
Zr 2.798637 7.8772701304 1.6041480040320002
Zr 2.798637 1.6651242586 2.7370672340480016
Zr 0.0 6.368174258600001 6.0270447659520014
Zr 0.0 3.1742201304 7.159963995968001
Zr 0.0 3.1742201304 1.6041480040320002
Zr 0.0 6.368174258600001 2.7370672340480016
Ti 2.798637 6.1993912002 4.382056
Ti 1.4539674846989998 0.81563585235 0.0
Ti 4.143306515300999 0.81563585235 0.0
Ti 2.798637 3.0070831395 0.0
Ti 0.0 1.4963412002 4.382056
Ti 4.252604484699 5.51868585235 0.0
Ti 1.3446695153009998 5.51868585235 0.0
Ti 0.0 7.7101331395 0.0
Au 2.798637 4.7610574187 6.634415255776
Au 2.798637 4.7610574187 2.1296967442240002
Au 4.155760449951 8.496083340250001 4.382056
Au 1.441513550049 8.496083340250001 4.382056
Au 0.0 0.0580074187 6.634415255776
Au 0.0 0.0580074187 2.1296967442240002
Au 1.3571234499509999 3.79303334025 4.382056
Au 4.240150550049 3.79303334025 4.382056
