mp-23230.cif
P 5.76292317130434 8.02059842300091 7.140934575000001
P 2.6519955513043407 4.24758426699909 2.3803115249999998
P 3.5698596886956593 3.9312041930009096 7.140934575000001
P 0.45893206869565956 0.15819003699909 2.3803115249999998
Cl 4.610626683603347 7.386172746522555 8.718345599813777
Cl 1.4996990636033471 4.882009943477446 0.8029005001862252
Cl 4.722156176396653 3.2967785165225565 5.5635235501862255
Cl 1.6112285563966526 0.7926157134774444 3.9577225498137754
Cl 5.2198449280049015 1.6003459098168533 2.3803115249999998
Cl 2.108917308004901 2.489048320183146 7.140934575000001
Cl 4.1129379319950985 5.689740139816854 2.3803115249999998
Cl 1.002010311995099 6.578442550183146 7.140934575000001
Cl 4.610626683603347 7.386172746522555 5.5635235501862255
Cl 1.4996990636033471 4.882009943477446 3.9577225498137754
Cl 4.722156176396653 3.2967785165225565 8.718345599813777
Cl 1.6112285563966526 0.7926157134774444 0.8029005001862252
