mp-27255.cif
Ga 5.1582558608110665 0.0 1.6376637576682656
Ga 0.0 5.558485424188931 4.186195647668265
Ga 1.9862383291889334 0.0 1.6376637576682656
Ga 0.0 1.586008765811066 4.186195647668265
Ga 1.586008765811066 3.572247094999999 6.734727537668266
Ga 3.572247094999999 1.9862383291889334 9.283259427668266
Ga 5.558485424188931 3.572247094999999 6.734727537668266
Ga 3.572247094999999 5.1582558608110665 9.283259427668266
Te 0.0 3.572247094999999 2.5633208166751196
Te 0.0 0.0 0.014788926675118799
Te 3.572247094999999 0.0 7.66038459667512
Te 3.572247094999999 3.572247094999999 5.111852706675118
S 3.572247094999999 1.7099208725840533 1.370369757335317
S 5.434573317415947 0.0 3.9189016473353178
S 1.7099208725840533 0.0 3.9189016473353178
S 3.572247094999999 5.434573317415947 1.370369757335317
S 0.0 5.282167967584052 6.467433537335317
S 1.8623262224159458 3.572247094999999 9.015965427335317
S 5.282167967584052 3.572247094999999 9.015965427335317
S 0.0 1.8623262224159458 6.467433537335317
