mp-28877.cif
Cs 6.989147438175 0.6704799558169998 1.8904821421860003
Cs 3.084224938175 11.461171044183 4.569524357814
Cs 0.820697561825 6.736305455816999 11.029530857814
Cs 4.725620061825 5.395345544183 8.350488642186
Cs 0.820697561825 11.461171044183 11.029530857814
Cs 4.725620061825 0.6704799558169998 8.350488642186
Cs 6.989147438175 5.395345544183 1.8904821421860003
Cs 3.084224938175 6.736305455816999 4.569524357814
Sn 3.886998905725 3.03291275 12.072860667602997
Sn 3.9228460942750005 9.09873825 0.847152332397
Sn 0.017923594275000003 3.03291275 5.6128541676029995
Sn 7.791921405725 9.09873825 7.3071588323970005
Te 1.2422886146149998 9.09873825 1.6118620618410002
Te 5.147211114615 3.03291275 4.848144438159
Te 6.567556385385 3.03291275 11.308150938159
Te 2.662633885385 9.09873825 8.071868561841
Te 5.842599713415 9.09873825 9.361750979708999
Te 5.872167786585 9.09873825 2.9017444797089995
Te 1.937677213415 3.03291275 10.018268520291
Te 1.9672452865849999 3.03291275 3.5582620202910005
Te 7.09730598158 6.923047959659999 5.552298066672001
Te 3.1923834815800003 5.20860304034 0.9077084333279999
Te 0.71253901842 0.85722245966 7.367714933328
Te 4.61746151842 11.27442854034 12.012304566672
Te 0.71253901842 5.20860304034 7.367714933328
Te 4.61746151842 6.923047959659999 12.012304566672
Te 7.09730598158 11.27442854034 5.552298066672001
Te 3.1923834815800003 0.85722245966 0.9077084333279999
