mp-2070.cif
Co 0.0 2.762032935 2.762032935
Co 2.762032935 2.762032935 0.0
Co 2.762032935 0.0 2.762032935
Co 0.0 0.0 0.0
S 2.159224052873557 0.6028088821264431 4.921256987873557
S 0.6028088821264431 4.921256987873557 2.159224052873557
S 4.921256987873557 2.159224052873557 0.6028088821264431
S 3.364841817126443 3.364841817126443 3.364841817126443
S 2.159224052873557 2.159224052873557 2.159224052873557
S 0.6028088821264431 3.364841817126443 4.921256987873557
S 4.921256987873557 0.6028088821264431 3.364841817126443
S 3.364841817126443 4.921256987873557 0.6028088821264431
