mp-2473.cif
Re 0.0 2.994825981621752 0.0
Re 2.994825981621752 0.0 0.0
Re 5.805395478378247 0.0 0.0
Re 0.0 0.0 2.994825981621752
Re 0.0 0.0 5.805395478378247
Re 0.0 5.805395478378247 0.0
Re 4.40011073 7.394936711621752 4.40011073
Re 7.394936711621752 4.40011073 4.40011073
Re 1.4052847483782476 4.40011073 4.40011073
Re 4.40011073 4.40011073 7.394936711621752
Re 4.40011073 4.40011073 1.4052847483782476
Re 4.40011073 1.4052847483782476 4.40011073
As 4.40011073 6.600166095 0.0
As 2.200055365 0.0 4.40011073
As 2.200055365 4.40011073 0.0
As 0.0 4.40011073 2.200055365
As 4.40011073 0.0 2.200055365
As 0.0 6.600166095 4.40011073
As 5.8603765339916745 5.8603765339916745 2.9398449260083246
As 1.460265803991675 7.339955656008326 7.339955656008326
As 2.9398449260083246 5.8603765339916745 2.9398449260083246
As 1.460265803991675 1.460265803991675 1.460265803991675
As 1.460265803991675 7.339955656008326 1.460265803991675
As 2.9398449260083246 2.9398449260083246 2.9398449260083246
As 2.9398449260083246 5.8603765339916745 5.8603765339916745
As 7.339955656008326 7.339955656008326 1.460265803991675
As 0.0 2.200055365 4.40011073
As 6.600166095 4.40011073 0.0
As 6.600166095 0.0 4.40011073
As 4.40011073 0.0 6.600166095
As 0.0 4.40011073 6.600166095
As 4.40011073 2.200055365 0.0
As 1.460265803991675 1.460265803991675 7.339955656008326
As 5.8603765339916745 2.9398449260083246 2.9398449260083246
As 7.339955656008326 1.460265803991675 7.339955656008326
As 5.8603765339916745 5.8603765339916745 5.8603765339916745
As 5.8603765339916745 2.9398449260083246 5.8603765339916745
As 7.339955656008326 7.339955656008326 7.339955656008326
As 7.339955656008326 1.460265803991675 1.460265803991675
As 2.9398449260083246 2.9398449260083246 5.8603765339916745
