mp-22580.cif
Zr 0.0 0.0 3.029670735
Zr 0.0 3.029670735 0.0
Zr 3.029670735 0.0 0.0
Zr 3.029670735 3.029670735 3.029670735
Ga 0.0 0.0 0.0
Ga 0.0 3.029670735 3.029670735
Ga 3.029670735 0.0 3.029670735
Ga 3.029670735 3.029670735 0.0
Ni 1.5148353675 4.5445061025 1.5148353675
Ni 4.5445061025 1.5148353675 4.5445061025
Ni 1.5148353675 1.5148353675 4.5445061025
Ni 4.5445061025 4.5445061025 1.5148353675
Ni 4.5445061025 4.5445061025 4.5445061025
Ni 1.5148353675 1.5148353675 1.5148353675
Ni 4.5445061025 1.5148353675 1.5148353675
Ni 1.5148353675 4.5445061025 4.5445061025
