mp-20479.cif
Sr 0.0 15.062362553054664 5.494859684999998
Sr 2.251217385 10.647435861945338 1.8316198949999996
Sr 2.251217385 6.492429748054662 5.494859684999998
Sr 0.0 2.0775030569453365 1.8316198949999996
In 2.251217385 13.88108935696374 0.3675937311760097
In 0.0 11.828709058036262 6.958885848823988
In 0.0 11.828709058036262 4.03083352117601
In 2.251217385 13.88108935696374 3.29564605882399
In 0.0 15.835983242261218 1.8316198949999996
In 2.251217385 9.87381517273878 5.494859684999998
In 2.251217385 0.0 0.0
In 2.251217385 0.0 3.663239789999999
In 0.0 5.31115655196374 0.3675937311760097
In 2.251217385 3.258776253036261 6.958885848823988
In 2.251217385 3.258776253036261 4.03083352117601
In 0.0 5.31115655196374 3.29564605882399
In 2.251217385 7.266050437261222 1.8316198949999996
In 0.0 1.303882367738779 5.494859684999998
In 0.0 8.569932805 0.0
In 0.0 8.569932805 3.663239789999999
Ni 2.251217385 12.424758339942034 5.494859684999998
Ni 0.0 13.285040075057964 1.8316198949999996
Ni 0.0 3.8548255349420333 5.494859684999998
Ni 2.251217385 4.715107270057968 1.8316198949999996
