mp-29752.cif
Ni 3.67592862 2.3074426901443292 0.0
Ni 3.67592862 5.40146792985567 0.0
Ni 3.67592862 6.161898000144331 3.917403614999999
Ni 3.67592862 1.5470126198556702 3.917403614999999
Ni 0.0 2.3074426901443292 3.917403614999999
Ni 0.0 5.40146792985567 3.917403614999999
Ni 0.0 6.161898000144331 0.0
Ni 0.0 1.5470126198556702 0.0
Ge 3.67592862 0.0 2.098913282643863
Ge 0.0 0.0 1.8184903323561363
Ge 3.67592862 3.854455309999999 6.016316897643861
Ge 0.0 3.854455309999999 5.7358939473561374
Ge 0.0 0.0 6.016316897643861
Ge 3.67592862 0.0 5.7358939473561374
Ge 0.0 3.854455309999999 2.098913282643863
Ge 3.67592862 3.854455309999999 1.8184903323561363
Pt 5.1260554057553565 0.0 0.0
Pt 5.51389293 1.9272276549999996 1.9587018074999996
Pt 2.2258018342446433 0.0 0.0
Pt 5.51389293 5.781682964999998 1.9587018074999996
Pt 5.1260554057553565 3.854455309999999 3.917403614999999
Pt 5.51389293 5.781682964999998 5.8761054225
Pt 2.2258018342446433 3.854455309999999 3.917403614999999
Pt 5.51389293 1.9272276549999996 5.8761054225
Pt 1.4501267857553568 0.0 3.917403614999999
Pt 1.83796431 1.9272276549999996 5.8761054225
Pt 5.901730454244643 0.0 3.917403614999999
Pt 1.83796431 5.781682964999998 5.8761054225
Pt 1.4501267857553568 3.854455309999999 0.0
Pt 1.83796431 5.781682964999998 1.9587018074999996
Pt 5.901730454244643 3.854455309999999 0.0
Pt 1.83796431 1.9272276549999996 1.9587018074999996
