mp-29658.cif
Zr 1.75424559 3.785487155092728 3.2196640875
Zr 0.0 1.4487525449072718 1.0732213625
Zr 0.0 9.019726855092728 3.2196640875
Zr 1.75424559 6.682992244907272 1.0732213625
Ni 1.75424559 0.7243045633697459 3.2196640875
Ni 0.0 4.509935136630253 1.0732213625
Ni 0.0 5.95854436805454 3.2196640875
Ni 1.75424559 9.74417473194546 1.0732213625
H 1.75424559 1.955943357956074 0.0064063158858895
H 0.0 3.278296342043926 4.28647913411411
H 0.0 3.278296342043926 2.152849040885889
H 1.75424559 1.955943357956074 2.1400364091141104
H 0.0 0.723629346448446 3.2196640875
H 1.75424559 4.51061024886676 1.0732213625
H 0.0 7.190183057956074 0.0064063158858895
H 1.75424559 8.512536042043926 4.28647913411411
H 1.75424559 8.512536042043926 2.152849040885889
H 0.0 7.190183057956074 2.1400364091141104
H 1.75424559 5.95786915113324 3.2196640875
H 0.0 9.74484994886676 1.0732213625
