mp-2512.cif
As 3.9298690216321357 0.0 2.417761340731294
As 0.3610069142026598 0.0 6.000999127327286
As 1.1458588366321358 3.881798659999999 2.417761340731294
As 3.14501709920266 3.881798659999999 6.000999127327286
Pd 2.7622834021842273 5.740734975833697 1.4673524019109223
Pd 1.5285925336505688 5.740734975833697 6.951408066147654
Pd 2.7622834021842273 2.022862344166302 1.4673524019109223
Pd 1.5285925336505688 2.022862344166302 6.951408066147654
Pd 1.531510057334306 0.0 2.964375967403076
Pd 2.75936587850049 0.0 5.454384500655504
Pd 1.4192299552170788 0.0 0.051003544918848634
Pd 2.8716459806177164 0.0 8.367756923139732
Pd 2.145437967917398 2.4575751939670787 4.209380234029289
Pd 2.145437967917398 5.306022126032919 4.209380234029289
Pd -0.02172678281577298 1.858936315833698 1.4673524019109223
Pd 4.312602718650568 1.858936315833698 6.951408066147654
Pd -0.02172678281577298 5.904661004166302 1.4673524019109223
Pd 4.312602718650568 5.904661004166302 6.951408066147654
Pd 4.315520242334306 3.881798659999999 2.964375967403076
Pd -0.02464430649950995 3.881798659999999 5.454384500655504
Pd 4.203240140217079 3.881798659999999 0.051003544918848634
Pd 0.08763579561771673 3.881798659999999 8.367756923139732
Pd 4.929448152917398 6.339373776331105 4.209380234029289
Pd 4.929448152917398 1.4242234660329212 4.209380234029289
