mp-23499.cif
K 7.516990942499998 2.5056636474999996 2.5056636474999996
K 2.5056636474999996 7.516990942499998 7.516990942499998
K 7.516990942499998 7.516990942499998 7.516990942499998
K 2.5056636474999996 2.5056636474999996 2.5056636474999996
K 2.5056636474999996 2.5056636474999996 7.516990942499998
K 7.516990942499998 7.516990942499998 2.5056636474999996
K 2.5056636474999996 7.516990942499998 2.5056636474999996
K 7.516990942499998 2.5056636474999996 7.516990942499998
Sn 0.0 0.0 0.0
Sn 0.0 5.011327294999999 5.011327294999999
Sn 5.011327294999999 0.0 5.011327294999999
Sn 5.011327294999999 5.011327294999999 0.0
Cl 0.0 5.011327294999999 2.5706550500561254
Cl 0.0 7.581982345056123 0.0
Cl 0.0 2.4406722449438747 0.0
Cl 0.0 5.011327294999999 7.451999539943875
Cl 2.5706550500561254 5.011327294999999 0.0
Cl 7.451999539943875 5.011327294999999 0.0
Cl 0.0 0.0 7.581982345056123
Cl 0.0 2.5706550500561254 5.011327294999999
Cl 0.0 7.451999539943875 5.011327294999999
Cl 0.0 0.0 2.4406722449438747
Cl 2.5706550500561254 0.0 5.011327294999999
Cl 7.451999539943875 0.0 5.011327294999999
Cl 5.011327294999999 5.011327294999999 7.581982345056123
Cl 5.011327294999999 7.581982345056123 5.011327294999999
Cl 5.011327294999999 2.4406722449438747 5.011327294999999
Cl 5.011327294999999 5.011327294999999 2.4406722449438747
Cl 7.581982345056123 5.011327294999999 5.011327294999999
Cl 2.4406722449438747 5.011327294999999 5.011327294999999
Cl 5.011327294999999 0.0 2.5706550500561254
Cl 5.011327294999999 2.5706550500561254 0.0
Cl 5.011327294999999 7.451999539943875 0.0
Cl 5.011327294999999 0.0 7.451999539943875
Cl 7.581982345056123 0.0 0.0
Cl 2.4406722449438747 0.0 0.0
