mp-27369.cif
Rb 3.295195594821341 5.240933880000001 2.2448101258004023
Rb 0.3635039169681428 1.74697796 5.4046451027527995
Ge 3.5173586050444277 5.240933880000001 6.73153406416802
Ge 0.1413409067450567 1.74697796 0.9179211643851821
Cl 0.013934836396561678 5.240933880000001 6.659607996028637
Cl 3.644764675392923 1.74697796 0.9898472325245653
Cl 0.3856654470087556 3.458694916855361 2.464651338363198
Cl 3.2730340647807292 6.9526508368553595 5.184803890190005
Cl 0.3856654470087556 0.035261003144640014 2.464651338363198
Cl 3.2730340647807292 3.5292169231446398 5.184803890190005
