mp-28383.cif
K 3.4764238649999997 7.68563231233629 1.5384283217363024
K 1.158807955 0.09017793766371 6.736243568263698
K 3.4764238649999997 3.79772718733629 2.5989076232636976
K 1.158807955 3.9780830626637096 5.675764266736302
Na 3.4764238649999997 6.6382202520755555 4.766818948783758
Na 1.158807955 1.137589997924445 3.507852941216242
Na 3.4764238649999997 2.750315127075555 7.645188886216243
Na 1.158807955 5.025495122924445 0.6294830037837583
S 3.4764238649999997 5.582281627085182 7.418783685459418
S 1.158807955 2.1935286229148176 0.8558882045405831
S 3.4764238649999997 1.6943765020851826 4.993224149540583
S 1.158807955 6.081433747914818 3.2814477404594173
