mp-27319.cif
Sc -2.4956949855781653e-08 2.8817804495948436 4.1506846701116755
Sc 2.495695089956951 1.4408902031840685 3.2523305498883275
Sc 2.495695089956951 1.4408902031840685 0.44917706011167374
Sc -2.4956949855781653e-08 2.8817804495948436 6.9538381598883285
Co 3.7154329101452377 0.7366742443575938 5.552261415000002
Co 1.21973789505914 3.5859964084213183 1.850753805
Co -1.2197378451452365 3.5859964084213183 1.850753805
Co 2.49569504004305 2.849322207290431 5.552261415000002
Co 2.4956950950716196e-08 1.473348445488481 1.850753805
Co 1.2759571699408614 0.7366742443575938 5.552261415000002
Si 0.0 0.0 3.70150761
Si 0.0 0.0 0.0
