mp-21336.cif
Ta 0.8917779325 3.1682719591309336 4.654610342406435
Ta 0.8917779325 0.12582384913093322 5.661095007593564
Ta 2.6753337975 5.959072370869067 1.216041892406434
Ta 2.6753337975 2.916624260869067 2.222526557593566
Fe 2.6753337975 2.185535541338885 6.439654438157924
Fe 0.8917779325 0.8569125686611152 3.0010859881579233
Fe 2.6753337975 5.227983651338885 3.8760509118420763
Fe 0.8917779325 3.8993606786611155 0.4374824618420759
P 0.8917779325 4.735203563972934 2.625204723612538
P 0.8917779325 1.692755453972934 0.813363726387461
P 2.6753337975 1.349692656027066 4.251932176387461
P 2.6753337975 4.392140766027066 6.063773173612537
