mp-29156.cif
Na 0.0 5.090371501072 2.60608475
Na 2.019595 0.04018249892799999 7.81825425
Na 2.019595 10.220925501072 2.60608475
Na 0.0 5.170736498927999 7.81825425
Ta 2.019595 3.6960254488299995 0.488057127641
Ta 0.0 2.08754546429 2.60608475
Ta 0.0 1.4345285511699997 5.700226627641
Ta 0.0 1.4345285511699997 9.936281872358999
Ta 2.019595 3.04300853571 7.81825425
Ta 2.019595 3.6960254488299995 4.7241123723589995
Ta 0.0 8.826579448829998 0.488057127641
Ta 2.019595 7.21809946429 2.60608475
Ta 2.019595 6.565082551170001 5.700226627641
Ta 2.019595 6.565082551170001 9.936281872358999
Ta 0.0 8.173562535710001 7.81825425
Ta 0.0 8.826579448829998 4.7241123723589995
N 2.019595 1.836928162498 6.034514330693001
N 0.0 0.4648846284939999 3.945779100924
N 0.0 0.4648846284939999 1.266390399076
N 2.019595 4.6656693715060005 9.157948600924
N 2.019595 1.836928162498 9.601994169307
N 2.019595 2.529706869118 2.60608475
N 0.0 3.2936258375019998 0.822344830693
N 0.0 2.600847130882 7.81825425
N 2.019595 4.6656693715060005 6.478559899076
N 0.0 3.2936258375019998 4.389824669307
N 0.0 6.967482162497999 6.034514330693001
N 2.019595 5.595438628493999 3.945779100924
N 2.019595 5.595438628493999 1.266390399076
N 0.0 9.796223371506 9.157948600924
N 0.0 6.967482162497999 9.601994169307
N 0.0 7.660260869118 2.60608475
N 2.019595 8.424179837502 0.822344830693
N 2.019595 7.731401130881999 7.81825425
N 0.0 9.796223371506 6.478559899076
N 2.019595 8.424179837502 4.389824669307
