mp-27629.cif
Cs 3.8106141381061436 2.200059054412193 6.2505286337569315
Cs -3.8106140094205226e-08 4.400118174826159 3.120460326243067
Cs 0.0 0.0 0.0
Sb 3.8106141381061436 2.200059054412193 1.7428093111193008
Sb -3.8106140094205226e-08 4.400118174826159 7.628179648880699
Cl 5.6183294175919505 1.1563741511828616 3.13512526799624
Cl 3.810614100000001 4.287428926872629 3.13512526799624
Cl 2.0028987824080513 1.1563741511828616 3.13512526799624
Cl 1.8077153175919531 5.44380307805549 6.235863692003758
Cl 7.32462072904383e-16 2.312748302365723 6.235863692003758
Cl 3.8106141 0.0 0.0
Cl -1.9053070499999991 3.3000886146191757 0.0
Cl 1.905307050000001 3.3000886146191757 0.0
Cl -1.8077153175919485 5.44380307805549 6.235863692003758
