mp-23269.cif
W 0.6621597858726788 7.27758183397879 4.685630450615981
W 0.9440456157178863 1.309641339101976 7.643270674372913
W 5.971490853409437 4.537731744903643 1.7279901381298424
W -0.6621599374265982 10.222358144166787 7.144930621870158
W 6.6336507150590736 3.065343589809644 4.187290309384019
W -5.971490777632472 12.962208101992383 1.2296500856270884
W 8.239856116649642 11.652566762890409 7.643270674372913
W 8.521741946494851 5.684626268013595 1.7279901381298424
W -1.6062055531444843 8.912716805064813 4.685630450615981
W -0.6621598616496384 1.4723881550939992 1.2296500856270884
W -0.9440456914948476 7.440328649970814 7.144930621870158
W 9.183901808144489 4.212238112919597 4.187290309384019
W 8.239856192426602 2.9025967738176206 1.7279901381298424
W 0.9440455399409243 10.059611328174766 4.685630450615981
W 13.549187032632476 0.1627468159920231 7.643270674372913
W 6.915536469127328 5.847373084005618 4.187290309384019
W 6.633650639282117 11.81531357888243 1.2296500856270884
W 1.6062054015905627 8.587223173080766 7.144930621870158
Cl 1.4902912764018919 5.461461740796263 3.3402725094428667
Cl 2.1027860074727096 2.934884294165412 6.297912733199797
Cl 3.9846189711254025 4.728608883022734 0.3826321969567284
Cl -1.4902914279558144 12.038478237349313 8.490288563043272
Cl 5.474910323304255 1.4401006347462084 5.532648250557132
Cl -3.984618895348435 12.771330963873293 2.575008026800202
Cl 1.1156064775781873 1.5521385311648528 2.844591316375054
Cl 0.7863882351692979 7.007757173281178 8.759871852618122
Cl 5.675701542252519 4.565059213538377 5.802231628861192
Cl 6.462089853198776 2.8228463977467673 0.11304890738187641
Cl -0.7863881593923312 10.49218267361485 3.0706891311388067
Cl -5.675701693806439 12.9348807646072 6.028329443624945
Cl 2.636839836875082 6.82620124689529 5.928618843104748
Cl 4.5932437727187905 3.053298949930959 2.9709785306186083
Cl 0.3476126454061283 3.2454547211581604 0.013338306861677598
Cl -2.6368399884290046 10.673738731250289 5.901942229381391
Cl 2.984452558058171 1.3216859789806612 8.859582453138321
Cl 7.230083685370835 1.1295302077534592 2.944301916895253
Cl 9.067987607178852 9.836446669707884 6.297912733199797
Cl 9.68048233824967 7.3098692230770315 0.3826321969567284
Cl -3.5930774354285226 9.103593943183903 3.3402725094428667
Cl -1.4902913521788523 3.2885082482765267 2.575008026800202
Cl -2.10278608324967 5.815085694907378 8.490288563043272
Cl 11.170773690428526 4.021360974800504 5.532648250557132
Cl 8.693302581024257 5.927123591326022 5.802231628861192
Cl 8.36408456594626 11.382742102192797 2.844591316375054
Cl -1.9019946369705185 8.940044142449999 8.759871852618122
Cl -1.1156063260242606 7.1978313266583855 3.0706891311388067
Cl -0.7863883109462578 1.742212815791611 6.028329443624945
Cl 9.479690891970524 4.1849107755344095 0.11304890738187641
Cl -4.940856342347953 11.20118617580691 0.013338306861677598
Cl -2.9844526338351325 7.428284010092128 5.928618843104748
Cl 7.925308976183088 7.62043965006978 2.9709785306186083
Cl 12.518552597347954 1.9237687421774994 8.859582453138321
Cl 10.562148888835136 5.696670907892281 2.944301916895253
Cl -0.3476127211830889 5.504515267914629 5.901942229381391
Cl 9.067987682955813 1.0864766806350934 0.3826321969567284
Cl 2.1027859316957507 11.6848542832382 3.3402725094428667
Cl 11.56231515034844 0.3536239541111146 6.297912733199797
Cl 6.08740497859811 7.663493177188147 5.532648250557132
Cl 5.474910247527292 10.190070623818995 2.575008026800202
Cl 3.5930772838746026 8.396346034961674 8.490288563043272
Cl 1.1156064018012268 10.302108520237642 8.759871852618122
Cl 8.364084414392332 2.632772244369558 5.802231628861192
Cl 13.253397948806443 0.19007415337720923 2.844591316375054
Cl 6.4620897774218164 11.572816386819557 6.028329443624945
Cl 6.791308019830707 6.11719774470323 0.11304890738187641
Cl 1.9019947127474852 8.55989570444603 3.0706891311388067
Cl 10.21453624342901 2.4512161867341207 2.9709785306186083
Cl 4.593243696941829 11.803268939003749 0.013338306861677598
Cl 0.3476125696291699 11.99542471023095 5.928618843104748
Cl 4.94085641812492 6.29875367108912 2.944301916895253
Cl 2.9844524822812133 10.07165596805345 5.901942229381391
Cl 7.230083609593876 9.879500196826246 8.859582453138321
