mp-29973.cif
Sr 1.4930523291738391 1.9114977949999996 6.104363626667244
Sr 4.751195227201208 0.0 0.5899014501614793
Sr 4.364747212955622 1.9114977949999996 4.091748897554871
Sr 1.879500343419423 0.0 2.6025161792738496
Sr 8.22373927917384 0.0 6.104363626667244
Sr 11.481882177201207 1.9114977949999996 0.5899014501614793
Sr 11.095434162955623 0.0 4.091748897554871
Sr 8.610187293419424 1.9114977949999996 2.6025161792738496
N 5.978305462077481 1.9114977949999996 6.131146310157221
N 0.2659420942975663 0.0 0.5631187666715
N 3.284470121551271 1.9114977949999996 1.680469395354406
N 2.959777434823775 0.0 5.013795681474315
N 12.708992412077482 0.0 6.131146310157221
N 6.996629044297564 1.9114977949999996 0.5631187666715
N 10.015157071551272 0.0 1.680469395354406
N 9.690464384823775 1.9114977949999996 5.013795681474315
