mp-27833.cif
Tl 2.5333650775 7.6000952325 7.6000952325
Tl 7.6000952325 2.5333650775 2.5333650775
Tl 2.5333650775 2.5333650775 2.5333650775
Tl 7.6000952325 7.6000952325 7.6000952325
Tl 7.6000952325 7.6000952325 2.5333650775
Tl 2.5333650775 2.5333650775 7.6000952325
Tl 7.6000952325 2.5333650775 7.6000952325
Tl 2.5333650775 7.6000952325 2.5333650775
Te 0.0 0.0 0.0
Te 0.0 5.066730155 5.066730155
Te 5.066730155 0.0 5.066730155
Te 5.066730155 5.066730155 0.0
Cl 0.0 2.5242483072629023 5.066730155
Cl 0.0 0.0 2.542481847737098
Cl 0.0 0.0 7.590978462262902
Cl 0.0 7.609212002737098 5.066730155
Cl 2.5242483072629023 0.0 5.066730155
Cl 7.609212002737098 0.0 5.066730155
Cl 0.0 7.590978462262902 0.0
Cl 0.0 5.066730155 7.609212002737098
Cl 0.0 5.066730155 2.5242483072629023
Cl 0.0 2.542481847737098 0.0
Cl 2.5242483072629023 5.066730155 0.0
Cl 7.609212002737098 5.066730155 0.0
Cl 5.066730155 2.5242483072629023 0.0
Cl 5.066730155 0.0 7.609212002737098
Cl 5.066730155 0.0 2.5242483072629023
Cl 5.066730155 7.609212002737098 0.0
Cl 7.590978462262902 0.0 0.0
Cl 2.542481847737098 0.0 0.0
Cl 5.066730155 7.590978462262902 5.066730155
Cl 5.066730155 5.066730155 2.542481847737098
Cl 5.066730155 5.066730155 7.590978462262902
Cl 5.066730155 2.542481847737098 5.066730155
Cl 7.590978462262902 5.066730155 5.066730155
Cl 2.542481847737098 5.066730155 5.066730155
