mp-22154.cif
In 1.6439956924999997 4.9319870775000005 1.6439956924999997
In 4.9319870775000005 1.6439956924999997 4.9319870775000005
In 1.6439956924999997 1.6439956924999997 4.9319870775000005
In 4.9319870775000005 4.9319870775000005 1.6439956924999997
In 4.9319870775000005 4.9319870775000005 4.9319870775000005
In 1.6439956924999997 1.6439956924999997 1.6439956924999997
In 4.9319870775000005 1.6439956924999997 1.6439956924999997
In 1.6439956924999997 4.9319870775000005 4.9319870775000005
Au 0.0 0.0 0.0
Au 0.0 3.2879913849999993 3.2879913849999993
Au 3.2879913849999993 0.0 3.2879913849999993
Au 3.2879913849999993 3.2879913849999993 0.0
