mp-2884.cif
Cs 1.4334167294134559 1.3855565856517003 0.0
Cs 4.475071614413455 4.420820914348301 0.0
Cs 1.6082381555865437 7.191934085651702 0.0
Cs 4.6498930405865435 10.2271984143483 0.0
Cs 4.475071614413455 7.191934085651702 7.085766795
Cs 1.4334167294134559 10.2271984143483 7.085766795
Cs 4.6498930405865435 1.3855565856517003 7.085766795
Cs 1.6082381555865437 4.420820914348301 7.085766795
Mn 0.0 5.8063775 10.6286501925
Mn 0.0 5.8063775 3.5428833975
Mn 3.041654884999999 8.41467090438205 10.6286501925
Mn 3.041654884999999 3.1980840956179497 10.6286501925
Mn 3.041654884999999 8.41467090438205 3.5428833975
Mn 3.041654884999999 3.1980840956179497 3.5428833975
Mn 3.041654884999999 0.0 3.5428833975
Mn 3.041654884999999 0.0 10.6286501925
Mn 0.0 2.60829340438205 3.5428833975
Mn 0.0 9.004461595617952 3.5428833975
Mn 0.0 2.60829340438205 10.6286501925
Mn 0.0 9.004461595617952 10.6286501925
S 4.761666983470254 7.3735403869743 11.977761625558998
S 4.761666983470254 4.2392146130257 9.279538759441001
S 1.3216427865297462 7.3735403869743 9.279538759441001
S 1.3216427865297462 4.2392146130257 11.977761625558998
S 4.761666983470254 4.2392146130257 4.891994972274333
S 4.761666983470254 7.3735403869743 2.1937719644410025
S 1.3216427865297462 7.3735403869743 4.891994972274333
S 1.3216427865297462 4.2392146130257 2.1937719644410025
S 1.7200120984702534 1.5671628869743004 4.891994972274333
S 1.7200120984702534 10.0455921130257 2.1937718227256675
S 4.363297671529745 1.5671628869743004 2.1937718227256675
S 4.363297671529745 10.0455921130257 4.891994972274333
S 1.7200120984702534 10.0455921130257 11.977761767274336
S 1.7200120984702534 1.5671628869743004 9.279538759441001
S 4.363297671529745 1.5671628869743004 11.977761767274336
S 4.363297671529745 10.0455921130257 9.279538759441001
