mp-23714.cif
Sr 0.963296255 4.828720607674574 2.8373609984559796
Sr 2.889888765000001 1.5198781623254243 4.465376851544021
Sr 0.963296255 1.6544212226745756 0.8140079265440204
Sr 2.889888765000001 4.694177547325423 6.4887299234559785
H 0.963296255 3.3419425791582142 4.955580359435742
H 2.889888765000001 3.006656190841786 2.347157490564258
H 0.963296255 0.16764319415821408 5.998526415564258
H 2.889888765000001 6.180955575841786 1.3042114344357418
H 2.889888765000001 2.2535385520854634 6.774351393040525
H 0.963296255 4.095060217914536 0.5283864569594745
H 2.889888765000001 5.427837937085463 4.179755381959475
H 0.963296255 0.9207608329145367 3.1229824680405254
