mp-20952.cif
Ti 4.433932072499999 4.433932072499999 4.433932072499999
Ti 4.433932072499999 1.4779773575 1.4779773575
Ti 1.4779773575 4.433932072499999 1.4779773575
Ti 1.4779773575 1.4779773575 4.433932072499999
Ni 0.0 0.0 0.0
Ni 0.0 2.955954715 2.955954715
Ni 2.955954715 0.0 2.955954715
Ni 2.955954715 2.955954715 0.0
Sb 4.433932072499999 4.433932072499999 1.4779773575
Sb 4.433932072499999 1.4779773575 4.433932072499999
Sb 1.4779773575 4.433932072499999 4.433932072499999
Sb 1.4779773575 1.4779773575 1.4779773575
