mp-28995.cif
Cu 9.708520355282845 6.234150197130884 1.7897692262670324
Cu 5.933254892869117 3.6248178102828437 0.3667991637670325
Cu 6.234150197130884 8.542587279717157 0.3667991637670325
Cu 2.4588847347171567 5.933254892869117 1.7897692262670324
Cu 8.542587279717157 5.933254892869117 5.325081086232967
Cu 6.234150197130884 2.4588847347171567 3.9021110237329673
Cu 5.933254892869117 9.708520355282845 3.9021110237329673
Cu 3.6248178102828437 6.234150197130884 5.325081086232967
Cu 3.6248178102828437 0.1504476521308829 4.635709351267032
Cu 12.016957437869118 9.708520355282845 3.212739288767032
Cu 0.1504476521308829 2.4588847347171567 3.212739288767032
Cu 8.542587279717157 12.016957437869118 4.635709351267032
Cu 2.4588847347171567 12.016957437869118 2.4791409612329676
Cu 0.1504476521308829 8.542587279717157 1.0561708987329674
Cu 12.016957437869118 3.6248178102828437 1.0561708987329674
Cu 9.708520355282845 0.1504476521308829 2.4791409612329676
Si 6.083702545 6.083702545 2.845940125
Si 0.0 6.083702545 4.2689101874999995
Si 0.0 0.0 0.0
Si 6.083702545 0.0 1.4229700625
P 1.3914115178802586 5.002763539275948 5.669497613942505
P 5.002763539275948 4.692291027119742 4.246527551442505
P 5.002763539275948 10.775993572119742 0.022382636057495
P 7.47511406288026 5.002763539275948 1.445352698557495
P 4.692291027119742 7.164641550724053 1.445352698557495
P 7.164641550724053 1.3914115178802586 0.022382636057495
P 7.164641550724053 7.47511406288026 4.246527551442505
P 10.775993572119742 7.164641550724053 5.669497613942505
P 4.211725978944592 8.850359966357944 2.725689250847115
P 9.400747668642056 4.211725978944592 4.148659313347115
P 2.766657421357943 7.9556791110554075 4.148659313347115
P 7.9556791110554075 3.3170451236420573 2.725689250847115
P 7.9556791110554075 9.400747668642056 1.5432209366528848
P 8.850359966357944 7.9556791110554075 2.966190999152885
P 3.3170451236420573 4.211725978944592 2.966190999152885
P 4.211725978944592 2.766657421357943 1.5432209366528848
P 7.47511406288026 11.08646608427595 2.8235574889425052
P 11.08646608427595 10.775993572119742 1.400587426442505
P 11.08646608427595 4.692291027119742 2.8683227610574944
P 1.3914115178802586 11.08646608427595 4.2912928235574945
P 10.775993572119742 1.080939005724052 4.2912928235574945
P 1.080939005724052 7.47511406288026 2.8683227610574944
P 1.080939005724052 1.3914115178802586 1.400587426442505
P 4.692291027119742 1.080939005724052 2.8235574889425052
P 10.295428523944594 2.766657421357943 5.571629375847114
P 3.3170451236420573 10.295428523944594 1.302719188347115
P 8.850359966357944 1.8719765660554077 1.302719188347115
P 1.8719765660554077 9.400747668642056 5.571629375847114
P 1.8719765660554077 3.3170451236420573 4.389161061652885
P 2.766657421357943 1.8719765660554077 0.120250874152885
P 9.400747668642056 10.295428523944594 0.120250874152885
P 10.295428523944594 8.850359966357944 4.389161061652885
