mp-22510.cif
Fe 0.0 0.0 0.0
Fe -0.5975821189669279 0.0 2.3734261603673277
Fe 7.786267319596665 1.9831577949999994 1.7293737121752817
Fe 8.48909848746948 0.0 3.0174786085593737
Fe 5.823510015 1.9831577949999994 0.0
Fe 5.225927896033072 1.9831577949999994 2.3734261603673277
Fe 1.962757304596664 0.0 1.7293737121752817
Fe 2.6655884724694805 1.9831577949999994 3.0174786085593737
Ge 9.28017185188238 0.0 0.7170287044986154
Ge 6.995193955183763 1.9831577949999994 4.0298236162360395
Ge 6.274379739420325 0.0 1.3889735145217286
Ge 10.00098606764582 1.9831577949999994 3.3578788062129266
Ge 3.456661836882381 1.9831577949999994 0.7170287044986154
Ge 1.1716839401837629 0.0 4.0298236162360395
Ge 0.45086972442032425 1.9831577949999994 1.3889735145217286
Ge 4.17747605264582 0.0 3.3578788062129266
