mp-21598.cif
Si 4.21142800995 5.6034397335040005 13.094153334939
Si 4.21142800995 2.5989917335039996 7.738562165061
Si 1.64332750995 3.409904266496 13.094153334939
Si 3.49287349005 5.6034397335040005 6.1499148349390005
Si 0.9247729900499999 0.405456266496 0.794323665061
Si 0.9247729900499999 3.409904266496 6.1499148349390005
Si 3.49287349005 2.5989917335039996 0.794323665061
Si 1.64332750995 0.405456266496 7.738562165061
Ni 0.081948086955 4.178141620096 11.585392524521001
Ni 2.486152413045 1.1736936200959998 2.303084475479
Ni 2.650048586955 1.830754379904 9.247322975479
Ni 5.0861230402499995 4.848109488512001 7.725465331250001
Ni 0.081948086955 1.1736936200959998 9.247322975479
Ni 2.650048586955 4.835202379904 11.585392524521001
Ni 2.486152413045 4.178141620096 4.641154024520999
Ni 5.054252913045 1.830754379904 2.303084475479
Ni 0.05007795975 1.1607865114879998 6.1630116687499985
Ni 5.0861230402499995 1.843661488512 13.107250168749996
Ni 2.51802254025 4.165234511487999 7.725465331250001
Ni 2.61817845975 4.848109488512001 0.78122683125
Ni 2.51802254025 1.1607865114879998 13.107250168749996
Ni 0.05007795975 4.165234511487999 0.78122683125
Ni 2.61817845975 1.843661488512 6.1630116687499985
Ni 5.054252913045 4.835202379904 4.641154024520999
As 3.512175333408 5.58884412512 9.488496378584001
As 0.9440748334079999 0.4200518748799999 11.344219121416
As 4.192126166592 2.58439612512 4.399980621416
As 1.6240256665919999 3.42449987488 2.5442578785839993
As 1.6240256665919999 0.4200518748799999 4.399980621416
As 4.192126166592 5.58884412512 2.5442578785839993
As 0.9440748334079999 3.42449987488 9.488496378584001
As 3.512175333408 2.58439612512 11.344219121416
