mp-29585.cif
K 0.0 0.0 5.78783740043376
K 2.898983853989839 1.67372907500283 3.4727785069600796
K -2.8989837448830772e-08 3.3474582002175333 1.6219251226260005
K -2.8989837448830772e-08 3.3474582002175333 7.63869106258632
K 2.898983853989839 1.67372907500283 15.0484533078276
K -2.8989837448830772e-08 3.3474582002175333 12.7333946921724
K 0.0 0.0 10.88254103001984
K 0.0 0.0 16.89930696998016
K -2.8989837448830772e-08 3.3474582002175333 24.309069493039917
K 0.0 0.0 21.994010599566238
K 2.898983853989839 1.67372907500283 20.14315693741368
K 2.898983853989839 1.67372907500283 26.159922877374008
Cd 0.0 0.0 0.0
Cd 2.898983853989839 1.67372907500283 9.26061590739384
Cd -2.8989837448830772e-08 3.3474582002175333 18.521232092606162
As 2.898983853989839 1.67372907500283 6.77527289951832
As 0.0 0.0 2.48534300787552
As -2.8989837448830772e-08 3.3474582002175333 16.035889084730638
As 2.898983853989839 1.67372907500283 11.745958915269359
As 0.0 0.0 25.296504992124486
As -2.8989837448830772e-08 3.3474582002175333 21.006575100481687
