mp-20817.cif
Ge 5.314369288925682 5.341356006078944 2.2900885455448177
Ge 5.314369288925682 2.3150085110789433 3.820431344455182
Ge 2.2998948789256812 3.7376864789210567 2.2900885455448177
Ge 2.2998948789256812 0.7113389839210567 3.820431344455182
Pt 0.015263188280153 3.08299484899226 1.5899471319149825
Pt 3.029737598280153 2.96970014100774 4.5205727580850175
Pt 3.029737598280153 5.99604763600774 1.5899471319149825
Pt 0.015263188280153 0.0566473539922597 4.5205727580850175
Se 0.6878553110873457 3.732577943822547 5.274977604809616
Se 0.6878553110873457 0.7062304488225467 0.8355422851903836
Se 3.702329721087346 5.346464541177453 5.274977604809616
Se 3.702329721087346 2.320117046177453 0.8355422851903836
