mp-22337.cif
Hf -3.976685265564059e-08 4.591880760663297 0.0
Hf 3.976685409766855 2.295940345892542 2.8308275399999996
Hf 3.976685409766855 2.295940345892542 0.0
Hf -3.976685265564059e-08 4.591880760663297 2.8308275399999996
Hf 1.9249932121851188 0.0 1.4154137699999998
Hf 0.9624966060925598 1.6670930238649206 4.24624131
Hf 4.93918197609256 5.2207280826909175 4.24624131
Hf -0.9624966060925587 1.6670930238649206 1.4154137699999998
Hf 3.014188763907442 5.2207280826909175 1.4154137699999998
Hf 6.0283775278148815 0.0 4.24624131
Ga 4.828869956701224 0.0 1.4154137699999998
Ga 2.414434978350613 4.181924054074723 4.24624131
Ga -1.5622503916493868 2.705897052481117 4.24624131
Ga -2.414434978350611 4.181924054074723 1.4154137699999998
Ga 1.5622503916493886 2.705897052481117 1.4154137699999998
Ga 3.124500783298776 0.0 4.24624131
