mp-23414.cif
Sc 1.74607541 6.9492064765571255 0.9393730631384922
Sc 1.74607541 4.609188013442874 11.124314646861507
Sc 1.74607541 1.1700092315571258 5.092470791861508
Sc 1.74607541 10.388385258442874 6.971216918138492
Sc 0.0 7.166670733849782 10.332292894072426
Sc 0.0 4.391723756150219 1.7313948159275747
Sc 0.0 1.3874734888497817 7.763238670927574
Sc 0.0 10.170921001150218 4.300449039072425
N 0.0 5.779197245 0.0
N 0.0 0.0 6.031843855
Cl 0.0 8.848403030903503 8.169065227145797
Cl 0.0 2.709991459096496 3.8946224828542038
Cl 0.0 3.0692057859035042 9.926466337854203
Cl 0.0 8.489188704096495 2.137221372145796
Cl 1.74607541 8.782302190990421 11.219386156966475
Cl 1.74607541 2.7760922990095773 0.8443015530335242
Cl 1.74607541 11.388742225018897 2.911929561607241
Cl 1.74607541 0.16965226498110159 9.151758148392759
Cl 1.74607541 5.609544980018899 3.1199142933927586
Cl 1.74607541 5.948849509981102 8.943773416607241
Cl 1.74607541 8.555289544009577 5.1875423019664755
Cl 1.74607541 3.003104945990422 6.8761454080335245
