mp-23465.cif
Cs 2.639621175 2.639621175 7.918863524999998
Cs 7.918863524999998 7.918863524999998 2.639621175
Cs 2.639621175 7.918863524999998 2.639621175
Cs 7.918863524999998 2.639621175 7.918863524999998
Cs 7.918863524999998 2.639621175 2.639621175
Cs 2.639621175 7.918863524999998 7.918863524999998
Cs 7.918863524999998 7.918863524999998 7.918863524999998
Cs 2.639621175 2.639621175 2.639621175
Te 0.0 0.0 0.0
Te 0.0 5.27924235 5.27924235
Te 5.27924235 0.0 5.27924235
Te 5.27924235 5.27924235 0.0
Cl 0.0 5.27924235 2.722726057810077
Cl 0.0 8.001968407810075 0.0
Cl 0.0 2.5565162921899227 0.0
Cl 0.0 5.27924235 7.835758642189923
Cl 2.722726057810077 5.27924235 0.0
Cl 7.835758642189923 5.27924235 0.0
Cl 0.0 0.0 8.001968407810075
Cl 0.0 2.722726057810077 5.27924235
Cl 0.0 7.835758642189923 5.27924235
Cl 0.0 0.0 2.5565162921899227
Cl 2.722726057810077 0.0 5.27924235
Cl 7.835758642189923 0.0 5.27924235
Cl 5.27924235 5.27924235 8.001968407810075
Cl 5.27924235 8.001968407810075 5.27924235
Cl 5.27924235 2.5565162921899227 5.27924235
Cl 5.27924235 5.27924235 2.5565162921899227
Cl 8.001968407810075 5.27924235 5.27924235
Cl 2.5565162921899227 5.27924235 5.27924235
Cl 5.27924235 0.0 2.722726057810077
Cl 5.27924235 2.722726057810077 0.0
Cl 5.27924235 7.835758642189923 0.0
Cl 5.27924235 0.0 7.835758642189923
Cl 8.001968407810075 0.0 0.0
Cl 2.5565162921899227 0.0 0.0
