mp-27821.cif
Ag 10.20988429285889 3.790720255 0.1905916326429415
Ag -1.4126955602929492 3.790720255 4.639387124645259
Ag 6.502628508699451 3.790720255 0.03356667970632282
Ag 3.6967855228588924 0.0 0.1905916326429415
Ag 5.10040320970705 0.0 4.639387124645259
Ag -0.010470261300549217 0.0 0.03356667970632282
P 3.899563432186344 3.790720255 0.2540021809048479
P 12.744213390246417 3.790720255 0.3021798119799421
P 5.263961827856566 3.790720255 4.21892756706008
P -1.431061781502629 1.847706831545585 3.07595470231349
P -1.431061781502629 5.733733678454415 3.07595470231349
P 1.8097379509507807 2.661334972588374 2.9031852216900274
P 1.8097379509507807 4.920105537411626 2.9031852216900274
P 9.9816181094078 5.899484362077987 1.5734178977794941
P 9.9816181094078 1.6819561479220129 1.5734178977794941
P 0.18799196537431265 2.0607331795717685 1.5395993251046496
P 0.18799196537431265 5.520707330428231 1.5395993251046496
P 10.412662202186345 0.0 0.2540021809048479
P 6.231114620246416 0.0 0.3021798119799421
P -1.2491369421434346 0.0 4.21892756706008
P 5.0820369884973715 5.638427086545586 3.07595470231349
P 5.0820369884973715 1.9430134234544152 3.07595470231349
P 8.32283672095078 6.4520552275883745 2.9031852216900274
P 8.32283672095078 1.1293852824116262 2.9031852216900274
P 3.4685193394077993 2.1087641070779872 1.5734178977794941
P 3.4685193394077993 5.472676402922013 1.5734178977794941
P 6.701090735374312 5.851453434571769 1.5395993251046496
P 6.701090735374312 1.7299870754282312 1.5395993251046496
