mp-22307.cif
Sc 1.006952005 1.5111896368248972 6.501871509008104
Sc 1.006952005 4.667271126824897 7.798069655991896
Sc 3.020856015 4.800973343175103 3.031422600991897
Sc 3.020856015 1.6448918531751031 1.735224454008103
Si 1.006952005 1.467446599860016 9.262790321614629
Si 3.020856015 4.844716380139984 0.27050378838537037
Si 1.006952005 4.623528089860016 5.037150843385369
Si 3.020856015 1.6886348901399841 4.49614326661463
Si 1.006952005 6.031818550068958 1.5078215462905125
Si 3.020856015 3.4364259199310427 6.274468601290513
Si 1.006952005 2.8757370600689574 3.2588255087094877
Si 3.020856015 0.2803444299310426 8.025472563709487
Rh 3.020856015 5.782457182760356 5.712973784811499
Rh 1.006952005 0.5297057972396446 3.8203203251885007
Rh 3.020856015 2.626375692760355 8.5869673801885
Rh 1.006952005 3.6857872872396444 0.9463267298114996
