mp-22204.cif
Co 2.585390062500001 3.0800718910063822 4.301332089654691
Co 0.8617966875 2.6544498389936177 2.134691480345309
Co 2.585390062500001 0.2128110260063823 5.352703265345308
Co 0.8617966875 5.521710703993618 1.083320304654691
Co 0.8617966875 4.928130703792622 3.6364962611334892
Co 2.585390062500001 0.8063910262073786 2.799527308866511
Co 0.8617966875 2.0608698387926214 6.017539093866511
Co 2.585390062500001 3.6736518912073786 0.41848447613348966
P 0.8617966875 1.3785971449806669 4.003696635014384
P 2.585390062500001 4.355924585019332 2.4323269349856163
P 0.8617966875 4.245858009980666 5.650338719985616
P 2.585390062500001 1.4886637200193331 0.785684850014384
