mp-29211.cif
V 3.32838299328383 1.9216427787057355 6.23338558074721
V -1.9440019786812783 4.965655661541129 6.216253398537568
V 1.9440019786812817 4.965655661541129 6.216253398537568
V 3.9939484319575055e-16 1.5985454644507227 6.216253398537568
V -3.328382868111654e-08 3.843285615060755 12.472367715526849
V 4.71276397460255 1.1223700464803743 12.45523534614775
V 1.9440020119651098 1.1223700464803743 12.45523534614775
V 3.3283829932838307 3.520188243156458 12.45523534614775
V 0.0 0.0 18.711349663137028
V 1.3843809480348908 3.044012882835394 18.69421748092739
V -1.384381014602549 3.044012882835394 18.69421748092739
V -3.3283828503766294e-08 5.441831079511478 18.69421748092739
Cu 1.848287669900561 2.7761762120873725 2.69847825998319
Cu 3.3283829600000003 0.21257596959174557 2.69847825998319
Cu 4.808478250099441 2.7761762120873725 2.69847825998319
Cu -1.4800952568156096 4.697818990793108 8.93746020759337
Cu 3.32838300684802e-08 2.134218748297481 8.93746020759337
Cu 1.480095323383271 4.697818990793108 8.93746020759337
Cu 5.176670596616732 0.854533433381637 15.17644234237301
Cu 3.3283829267161726 4.055861584652501 15.17644234237301
Cu 1.4800952568156107 0.854533433381637 15.17644234237301
S -1.6541697521912688 2.888250282564217 4.903665230753539
S -3.328382851530604e-08 5.753356280053832 4.903665230753539
S 3.328383001962242e-08 1.8976952661580295 1.5130653767113598
S 1.684930667507591 4.816080731862834 1.5130653767113598
S 1.6541696856236108 2.888250282564217 4.903665230753539
S 3.32838299328383 1.9216427787057355 1.1255122922141798
S 0.0 0.0 4.58903954458143
S -1.6849306009399292 4.816080731862834 1.5130653767113598
S 1.6742132410925608 4.809893061269952 11.142647178363719
S 3.8785510076081665e-16 1.9100706649930763 11.142647178363719
S 3.328382926716171 3.8193381025130493 7.752047511491
S 1.6849306009399305 0.9727951744513629 7.752047511491
S -1.6742132410925583 4.809893061269952 11.142647178363719
S -3.328382868111654e-08 3.843285615060755 7.36449442699382
S 3.32838299328383 1.9216427787057355 10.828021492191608
S 4.9718352524924105 0.9727951744513629 7.752047511491
S 1.6742132743763898 0.9666074462091975 17.381629125973898
S 3.3283829932838307 3.831713443698812 17.381629125973898
S 1.1164612751065307e-15 5.740980881218785 13.99102945910118
S -1.643452325776239 2.8944379531570985 13.99102945910118
S 4.98255271219127 0.9666074462091975 17.381629125973898
S 0.0 0.0 13.603476374604
S -3.328382868111654e-08 3.843285615060755 17.06700362697125
S 1.6434523257762403 2.8944379531570985 13.99102945910118
