mp-29570.cif
Ca 6.2174885775 2.168960705 3.58915967
Ca 4.144992385 2.191302041362638 0.0
Ca 6.2174885775 6.506882115 3.58915967
Ca 4.144992385 6.48454077863736 0.0
Ca 6.2174885775 6.506882115 10.767479009999999
Ca 4.144992385 6.529223451362639 7.17831934
Ca 6.2174885775 2.168960705 10.767479009999999
Ca 4.144992385 2.146619368637362 7.17831934
Ca 2.0724961925 2.168960705 10.767479009999999
Ca 0.0 2.191302041362638 7.17831934
Ca 2.0724961925 6.506882115 10.767479009999999
Ca 0.0 6.48454077863736 7.17831934
Ca 2.0724961925 6.506882115 3.58915967
Ca 0.0 6.529223451362639 0.0
Ca 2.0724961925 2.168960705 3.58915967
Ca 0.0 2.146619368637362 0.0
Si 2.0226810937181363 0.0 1.1614616881599158
Si 6.167673478718137 0.0 6.016857651840084
Si 2.122311291281863 0.0 6.016857651840084
Si 6.2673036762818635 0.0 1.1614616881599158
Si 0.0 0.0 2.3257822137801796
Si 4.144992385 0.0 4.85253712621982
Si 2.0226810937181363 4.33792141 8.339781028159916
Si 6.167673478718137 4.33792141 13.195176991840084
Si 2.122311291281863 4.33792141 13.195176991840084
Si 6.2673036762818635 4.33792141 8.339781028159916
Si 0.0 4.33792141 9.50410155378018
Si 4.144992385 4.33792141 12.03085646621982
Si 6.167673478718137 0.0 8.339781028159916
Si 2.0226810937181363 0.0 13.195176991840084
Si 6.2673036762818635 0.0 13.195176991840084
Si 2.122311291281863 0.0 8.339781028159916
Si 4.144992385 0.0 9.50410155378018
Si 0.0 0.0 12.03085646621982
Si 6.167673478718137 4.33792141 1.1614616881599158
Si 2.0226810937181363 4.33792141 6.016857651840084
Si 6.2673036762818635 4.33792141 6.016857651840084
Si 2.122311291281863 4.33792141 1.1614616881599158
Si 4.144992385 4.33792141 2.3257822137801796
Si 0.0 4.33792141 4.85253712621982
Ag 4.144992385 0.0 2.3919720607504513
Ag 0.0 0.0 4.786347279249548
Ag 4.144992385 4.33792141 9.57029140075045
Ag 0.0 4.33792141 11.964666619249549
Ag 0.0 0.0 9.57029140075045
Ag 4.144992385 0.0 11.964666619249549
Ag 0.0 4.33792141 2.3919720607504513
Ag 4.144992385 4.33792141 4.786347279249548
