mp-28878.cif
Rb 4.850752526582378 0.9867740317843795 2.9615100206874594
Rb -3.2682317502528666 2.773955388215619 8.884530062062378
Rb -1.0894105834176222 4.747503451784379 2.9615100206874594
Rb 2.6719313597471337 6.534684808215618 8.884530062062378
Te 6.956284925100187 3.87067667624594 4.175158742339334
Te 8.685383238064569 0.10994725624594037 1.7478612990355853
Te 7.902575547189834 7.195753121478293 4.814584057005202
Te 1.7989295059749226 7.195753121478293 1.1084359843697162
Te 5.56027144913968 4.086435138521703 7.031456025744635
Te -0.21640872964541094 4.086435138521703 10.737604098380121
Te 8.977602137087386 2.237562325397255 5.173100432455998
Te 6.6640660260773705 5.998291745397254 0.7499196089189206
Te 4.485244859242126 1.5231670946027447 6.672939650293839
Te 6.798780970252141 5.283896514602744 11.096120473830917
Te 4.777463758264943 3.6507821637540587 10.098178783714252
Te 6.506562071229325 7.411511583754058 7.670881340410504
Te 1.0161218151001872 0.10994725624594037 4.175158742339334
Te 2.745220128064569 3.87067667624594 1.7478612990355853
Te 1.9624124371898335 3.435023701478295 4.814584057005202
Te 7.739092615974925 3.435023701478295 1.1084359843697162
Te -0.37989166086032244 0.3257057185217052 7.031456025744635
Te 5.723754380354589 0.3257057185217052 10.737604098380121
Te 3.0374390270873852 5.998291745397254 5.173100432455998
Te 0.7239029160773705 2.237562325397255 0.7499196089189206
Te -1.4549182507578737 5.283896514602744 6.672939650293839
Te 0.8586178602521409 1.5231670946027447 11.096120473830917
Te -1.1626993517350563 7.411511583754058 10.098178783714252
Te 0.5663989612293244 3.6507821637540587 7.670881340410504
