mp-22287.cif
Nb 2.921417535 3.419807484203473 6.108383369231856
Nb 0.973805845 6.339611810796526 2.395223834231855
Nb 2.921417535 0.1666677192034732 5.031095235768146
Nb 0.973805845 3.0864720457965267 1.317935700768146
Ge 0.973805845 1.5550047114377177 6.510560951154243
Ge 0.973805845 4.808144476437718 4.628917653845757
Ge 2.921417535 4.951274818562282 0.9157581188457563
Ge 2.921417535 1.698135053562282 2.7974014161542446
Ir 0.973805845 5.573448859293731 6.963307458678274
Ir 0.973805845 2.3203090942937323 4.176171146321727
Ir 2.921417535 4.185970435706266 3.2501479236782735
Ir 2.921417535 0.9328306707062668 0.4630116113217273
