mp-23390.cif
Rb 3.04029582 5.149324681122113 2.6194539688005247
Rb 1.01343194 3.894731728877887 12.433126511199474
Rb 3.04029582 0.6272964761221128 4.906836271199477
Rb 1.01343194 8.416759933877886 10.145744208800528
Cd 3.04029582 7.549453826236785 14.218579162760582
Cd 1.01343194 1.4946025837632158 0.8340013172394176
Cd 3.04029582 3.027425621236784 8.360291557239421
Cd 1.01343194 6.016630788763215 6.692288922760584
Cl 3.04029582 8.817303556366786 1.503038846059834
Cl 3.04029582 2.975397877926977 14.980550269783883
Cl 1.01343194 1.5466303270730228 7.454260029783886
Cl 3.04029582 7.497426082926976 7.598320450216115
Cl 1.01343194 7.071868409219299 4.400173938532915
Cl 3.04029582 1.9721880007807013 10.652406541467084
Cl 1.01343194 2.549840204219299 3.1261163014670856
Cl 1.01343194 0.22675285363321226 13.54954163394017
Cl 3.04029582 4.295275351366787 6.023251393940169
Cl 1.01343194 4.748781058633212 9.029329086059834
Cl 3.04029582 6.494216205780701 11.926464178532918
Cl 1.01343194 6.068658532073023 0.07203021021611519
