mp-22302.cif
Zr 0.8791533299999997 0.267863162225352 6.559255988430454
Zr 2.63745999 6.3411530377746494 1.3373995315695455
Zr 0.8791533299999997 3.5723712622253525 5.285727291569546
Zr 2.63745999 3.036644937774648 2.6109282284304545
V 2.63745999 2.4573852879751925 7.445748356252817
V 0.8791533299999997 4.151630912024808 0.4509071637471856
V 2.63745999 5.761893387975192 4.399234923747188
V 0.8791533299999997 0.8471228120248079 3.4974205962528155
P 0.8791533299999997 5.0292479891570645 2.869963640851008
P 2.63745999 1.579768210842936 5.026691879148992
P 0.8791533299999997 1.7247398891570644 1.0783641191489926
P 2.63745999 4.884276310842938 6.8182914008510105
