mp-29603.cif
Rb 0.2898266366548678 13.840630499619722 6.120639719089311
Rb 0.16665009566823272 6.583057349619723 3.2440601404323983
Rb 3.6847648306682323 0.6745158003802769 3.2440601404323983
Rb 3.8079413716548682 7.932088950380276 6.120639719089311
Rb 3.7109164488545012 12.578008435691846 8.463000161324954
Rb 3.7817897534686 5.320435285691848 0.9016996981967542
Rb 0.2636750184685998 1.937137864308153 0.9016996981967542
Rb 0.1928017138545007 9.194711014308153 8.463000161324954
Zr 1.3804582516650943 10.856705135957638 2.7776322535882048
Zr -0.9239815193419937 3.5991319859576367 6.5870676059335045
Zr 2.5941332156580064 3.658441164042363 6.5870676059335045
Zr 4.898572986665094 10.916014314042362 2.7776322535882048
Te -0.21041618538739418 13.229197089604856 2.5900310005953795
Te 0.6668929177104944 5.971623939604857 6.774668858926329
Te 4.185007652710496 1.2859492103951433 6.774668858926329
Te 3.307698549612606 8.543522360395142 2.5900310005953795
Te 3.2934864841825098 11.81943252005901 4.920562515850467
Te 4.199219718140592 4.56185937005901 4.444137343671241
Te 0.6811049831405918 2.69571377994099 4.444137343671241
Te -0.2246282508174909 9.953286929940989 4.920562515850467
Te 3.2921794670697104 12.302564519807696 0.8495290489263573
Te 4.200526735253391 5.044991369807693 8.515170810595352
Te 0.6824120002533897 2.212581780192306 8.515170810595352
Te -0.22593526793028942 9.470154930192306 0.8495290489263573
