mp-27800.cif
K 0.0 0.0 0.0
K 5.434755515 5.434755515 5.434755515
K 2.7173777575 5.434755515 0.0
K 8.1521332725 5.434755515 0.0
K 5.434755515 0.0 2.7173777575
K 5.434755515 0.0 8.1521332725
K 0.0 8.1521332725 5.434755515
K 0.0 2.7173777575 5.434755515
Ge 2.7173777575 0.0 5.434755515
Ge 8.1521332725 0.0 5.434755515
Ge 0.0 5.434755515 2.7173777575
Ge 0.0 5.434755515 8.1521332725
Ge 5.434755515 8.1521332725 0.0
Ge 5.434755515 2.7173777575 0.0
Ge 2.007501839897723 2.007501839897723 2.007501839897723
Ge 7.442257354897723 3.427253675102277 7.442257354897723
Ge 7.442257354897723 7.442257354897723 3.427253675102277
Ge 3.427253675102277 7.442257354897723 7.442257354897723
Ge 8.862009190102278 8.862009190102278 2.007501839897723
Ge 2.007501839897723 8.862009190102278 8.862009190102278
Ge 8.862009190102278 2.007501839897723 8.862009190102278
Ge 3.427253675102277 3.427253675102277 3.427253675102277
Ge 8.862009190102278 8.862009190102278 8.862009190102278
Ge 3.427253675102277 7.442257354897723 3.427253675102277
Ge 3.427253675102277 3.427253675102277 7.442257354897723
Ge 7.442257354897723 3.427253675102277 3.427253675102277
Ge 2.007501839897723 2.007501839897723 8.862009190102278
Ge 8.862009190102278 2.007501839897723 2.007501839897723
Ge 2.007501839897723 8.862009190102278 2.007501839897723
Ge 7.442257354897723 7.442257354897723 7.442257354897723
Ge 0.0 3.329825791240865 1.293980179600873
Ge 5.434755515 4.140775335399127 8.764581306240865
Ge 5.434755515 6.728735694600874 2.104929723759135
Ge 6.728735694600874 8.764581306240865 5.434755515
Ge 4.140775335399127 8.764581306240865 5.434755515
Ge 2.104929723759135 5.434755515 6.728735694600874
Ge 8.764581306240865 5.434755515 6.728735694600874
Ge 1.293980179600873 0.0 3.329825791240865
Ge 3.329825791240865 1.293980179600873 0.0
Ge 7.539685238759135 9.575530850399128 0.0
Ge 1.293980179600873 0.0 7.539685238759135
Ge 7.539685238759135 1.293980179600873 0.0
Ge 9.575530850399128 0.0 3.329825791240865
Ge 9.575530850399128 0.0 7.539685238759135
Ge 3.329825791240865 9.575530850399128 0.0
Ge 0.0 7.539685238759135 9.575530850399128
Ge 0.0 3.329825791240865 9.575530850399128
Ge 0.0 7.539685238759135 1.293980179600873
Ge 8.764581306240865 5.434755515 4.140775335399127
Ge 2.104929723759135 5.434755515 4.140775335399127
Ge 6.728735694600874 2.104929723759135 5.434755515
Ge 4.140775335399127 2.104929723759135 5.434755515
Ge 5.434755515 6.728735694600874 8.764581306240865
Ge 5.434755515 4.140775335399127 2.104929723759135
