mp-23539.cif
K 0.0 0.0 3.515887585
K 4.016417095 4.016417095 3.515887585
K 4.016417095 4.016417095 10.547662755000001
K 0.0 0.0 10.547662755000001
Sn 2.6042543231423454 1.412162771857656 0.0
Sn 1.412162771857656 5.428579866857657 0.0
Sn 5.428579866857657 6.6206714181423445 0.0
Sn 6.6206714181423445 2.6042543231423454 0.0
Sn 6.6206714181423445 5.428579866857657 7.03177517
Sn 5.428579866857657 1.412162771857656 7.03177517
Sn 1.412162771857656 2.6042543231423454 7.03177517
Sn 2.6042543231423454 6.6206714181423445 7.03177517
Cl 6.665605245049341 2.6491881500493406 5.135672324679371
Cl 2.6491881500493406 6.665605245049341 1.8961028453206294
Cl 5.383646039950662 1.3672289449506596 1.8961028453206294
Cl 6.665605245049341 5.383646039950662 1.8961028453206294
Cl 1.3672289449506596 2.6491881500493406 1.8961028453206294
Cl 5.383646039950662 6.665605245049341 5.135672324679371
Cl 0.0 0.0 0.0
Cl 4.016417095 4.016417095 0.0
Cl 1.3672289449506596 5.383646039950662 5.135672324679371
Cl 2.6491881500493406 1.3672289449506596 5.135672324679371
Cl 2.6491881500493406 6.665605245049341 12.16744749467937
Cl 6.665605245049341 2.6491881500493406 8.92787801532063
Cl 1.3672289449506596 5.383646039950662 8.92787801532063
Cl 2.6491881500493406 1.3672289449506596 8.92787801532063
Cl 5.383646039950662 6.665605245049341 8.92787801532063
Cl 1.3672289449506596 2.6491881500493406 12.16744749467937
Cl 4.016417095 4.016417095 7.03177517
Cl 0.0 0.0 7.03177517
Cl 5.383646039950662 1.3672289449506596 12.16744749467937
Cl 6.665605245049341 5.383646039950662 12.16744749467937
