mp-29662.cif
Tl -2.1411641601752185e-08 2.472403466860397 3.792490420849807
Tl 2.1411642000000004 3.7086051817475685 11.377471035
Tl 2.1411642214116426 1.2362017148871725 18.962451649150193
Bi 0.0 0.0 0.0
Bi 2.1411642214116426 1.2362017148871725 7.584980614150192
Bi -2.1411641601752185e-08 2.472403466860397 15.169961455849808
Se 2.1411642214116426 1.2362017148871725 1.6414725734553277
Se 0.0 0.0 5.943508268244286
Se -2.1411641601752185e-08 2.472403466860397 9.22645318760552
Se 2.1411642214116426 1.2362017148871725 13.528488882394479
Se 0.0 0.0 16.811433801755715
Se -2.1411641601752185e-08 2.472403466860397 21.11346949654467
