mp-29422.cif
Hf 0.5466185651736644 2.574868278039036 3.0654135466959613
Hf 3.6606423001736643 4.981142461960963 3.0654135466959613
Cl 1.6302540995356127 4.569999743048889 4.419146395353182
Cl -0.5370169691882842 4.569999743048889 1.7116806980387405
Cl 4.553277402248721 6.462214034853817 4.584758427626978
Cl 2.7680071980986067 6.462214034853817 1.5460686657649447
Cl -0.34601653690139167 1.093796705146183 1.5460686657649447
Cl 1.43925366724872 1.093796705146183 4.584758427626978
Cl 4.744277834535613 2.986010996951112 4.419146395353182
Cl 2.5770067658117153 2.986010996951112 1.7116806980387405
