mp-28090.cif
Si 3.421679075136457 5.53067626757869 5.607640761447561
Si 4.471360154863543 2.36236296242131 5.607640761447561
Si 6.30888257742131 0.5248405398635433 1.1730013314475614
Si 2.36236296242131 3.421679075136457 3.2616380985524382
Si 1.5841566525786905 7.368198690136457 1.1730013314475614
Si 7.368198690136457 6.30888257742131 7.696277528552438
Si 0.5248405398635433 1.5841566525786905 7.696277528552438
Si 5.53067626757869 4.471360154863543 3.2616380985524382
H 3.0575025327554486 6.6779832712563465 6.453816705791153
H 4.835536697244554 1.2150559587436538 6.453816705791153
H 5.161575573743654 0.8890170822445518 2.0191772757911535
H 1.2150559587436538 3.0575025327554486 2.4154621542088464
H 6.6779832712563465 4.835536697244554 2.4154621542088464
H 0.8890170822445518 2.7314636562563477 6.850101584208844
H 7.004022147755449 5.161575573743654 6.850101584208844
H 2.7314636562563477 7.004022147755449 2.0191772757911535
S 3.946519615 3.946519615 6.941353337145534
S 3.946519615 3.946519615 1.9279255228544656
S 0.0 0.0 6.362564952854465
S 0.0 0.0 2.5067139071455338
S 5.074970779400327 6.2030655730794155 4.426281553759067
S 2.8180684505996756 1.6899736569205857 4.426281553759067
S 5.636493271920587 6.764588065599676 8.860920983759067
S 1.6899736569205857 5.074970779400327 4.442997306240931
S 6.2030655730794155 2.8180684505996756 4.442997306240931
S 6.764588065599676 2.256545958079415 0.0083578762409324
S 1.1284511644003246 5.636493271920587 0.0083578762409324
S 2.256545958079415 1.1284511644003246 8.860920983759067
