mp-23253.cif
Rb 4.80139421 0.0 0.0
Rb 2.400697105 2.400697105 7.202091315
Rb 4.80139421 4.80139421 4.80139421
Rb 2.400697105 7.202091315 2.400697105
Rb 0.0 0.0 4.80139421
Rb 7.202091315 2.400697105 2.400697105
Rb 0.0 4.80139421 0.0
Rb 7.202091315 7.202091315 7.202091315
Bi 6.001742762499999 3.6010456575 8.4024398675
Bi 6.001742762499999 1.2003485525 6.001742762499999
Bi 8.4024398675 8.4024398675 1.2003485525
Bi 8.4024398675 1.2003485525 8.4024398675
Bi 6.001742762499999 8.4024398675 3.6010456575
Bi 6.001742762499999 6.001742762499999 1.2003485525
Bi 8.4024398675 3.6010456575 6.001742762499999
Bi 8.4024398675 6.001742762499999 3.6010456575
Bi 1.2003485525 3.6010456575 3.6010456575
Bi 1.2003485525 1.2003485525 1.2003485525
Bi 3.6010456575 8.4024398675 6.001742762499999
Bi 3.6010456575 1.2003485525 3.6010456575
Bi 1.2003485525 8.4024398675 8.4024398675
Bi 1.2003485525 6.001742762499999 6.001742762499999
Bi 3.6010456575 3.6010456575 1.2003485525
Bi 3.6010456575 6.001742762499999 8.4024398675
