mp-22721.cif
Mo 0.6703280868923106 4.1884792685858905 3.140633823321829
Mo 0.8799375551583122 6.873617958099218 3.140633823321829
Mo -1.550265496777689 5.712575737734659 3.140633823321829
Mo -0.6703280384679974 6.994636068985076 0.9009862462619702
Mo -0.8799375067339993 4.309497379471748 0.9009862462619702
Mo 1.5502655452020018 5.470539599836309 0.9009862462619702
Mo 5.512758990043691 6.984258165883656 7.182254014154231
Mo 0.8799374583096907 1.2820603312504188 7.182254014154231
Mo 8.13459640637369 0.12101811088585782 7.182254014154231
Mo -0.6703279900436898 1.4030783582629116 4.942606315845769
Mo 3.962493541690313 7.105276192896146 4.942606315845769
Mo -3.2921654063736887 8.26631841326071 4.942606315845769
Mo 5.512759038468002 1.3927004551614892 11.223874083738032
Mo 5.722368506734003 4.07783914467482 11.223874083738032
Mo 3.2921654547980004 2.9167969243102587 11.223874083738032
Mo 4.1721029131076905 4.198857255560678 8.984226506678171
Mo 3.962493444841691 1.5137185660473471 8.984226506678171
Mo 6.392696496777692 2.674760786411908 8.984226506678171
Pb 0.0 0.0 0.0
Pb 4.842431048424311 2.7957788134244006 4.041620069583799
Pb -4.842430912310672e-08 5.591557710722167 8.083240260416202
Se -4.842430912310672e-08 5.591557710722167 5.1342074812329415
Se -4.842430912310672e-08 5.591557710722167 11.032273039599463
Se -1.2554390246223086 8.354245713737756 3.0338058014067113
Se -1.7648385536673095 3.1229716629257767 3.0338058014067113
Se 3.020277433016693 5.297455755502966 3.0338058014067113
Se 1.2554389277736913 2.828869707706576 1.0078143894256912
Se 1.7648384568186912 8.060143758518556 1.0078143894256912
Se -3.020277529865309 5.8856596659413665 1.0078143894256912
Se 0.0 0.0 9.17582755081674
Se 0.0 0.0 2.94903277918326
Se -1.2554389761979996 2.76268800301559 7.075425870990511
Se 3.0775924947570013 5.918750476350177 7.075425870990511
Se -1.8221535185589988 8.093234568927368 7.075425870990511
Se 6.097869976198001 5.624648521130978 5.0494344590094915
Se 1.7648385052430007 2.46858604779639 5.0494344590094915
Se 6.664584518559 0.29410195521919924 5.0494344590094915
Se 4.842431048424311 2.7957788134244006 1.092587290400539
Se 4.842431048424311 2.7957788134244006 6.990652848767061
Se 3.5869920722263116 5.55846681643999 11.11704594057431
Se 3.0775925431813103 0.3271927656280106 11.11704594057431
Se 7.862708529865312 2.5016768582052005 11.11704594057431
Se 6.09787002462231 0.03309081040881117 9.091054528593288
Se 6.607269553667311 5.264364861220791 9.091054528593288
Se 1.822153566983311 3.0898807686436003 9.091054528593288
