mp-20162.cif
In 0.0 0.0 0.0
In 1.9110112291101116 1.103322825484664 6.46636716866966
In -1.9110111653491652e-08 2.2066456840690134 12.93273453133034
Ag -1.9110111653491652e-08 2.2066456840690134 3.2331836813303387
Ag 0.0 0.0 9.69955085
Ag 1.9110112291101116 1.103322825484664 16.16591801866966
S 0.0 0.0 4.9551707445361
S 1.9110112291101116 1.103322825484664 1.511196424133561
S 1.9110112291101116 1.103322825484664 11.42153791320576
S -1.9110111653491652e-08 2.2066456840690134 7.977563786794239
S -1.9110111653491652e-08 2.2066456840690134 17.88790527586644
S 0.0 0.0 14.443930955463896
