mp-2030.cif
Ru 0.0 2.81530486 2.81530486
Ru 2.81530486 2.81530486 0.0
Ru 2.81530486 0.0 2.81530486
Ru 0.0 0.0 0.0
S 2.1858261729465323 0.6294786870534675 5.001131032946532
S 0.6294786870534675 5.001131032946532 2.1858261729465323
S 5.001131032946532 2.1858261729465323 0.6294786870534675
S 3.4447835470534676 3.4447835470534676 3.4447835470534676
S 2.1858261729465323 2.1858261729465323 2.1858261729465323
S 0.6294786870534675 3.4447835470534676 5.001131032946532
S 5.001131032946532 0.6294786870534675 3.4447835470534676
S 3.4447835470534676 5.001131032946532 0.6294786870534675
