mp-28557.cif
Ag 2.280067849152671 2.50252471 6.075770055
Ag 5.884797100847329 2.50252471 2.025256685
Ag 2.280067849152671 7.50757413 6.075770055
Ag 5.884797100847329 7.50757413 2.025256685
Ag 6.362500324152671 7.50757413 6.075770055
Ag 1.8023646258473296 7.50757413 2.025256685
Ag 6.362500324152671 2.50252471 6.075770055
Ag 1.8023646258473296 2.50252471 2.025256685
Pd 0.0 0.0 0.0
Pd 4.082432475 0.0 4.05051337
Pd 4.082432475 5.00504942 0.0
Pd 0.0 5.00504942 4.05051337
Cl 1.5929184487174861 0.0 6.4202180970196645
Cl 2.489514026282515 0.0 2.3697047270196645
Cl 5.6753509237174855 0.0 5.7313220129803355
Cl 6.571946501282515 0.0 1.6808086429803362
Cl 4.082432475 7.6912883728996455 4.05051337
Cl 4.082432475 7.323859887100353 0.0
Cl 4.082432475 2.6862389528996475 0.0
Cl 4.082432475 2.318810467100352 4.05051337
Cl 5.6753509237174855 5.00504942 6.4202180970196645
Cl 6.571946501282515 5.00504942 2.3697047270196645
Cl 1.5929184487174861 5.00504942 5.7313220129803355
Cl 2.489514026282515 5.00504942 1.6808086429803362
Cl 0.0 2.6862389528996475 4.05051337
Cl 0.0 2.318810467100352 0.0
Cl 0.0 7.6912883728996455 0.0
Cl 0.0 7.323859887100353 4.05051337
