mp-25469.cif
Al 2.97810429 3.4375244111621246 0.0
Al 2.97810429 6.873020428837876 0.0
Al 0.0 8.592796831162124 0.0
Al 0.0 1.7177480088378758 0.0
Cl 0.8333095850521396 0.0 1.3275052267564063
Cl 3.2061610951656574 0.0 4.665574821229607
Cl -0.00868050042692671 8.458015120693778 4.671144849757007
Cl 4.048151180644724 8.458015120693778 1.3219351982290073
Cl 4.048151180644724 1.8525297193062202 1.3219351982290073
Cl -0.00868050042692671 1.8525297193062202 4.671144849757007
Cl 3.8114138750521396 5.155272419999999 1.3275052267564063
Cl 0.22805680516565752 5.155272419999999 4.665574821229607
Cl 2.969423789573073 3.30274270069378 4.671144849757007
Cl 1.0700468906447236 3.30274270069378 1.3219351982290073
Cl 1.0700468906447236 7.007802139306221 1.3219351982290073
Cl 2.969423789573073 7.007802139306221 4.671144849757007
