mp-29136.cif
Sr 0.0 0.0 3.6915868100605733
Sr 0.0 0.0 0.0245867950605732
Sr 4.32279369 0.0 0.172901984307262
Sr 0.0 4.32279369 3.8399019993072625
Sr 2.6258629577128754 2.3042320638548346 5.2132874534651465
Sr 6.019724422287124 6.341355316145166 5.2132874534651465
Sr 2.3042320638548346 6.019724422287124 1.5462874384651464
Sr 6.341355316145166 2.6258629577128754 1.5462874384651464
Sr 6.341355316145166 6.019724422287124 1.5462874384651464
Sr 2.6258629577128754 6.341355316145166 5.2132874534651465
Sr 6.019724422287124 2.3042320638548346 5.2132874534651465
Sr 2.3042320638548346 2.6258629577128754 1.5462874384651464
Cu 4.32279369 4.32279369 7.1312074484904695
Cu 4.32279369 4.32279369 3.4642074334904693
Cu 3.110134295539982 0.0 3.176736120934557
Cu 0.0 3.110134295539982 6.843736135934559
Cu 0.0 5.535453084460018 6.843736135934559
Cu 5.535453084460018 0.0 3.176736120934557
N 4.32279369 0.0 4.625615424521252
N 0.0 4.32279369 0.958615409521252
N 6.7403174444264815 0.0 1.7695789900985288
N 0.0 6.7403174444264815 5.436579005098529
N 0.0 1.9052699355735192 5.436579005098529
N 1.9052699355735192 0.0 1.7695789900985288
N 6.157837248403255 4.32279369 3.5499844310413446
N 4.32279369 6.157837248403255 7.2169844460413435
N 4.32279369 2.487750131596745 7.2169844460413435
N 2.487750131596745 4.32279369 3.5499844310413446
