mp-28108.cif
Na 8.541087682188857 8.424777706372716 9.020705584234282
Na 4.213681332188857 4.8035339236272865 6.317519235765719
Na 0.11372501781114301 4.015340496372715 13.986631645765716
Na 4.441131367811144 0.3940967136272854 1.3515931742342815
Na 5.414230906329294 6.7314996698437755 9.729641709824138
Na 1.0868245563292933 6.496811960156227 5.608583110175856
Na 3.2405817936707075 2.322062459843776 13.27769552017586
Na 7.567988143670705 2.0873747501562243 2.0605292998241413
Na 5.778066423114498 5.551157001000089 2.0286708865795116
Na 1.4506600731144972 7.6771546289999115 13.309553933420483
Na 2.876746276885503 1.1417197910000882 5.640441523420487
Na 7.204152626885501 3.267717418999912 9.697783296579514
Na 7.633209167763495 3.171074637214667 5.7021376921719575
Na 3.305802817763494 1.2383625727853327 9.636087127828041
Na 1.021603532236506 7.580511847214667 1.966974717828041
Na 5.349009882236507 5.647799782785334 13.37125010217196
Sn 6.734662705131907 0.5838327684324688 13.400494268378269
Sn 2.407256355131906 3.8256044415675325 1.9377305516217327
Sn 1.9201499948680942 4.993269978432469 9.606842961621728
Sn 6.247556344868093 8.235041651567531 5.731381858378265
Te 7.045853419610564 6.028307669196331 7.195009874783025
Te 2.7184470696105665 7.200003960803671 8.14321494521697
Te 1.6089592803894344 1.6188704591963285 0.47410253521697343
Te 5.936365630389435 2.7905667508036713 14.864122284783024
Te 4.202549165901609 7.464653179011964 4.0402879678929065
Te 8.529955515901609 5.763658450988037 11.297936852107089
Te 4.452263534098392 3.0552159690119636 3.628824442107092
Te 0.12485718409839097 1.3542212409880368 11.709400377892909
Te 5.587875875454474 1.4587575327003903 7.485189302067408
Te 1.260469525454473 2.9506796772996093 7.853035517932588
Te 3.0669368245455275 5.86819474270039 0.18392310793259123
Te 7.394343174545526 7.360116887299611 15.154301712067406
Te 8.515389119935001 0.3704326751411226 4.4519269629706635
Te 4.187982769935001 4.0390045348588774 10.886297857029334
Te 0.13942358006499903 4.779869885141123 3.2171854470293337
Te 4.466829930065 8.448441744858878 12.121039372970667
