mp-27165.cif
Hf 6.433062057032367 1.1564680443854911 3.6250542670487906
Hf 5.158513944272717 8.010369951467212 4.157572737186592
Hf 7.0897031285960574 5.219066353694496 5.800461949899668
Hf 4.501872872709028 3.9477716421582074 1.9821650543357143
Hf 7.748028120891329 4.878858238263804 1.443871874960769
Hf 3.843547880413754 4.287979757588901 6.338755129274614
Hf 9.537586115567505 8.531644948068895 6.947730127102025
Hf 2.053989885737578 0.6351930477838071 0.8348968771333592
Ni 2.590893500652542 4.583418997926351 3.891313502117691
Ni 4.351725882579762 1.2787729588889394 2.0075908967585505
Ni 7.239850118725322 7.888065036963765 5.775036107476833
Ni 8.289995026585894 2.619740978465034 5.0950991166248025
Ni 3.3015809747191915 6.547097017387668 2.687527887610579
Ni 8.018209146021448 3.345290481737073 7.459788070845689
Ni 3.5733668552836346 5.82154751411563 0.3228389333896922
Ni 6.614170240685491 2.459062965952386 1.222938659564535
Ni 3.57138062750614 1.6372510954857153 6.614423560391636
Ni 8.020195373798943 7.529586900366987 1.1682034438437476
Ni 5.977836655517906 2.709163769700365 6.042159214143202
Ni 5.613739345787181 6.45767422615234 1.7404677900921797
Ni 4.2761812568662245 2.6645227371139373 4.270444176629017
Ni 7.315394744438859 6.502315258738768 3.512182827606364
Ni 2.253178807958323 2.496190227154033 2.7016066598612407
Ni 9.33839719334676 6.670647768698672 5.08102034437414
Ni 2.7129312031308337 3.060804603694573 0.2231823946004581
Ni 8.878644798174252 6.106033392158131 7.559444609634926
Ni 4.935945736338574 5.40233634876218 4.179690963132629
Ni 6.655630264966508 3.7645016470905226 3.602936041102754
Ni 4.977405760619592 6.7077750299003185 6.559688344670849
