mp-28353.cif
Na 6.633141558251458 5.101658210552704 3.030043653809042
Na 2.0504705782514585 9.778267764447298 4.938172651190955
Na 7.114871381748541 5.101658210552704 12.906388956190957
Na 2.5322004017485407 9.778267764447298 10.99825995880904
Na 2.5322004017485407 4.818292439447297 12.906388956190957
Na 7.114871381748541 0.141682885552703 10.99825995880904
Na 2.0504705782514585 4.818292439447297 3.030043653809042
Na 6.633141558251458 0.141682885552703 4.938172651190955
Na 8.60907178514353 6.7541018651377795 0.45932193242165936
Na 4.026400805143531 8.125824109862222 7.508894372578341
Na 5.138941154856468 6.7541018651377795 15.477110677578342
Na 0.5562701748564683 8.125824109862222 8.42753823742166
Na 0.5562701748564683 3.1658487848622205 15.477110677578342
Na 5.138941154856468 1.7941265401377795 8.42753823742166
Na 4.026400805143531 3.1658487848622205 0.45932193242165936
Na 8.60907178514353 1.7941265401377795 7.508894372578341
Na 6.9383699006072606 6.654598312150358 6.167132644188107
Na 2.3556989206072605 8.225327662849644 1.8010836608118916
Na 6.809643039392738 6.654598312150358 9.769299965811891
Na 2.226972059392739 8.225327662849644 14.135348949188106
Na 2.226972059392739 3.2653523378496434 9.769299965811891
Na 6.809643039392738 1.6946229871503566 14.135348949188106
Na 2.3556989206072605 3.2653523378496434 6.167132644188107
Na 6.9383699006072606 1.6946229871503566 1.8010836608118916
Te 6.874006469999999 9.205248461516982 7.968216304999999
Te 2.29133549 5.674677513483019 0.0
Te 2.29133549 0.7147021884830175 7.968216304999999
Te 6.874006469999999 4.245273136516983 0.0
Te 4.677365551715748 2.4383786278975883 11.908279823145456
Te 0.09469457171574759 2.521596697102412 11.996369091854541
Te 9.070647388284252 2.4383786278975883 4.02815278685454
Te 4.487976408284252 2.521596697102412 3.9400635181454606
Te 4.487976408284252 7.481572022102412 4.02815278685454
Te 9.070647388284252 7.398353952897589 3.9400635181454606
Te 0.09469457171574759 7.481572022102412 11.908279823145456
Te 4.677365551715748 7.398353952897589 11.996369091854541
Te 2.835182043829688 1.3921683542086625 13.814727367522694
Te 7.417853023829688 3.5678069707913376 10.089921547477303
Te 1.7474889361703116 1.3921683542086625 2.1217052424773075
Te 6.330159916170311 3.5678069707913376 5.846511062522693
Te 6.330159916170311 8.527782295791338 2.1217052424773075
Te 1.7474889361703116 6.352143679208663 5.846511062522693
Te 7.417853023829688 8.527782295791338 13.814727367522694
Te 2.835182043829688 6.352143679208663 10.089921547477303
Te 0.0 4.959975325 7.968216304999999
Te 4.58267098 0.0 0.0
Te 4.58267098 4.959975325 7.968216304999999
Te 0.0 0.0 0.0
