mp-22977.cif
Cs 3.6189456861894556 2.0893992243161326 1.5485660325
Cs -3.6189455785447945e-08 4.178798511314242 4.645698097499999
V 0.0 0.0 3.097132065
V 0.0 0.0 0.0
Cl 3.618945650000001 4.307539959012741 4.645698097499999
Cl -1.9209662073216114 5.287868847321558 1.5485660325
Cl 1.9209662073216147 5.287868847321558 1.5485660325
Cl 1.6979794426783879 0.9803288883088177 4.645698097499999
Cl 6.180275249871413e-16 1.9606577766176354 1.5485660325
Cl 5.539911857321613 0.9803288883088177 4.645698097499999
