mp-22075.cif
In 4.758512185 7.137768277499999 0.0
In 7.137768277499999 4.758512185 0.0
In 7.137768277499999 0.0 4.758512185
In 0.0 4.758512185 2.3792560925
In 4.758512185 0.0 2.3792560925
In 0.0 7.137768277499999 4.758512185
In 7.968684733516438 1.5483396364835609 1.5483396364835609
In 7.968684733516438 7.968684733516438 7.968684733516438
In 1.5483396364835609 7.968684733516438 1.5483396364835609
In 6.306851821483563 6.306851821483563 6.306851821483563
In 7.968684733516438 7.968684733516438 1.5483396364835609
In 3.210172548516439 6.306851821483563 3.210172548516439
In 6.306851821483563 6.306851821483563 3.210172548516439
In 6.306851821483563 3.210172548516439 3.210172548516439
In 0.0 2.3792560925 4.758512185
In 2.3792560925 0.0 4.758512185
In 2.3792560925 4.758512185 0.0
In 4.758512185 0.0 7.137768277499999
In 0.0 4.758512185 7.137768277499999
In 4.758512185 2.3792560925 0.0
In 3.210172548516439 6.306851821483563 6.306851821483563
In 3.210172548516439 3.210172548516439 3.210172548516439
In 6.306851821483563 3.210172548516439 6.306851821483563
In 1.5483396364835609 1.5483396364835609 1.5483396364835609
In 3.210172548516439 3.210172548516439 6.306851821483563
In 7.968684733516438 1.5483396364835609 7.968684733516438
In 1.5483396364835609 1.5483396364835609 7.968684733516438
In 1.5483396364835609 7.968684733516438 7.968684733516438
Pt 0.0 6.228297921652606 0.0
Pt 0.0 0.0 3.288726448347394
Pt 6.228297921652606 0.0 0.0
Pt 3.288726448347394 0.0 0.0
Pt 0.0 3.288726448347394 0.0
Pt 0.0 0.0 6.228297921652606
Pt 4.758512185 1.469785736652606 4.758512185
Pt 4.758512185 4.758512185 8.047238633347392
Pt 1.469785736652606 4.758512185 4.758512185
Pt 8.047238633347392 4.758512185 4.758512185
Pt 4.758512185 8.047238633347392 4.758512185
Pt 4.758512185 4.758512185 1.469785736652606
