mp-29469.cif
Pd 0.0 0.0 0.0
Pd -1.4169789999687712 4.3011735 6.482008999149154
Se 0.4731235942731925 3.258035698086 1.9080700970255422
Se 1.6466834057892648 5.344311301914 11.05594790127277
Se -0.9946792981714827 1.128834382728 4.673826660800502
Se -0.943855405695579 1.0431378019139999 8.390079096174698
Se 3.114486298233939 7.473512617272001 8.29019133749781
Se -2.4116582981402543 3.172339117272001 11.155835659949659
Se -0.6010845313361844 6.604271259963002 6.396239056072413
Se 4.137870531367413 2.303097759963 0.08576994307674163
Se 2.7208915313986415 1.998075740037 6.567778942225897
Se -2.018063531304956 6.299249240037 12.878248055221567
Se 4.53146529820271 5.430007882728 1.8081823383486535
Se 3.063662405758036 7.559209198086 4.573938902123614
Cl 0.7744587882324349 8.287036573062 11.091391526480116
Cl -0.07163078813874975 3.9858630730619997 8.35463547096735
Cl 1.3453482118300217 0.315310426938 1.8726264718181944
Cl 2.191437788201208 4.616483926938 4.609382527330961
