mp-21069.cif
Y 3.24452976 0.09706504230764999 1.3227117400013038
Y 1.08150992 3.401719937692351 4.862929320001302
Y 3.24452976 3.59585002230765 2.217505839998697
Y 1.08150992 6.900504917692349 5.757723419998697
Si 1.08150992 2.1384314187914493 0.7504025733664578
Si 1.08150992 5.63721639879145 2.789815006633541
Si 3.24452976 4.8591385412085515 6.330032586633542
Si 3.24452976 1.3603535612085516 4.290620153366459
Ru 1.08150992 4.562832669089617 0.47766583950334485
Ru 1.08150992 1.064047689089616 3.0625517404966556
Ru 3.24452976 5.933522270910384 4.0178834195033435
Ru 3.24452976 2.434737290910385 6.6027693204966535
