mp-2649.cif
Zr 2.1649326524699997 0.0 1.445331365
Zr 1.0824663262350003 1.8748866745214472 4.335994095
Zr -3.165265348764999 5.482400403498203 4.335994095
Zr -1.0824663262349994 1.8748866745214472 1.445331365
Zr 3.1652653487650015 5.482400403498203 1.445331365
Zr 6.33053069753 0.0 4.335994095
Zr -4.247731526455405e-08 4.9048580765373915 0.0
Zr 4.2477317174773175 2.4524290014822596 2.89066273
Zr 4.2477317174773175 2.4524290014822596 0.0
Zr -4.247731526455405e-08 4.9048580765373915 2.89066273
Sb 5.212341160294836 0.0 1.445331365
Sb 2.6061705801474204 4.514019858006583 4.335994095
Sb -1.641561094852582 2.8432672200130664 4.335994095
Sb -2.606170580147416 4.514019858006583 1.445331365
Sb 1.6415610948525834 2.8432672200130664 1.445331365
Sb 3.2831221897051655 0.0 4.335994095
