mp-29011.cif
Bi 2.4815241604477634 2.4815241604477634 2.4815241604477634
Bi 0.8802866695522369 4.242097499552237 5.843334990447763
Bi 5.843334990447763 0.8802866695522369 4.242097499552237
Bi 4.242097499552237 5.843334990447763 0.8802866695522369
Te 4.205237260887785 4.205237260887785 4.205237260887785
Te 5.880195229112213 2.5183843991122146 0.8434264308877846
Te 0.8434264308877846 5.880195229112213 2.5183843991122146
Te 2.5183843991122146 0.8434264308877846 5.880195229112213
Pd 0.0267014514621414 0.0267014514621414 0.0267014514621414
Pd 3.3351093785378576 6.6969202085378585 3.388512281462141
Pd 3.388512281462141 3.3351093785378576 6.6969202085378585
Pd 6.6969202085378585 3.388512281462141 3.3351093785378576
