mp-21296.cif
Pt 3.36877936 3.36877936 0.0
Pt 0.0 0.0 0.0
Pb 5.56623366489889 4.54010441510111 1.53328750216208
Pb 2.1974543048988893 5.56623366489889 1.53328750216208
Pb 2.1974543048988893 1.1713250551011103 4.556557617837919
Pb 4.54010441510111 5.56623366489889 4.556557617837919
Pb 1.1713250551011103 4.54010441510111 4.556557617837919
Pb 5.56623366489889 2.1974543048988893 4.556557617837919
Pb 1.1713250551011103 2.1974543048988893 1.53328750216208
Pb 4.54010441510111 1.1713250551011103 1.53328750216208
