mp-3827.cif
K 2.014493599255687 9.458607095735749 3.72062320315932
K 3.0286275764185624 1.556326644264251 1.24020773438644
K -1.5212009657443128 3.951140225735749 3.72062320315932
K -0.5070669885814376 7.063793514264249 1.24020773438644
Fe 3.0286275764185624 5.576549670534507 1.24020773438644
Fe 2.014493599255687 5.438384069465492 3.72062320315932
Fe -0.5070669885814376 0.06908280053450759 1.24020773438644
Fe -1.5212009657443128 10.945850939465492 3.72062320315932
S 4.8832944675637595 9.83403954658322 1.9449073121332747
S 1.1739606852733646 9.83403954658322 0.5355081566396053
S 3.8691604904008847 1.1808941934167778 4.425322780906154
S 0.1598267081104893 1.1808941934167778 3.0159236254124853
S 1.3475999025637604 4.326572676583222 1.9449073121332747
S 4.709655250273364 4.326572676583222 0.5355081566396053
S 0.33346592540088527 6.688361063416778 4.425322780906154
S 3.6955212731104896 6.688361063416778 3.0159236254124853
