mp-30853.cif
Tl 0.0 0.0 3.50859025
Tl 0.0 0.0 10.52577075
Tl -2.846185993824903e-08 3.2864925922419834 3.50859025
Tl 2.8461860884618613 1.6432462714722973 10.52577075
Tl -2.846185993824903e-08 3.2864925922419834 12.733969669457517
Tl -2.846185993824903e-08 3.2864925922419834 8.31757183054248
Tl 2.8461860884618613 1.6432462714722973 1.3003913305424801
Tl 2.8461860884618613 1.6432462714722973 5.71678916945752
Pt 2.8461861043197406e-08 1.6377860927068475 1.20963785444876
Pt 1.427821711981945 4.110845792712163 1.20963785444876
Pt -1.4278216550582228 4.110845792712163 1.20963785444876
Pt 1.427821711981945 4.110845792712163 5.807542645551241
Pt 2.8461861043197406e-08 1.6377860927068475 5.807542645551241
Pt -1.4278216550582228 4.110845792712163 5.807542645551241
Pt 2.8461860315381404 3.2919527710074337 12.82472314555124
Pt 1.4183643480180554 0.8188930710021181 12.82472314555124
Pt 4.274007715058224 0.8188930710021181 12.82472314555124
Pt 1.4183643480180554 0.8188930710021181 8.226818354448762
Pt 2.8461860315381404 3.2919527710074337 8.226818354448762
Pt 4.274007715058224 0.8188930710021181 8.226818354448762
