mp-33333.cif
Na 2.914552 0.0 3.012320499999999
Na 2.914552 2.914552 0.0
Na 0.0 2.914552 9.0369615
Na 0.0 0.0 6.024640999999998
Sb 0.0 0.0 0.0
Sb 0.0 2.914552 3.012320499999999
Sb 2.914552 2.914552 6.024640999999998
Sb 2.914552 0.0 9.0369615
Se 0.0 2.914552 0.131084138878
Se 0.0 2.914552 5.893556861122
Se 2.914552 2.914552 3.1434046388779997
Se 0.0 0.0 2.8812363611219998
Se 2.914552 0.0 6.155725138877998
Se 2.914552 0.0 11.918197861122
Se 0.0 0.0 9.168045638877999
Se 2.914552 2.914552 8.905877361121998
