mp-31150.cif
Sr 6.268185824420727 0.0 3.9200544649999993
Sr 3.723282930579273 3.434640495 3.9200544649999993
Sr 0.3927933455792727 0.0 11.760163395000001
Sr 2.9376962394207276 3.434640495 11.760163395000001
Sr 4.9957343775 5.151960742500002 15.678595427858022
Sr 4.9957343775 1.7173202475 7.841731362141974
Sr 1.6652447925 1.7173202475 0.0016224321419741996
Sr 1.6652447925 5.151960742500002 7.838486497858025
Bi 4.9957343775 5.151960742500002 6.703481454566499
Bi 4.9957343775 1.7173202475 1.1366274754335015
Bi 1.6652447925 1.7173202475 8.976736405433497
Bi 1.6652447925 5.151960742500002 14.543590384566496
Bi 2.810456217021636 6.435085759863833 2.4283642931468363
Bi 2.810456217021636 0.43419523013616745 5.411744636853161
Bi 0.5200333679783637 3.0004452648638322 5.411744636853161
Bi 0.5200333679783637 3.8688357251361687 2.4283642931468363
Bi 3.8505229529783636 0.43419523013616745 13.251853566853164
Bi 3.8505229529783636 6.435085759863833 10.268473223146838
Bi 6.140945802021637 3.8688357251361687 10.268473223146838
Bi 6.140945802021637 3.0004452648638322 13.251853566853164
