mp-30666.cif
Sc 4.697932006375683 3.2097175669140126 1.8920140929780802
Sc 0.7197083886243172 2.2079228280859877 8.845590177978082
Sc 7.6255632230859876 6.137348783624317 5.06156199202192
Sc 3.2097175669140126 6.137348783624317 1.8920140929780802
Sc 2.2079228280859877 10.115572401375683 8.845590177978082
Sc 4.697932006375683 7.6255632230859876 5.06156199202192
Sc 6.137348783624317 3.2097175669140126 5.06156199202192
Sc 3.2097175669140126 4.697932006375683 5.06156199202192
Sc 0.7197083886243172 2.2079228280859877 5.06156199202192
Sc 4.697932006375683 3.2097175669140126 12.015138077021918
Sc 8.627357961914013 10.115572401375683 1.8920140929780802
Sc 2.2079228280859877 10.115572401375683 5.06156199202192
Sc 3.2097175669140126 6.137348783624317 12.015138077021918
Sc 0.7197083886243172 8.627357961914013 1.8920140929780802
Sc 10.115572401375683 2.2079228280859877 1.8920140929780802
Sc 2.2079228280859877 0.7197083886243172 1.8920140929780802
Sc 0.0 5.417640395 2.0432150155861892
Sc 5.417640395 0.0 2.0432150155861892
Sc 0.0 5.417640395 4.910361069413811
Sc 5.417640395 0.0 4.910361069413811
Sc 7.255725184348307 1.8380847893483077 0.0
Sc 3.579555605651693 1.8380847893483077 6.953576085
Sc 1.8380847893483077 3.579555605651693 0.0
Sc 8.997196000651693 3.579555605651693 6.953576085
Sc 10.115572401375683 8.627357961914013 8.845590177978082
Sc 6.137348783624317 7.6255632230859876 1.8920140929780802
Sc 2.2079227197331797 0.7197083886243172 12.015138077021918
Sc 8.627357961914013 0.7197083886243172 8.845590177978082
Sc 7.6255632230859876 4.697932006375683 1.8920140929780802
Sc 10.115572401375683 2.2079227197331797 12.015138077021918
Sc 0.7197083886243172 8.627357961914013 12.015138077021918
Sc 8.627357961914013 10.115572401375683 12.015138077021918
Sc 6.137348783624317 7.6255632230859876 12.015138077021918
Sc 10.115572401375683 8.627357961914013 5.06156199202192
Sc 3.2097176752668206 4.697932006375683 8.845590177978082
Sc 7.6255632230859876 4.697932006375683 12.015138077021918
Sc 8.627357961914013 0.7197083886243172 5.06156199202192
Sc 6.137348783624317 3.2097176752668206 8.845590177978082
Sc 4.697932006375683 7.6255632230859876 8.845590177978082
Sc 7.6255632230859876 6.137348783624317 8.845590177978082
Sc 5.417640395 0.0 8.99679110058619
Sc 0.0 5.417640395 8.99679110058619
Sc 5.417640395 0.0 11.86393715441381
Sc 0.0 5.417640395 11.86393715441381
Sc 1.8380847893483077 7.255725184348307 6.953576085
Sc 8.997196000651693 7.255725184348307 0.0
Sc 7.255725184348307 8.997196000651693 6.953576085
Sc 3.579555605651693 8.997196000651693 0.0
Ga 7.332949314066717 1.9153089190667163 2.7783926947515067
Ga 3.5023314759332838 8.919971870933283 2.7783926947515067
Ga 8.919971870933283 3.5023314759332838 4.175183390248493
Ga 1.9153089190667163 3.5023314759332838 2.7783926947515067
Ga 8.919971870933283 7.332949314066717 2.7783926947515067
Ga 7.332949314066717 8.919971870933283 4.175183390248493
Ga 3.5023314759332838 1.9153089190667163 4.175183390248493
Ga 1.9153089190667163 7.332949314066717 4.175183390248493
Ga 4.136535738317898 9.554176133317899 6.953576085
Ga 1.2811046566821025 4.136535738317898 6.953576085
Ga 4.136535738317898 1.2811046566821025 0.0
Ga 1.2811046566821025 6.698745051682103 0.0
Ga 0.0 0.0 6.953576085
Ga 0.0 0.0 0.0
Ga 0.0 0.0 10.430364127499999
Ga 0.0 0.0 3.4767880425
Ga 1.9153089190667163 7.332949314066717 9.731968779751506
Ga 8.919971870933283 3.5023314759332838 9.731968779751506
Ga 3.5023314759332838 8.919971870933283 11.128759475248494
Ga 7.332949314066717 8.919971870933283 9.731968779751506
Ga 3.5023314759332838 1.9153089190667163 9.731968779751506
Ga 1.9153089190667163 3.5023314759332838 11.128759475248494
Ga 8.919971870933283 7.332949314066717 11.128759475248494
Ga 7.332949314066717 1.9153089190667163 11.128759475248494
Ga 9.554176133317899 4.136535846670705 0.0
Ga 6.698745051682103 9.554176133317899 0.0
Ga 9.554176133317899 6.698745051682103 6.953576085
Ga 6.698745051682103 1.2811045483292944 6.953576085
Ga 5.417640395 5.417640395 0.0
Ga 5.417640395 5.417640395 6.953576085
Ga 5.417640395 5.417640395 3.4767880425
Ga 5.417640395 5.417640395 10.430364127499999
