mp-30412.cif
Pb 10.576189858558383 6.02070242101868 1.9444119472570736
Pb 0.0 4.310929798569028 0.0
Pb 0.0 7.730439435074827 0.0
Pb 0.17613493975991024 6.02070242101868 3.5062224454937994
Pb -1.001369195063307 10.863806156618876 4.640448771725404
Pb 7.09377786487525 7.164849065817562 1.8659833685495641
Pb 11.7536939933816 10.863806156618876 0.8101856210254693
Pb 3.6585469334430454 7.164849065817562 3.584651024201308
Pb 8.173112274787638 3.564069007551015 2.626607025117877
Pb 0.21514886437155212 2.4438684058899014 5.040681823866733
Pb 2.5792125235306553 3.564069007551015 2.8240273676329957
Pb 10.537175933946742 2.4438684058899014 0.40995256888413933
Pb 3.8486695085583857 0.005771086018679102 1.9444119472570736
Pb 6.72752035 10.325861133569031 0.0
Pb 6.72752035 1.7155081000748273 0.0
Pb 6.903655289759912 0.005771086018679102 3.5062224454937994
Pb 5.7261511549366935 4.848874821618873 4.640448771725404
Pb 0.36625751487525 1.1499177308175619 1.8659833685495641
Pb 5.0261736433816 4.848874821618873 0.8101856210254693
Pb 10.386067283443047 1.1499177308175619 3.584651024201308
Pb 1.4455919247876383 9.579000342551016 2.626607025117877
Pb 6.942669214371552 8.458799740889901 5.040681823866733
Pb 9.306732873530654 9.579000342551016 2.8240273676329957
Pb 3.8096555839467414 8.458799740889901 0.40995256888413933
Au 8.558313195991303 6.018377529759075 4.333945646196976
Au -1.351357950840853 3.5634444170811888 2.7253171963754363
Au -1.351357950840853 8.482730265504827 2.7253171963754363
Au 2.194011602326991 6.018377529759075 1.1166887465538964
Au 1.8307928459913034 0.0034461947590749 4.333945646196976
Au 5.3761623991591465 9.57837575208119 2.7253171963754363
Au 5.3761623991591465 2.4677989305048245 2.7253171963754363
Au 8.921531952326994 0.0034461947590749 1.1166887465538964
