mp-30681.cif
Y 0.0 2.961952165 0.0
Y 2.961952165 0.0 0.0
Ga 0.0 0.0 1.211627345269846
Ga 0.0 0.0 6.301844914730153
Ga 2.961952165 2.961952165 6.301844914730153
Ga 2.961952165 2.961952165 1.211627345269846
Ga 4.060817461721144 1.0988652967211439 2.6280444450388205
Ga 4.8250390332788555 4.060817461721144 2.6280444450388205
Ga 1.0988652967211439 1.863086868278856 2.6280444450388205
Ga 4.060817461721144 4.8250390332788555 4.8854278149611785
Ga 1.863086868278856 1.0988652967211439 4.8854278149611785
Ga 1.863086868278856 4.8250390332788555 2.6280444450388205
Ga 1.0988652967211439 4.060817461721144 4.8854278149611785
Ga 4.8250390332788555 1.863086868278856 4.8854278149611785
