mp-30418.cif
Sn 0.0 0.0 0.0
Sn 2.5507369805073714 1.4726686528744897 4.913610230863896
Sn -2.5507368778473157e-08 2.9453373499290394 9.827220609136099
Au 2.5507369805073714 1.4726686528744897 0.0513051669220032
Au 0.8398029005630709 1.4907560136300275 2.4568051891361016
Au 0.8398029005630732 4.399918686228051 2.4568051891361016
Au -1.679605877648249 2.9453373499290394 2.4568051891361016
Au 0.0 0.0 4.862305063941894
Au -2.5507368778473157e-08 2.9453373499290394 4.964915545194208
Au -1.710934028929559 2.9634246665045167 7.370415419999998
Au 0.8398029260704406 1.454581336299012 7.370415419999998
Au 3.42186805785912 0.0 7.370415419999998
Au 2.5507369805073714 1.4726686528744897 9.775915294805786
Au 0.0 0.0 9.878525776058106
Au 3.390539906577811 0.01808731657547765 12.284025650863892
Au 3.3905399065778106 2.927249989173502 12.284025650863892
Au 0.8711311283664899 1.4726686528744897 12.284025650863892
Au -2.5507368778473157e-08 2.9453373499290394 14.689525673077997
