mp-31158.cif
Ca 1.9100164325748326 9.398120317999222 0.0
Ca 9.398120317999222 9.302587697425167 0.0
Ca 9.302587697425167 1.8144838120007782 0.0
Ca 1.8144838120007782 1.9100164325748326 0.0
Ca 5.606302065 5.606302065 2.29960122
Ca 5.606302065 0.0 0.0
Ca 0.0 5.606302065 0.0
Ni 6.944649930813013 8.689370938185673 2.29960122
Ni 8.689370938185673 4.267954199186988 2.29960122
Ni 2.523233191814326 6.944649930813013 2.29960122
Ni 4.267954199186988 2.523233191814326 2.29960122
Sn 3.214797798160112 0.2126606045764473 2.29960122
Sn 7.9978063318398895 10.999943525423554 2.29960122
Sn 6.849393252426599 2.4225673289435163 2.29960122
Sn 3.4570412889689863 6.459716014794642 0.0
Sn 6.459716014794642 7.755562841031015 0.0
Sn 4.363210877573403 8.790036801056484 2.29960122
Sn 0.2126606045764473 7.9978063318398895 2.29960122
Sn 0.0 0.0 2.29960122
Sn 10.999943525423554 3.214797798160112 2.29960122
Sn 7.755562841031015 4.752888115205358 0.0
Sn 8.790036801056484 6.849393252426599 2.29960122
Sn 4.752888115205358 3.4570412889689863 0.0
Sn 2.4225673289435163 4.363210877573403 2.29960122
