mp-30180.cif
Al 3.984316435695951 0.0 2.4759012813565646
Al 1.7828578997631437 0.0 4.339583077276234
Al 4.062280132445147 10.292769370338 1.5674259246508488
Al 1.423892132445147 16.469756629662 1.5674259246508488
Al 2.8117731627434366 11.022092808048 3.994315803509263
Al 0.17338516274343627 15.740433191952 3.994315803509263
Al 1.413003082141146 11.113638488652 0.9185510692403361
Al 4.051391082141145 15.648887511348 0.9185510692403361
Al 3.8266486938068844 13.116599459544 2.090527203061108
Al 1.1882606938068838 13.645926540456001 2.090527203061108
Al 4.227143926534012 13.377534088043996 4.719070628176913
Al 1.5887559265340103 13.384991911956002 4.719070628176913
Al 1.345928435695951 8.920842 2.4759012813565646
Al 4.421245899763144 8.920842 4.339583077276234
Al 1.423892132445147 1.3719273703380002 1.5674259246508488
Al 4.062280132445147 7.548914629662001 1.5674259246508488
Al 0.17338516274343627 2.101250808048 3.994315803509263
Al 2.8117731627434366 6.819591191952001 3.994315803509263
Al 4.051391082141145 2.192796488652 0.9185510692403361
Al 1.413003082141146 6.728045511347999 0.9185510692403361
Al 1.1882606938068838 4.195757459544 2.090527203061108
Al 3.8266486938068844 4.725084540456001 2.090527203061108
Al 1.5887559265340103 4.456692088044001 4.719070628176913
Al 4.227143926534012 4.464149911956 4.719070628176913
Mo 4.337256089510493 0.0 5.146176625925795
Mo 0.2024763947868262 11.372628373596 3.3864712306322016
Mo 2.8408643947868257 15.389897626404002 3.3864712306322016
Mo 1.6988680895104924 8.920842 5.146176625925795
Mo 2.8408643947868257 2.4517863735959997 3.3864712306322016
Mo 0.2024763947868262 6.469055626404 3.3864712306322016
