mp-31473.cif
K -3.479839090258047e-08 4.018172188936571 5.336340313404727
K 3.479839209798392 2.0090860643319943 1.0150342565952724
Hg -3.479839142488301e-08 2.1933482694766293 2.109228489061265
Hg 1.5803438368874088 4.930584148666543 2.109228489061265
Hg -1.5803439064841889 4.930584148666543 2.109228489061265
Hg 3.4798392097983926 3.8339099837919366 4.242146080938735
Hg 5.06018308148419 1.0966741046020234 4.242146080938735
Hg 1.8994953381125939 1.0966741046020234 4.242146080938735
Hg 0.0 0.0 0.0
