mp-30367.cif
Ca 2.9086179283579323 5.814266182347886 3.6341026565914514
Ca -0.5450765403328812 4.664498027481429 4.703144242164241
Ca 0.5724717599550483 0.8006764493384392 4.703812859609485
Ca 4.026166228645861 1.9504446042048982 3.6347712740366953
Ca 0.5343142308582979 0.8188345267480541 8.337667379835175
Ca 2.9467754574546823 5.796108104938271 0.00024813636576213985
Ca 0.743038552493659 3.0519228713969824 1.5159030793356665
Ca -2.7072625331212907 -0.30038590574505253 6.820505942289803
Ca 2.738051135819321 3.563019760289344 6.822012436865271
Ca 6.188352221434271 6.915328537431378 1.5174095739111335
Au 4.90371656630542 4.246544648095636 1.8479936662929681
Au 1.4600044828517642 6.231100503880357 6.4899970579059225
Au -1.422626877992439 2.3683979835906914 6.48992184990797
Au 2.021085205461217 0.38384212780596866 1.847918458295012
