mp-3708.cif
Tl -4.72645484832344e-08 5.457640108451983 3.18888675
Tl 4.726455002264551 2.7288200132936895 1.06296225
Fe -3.292580862391738 8.018473960047451 3.18888675
Fe 0.8624173298190301 1.1577783091780036 1.06296225
Fe 5.297911717789233 6.860695650869446 1.06296225
Fe -0.5714567627892297 1.3257644708762248 3.18888675
Fe 3.8640376251809694 7.02868181256767 3.18888675
Fe 8.01903581739174 0.16798616169822123 1.06296225
Te 1.8471269551437306 2.4730149923376636 3.18888675
Te -1.2181303297323294 2.8361663633383007 1.06296225
Te -1.6611976701239373 7.823308750745036 1.06296225
Te 6.387652625123939 0.36315137100063805 3.18888675
Te 5.944585284732333 5.350293758407371 3.18888675
Te 2.87932799985627 5.713445129408008 1.06296225
