mp-33024.cif
H 3.9552809491073595 2.269259221774056 0.4804534979936289
H 3.2021061439289387 0.6806181871129093 1.3182371586192658
H 3.60623543388249 4.184250431673452 3.4445515920068823
H 2.1157369079117347 4.367199870486512 0.31974955249883286
H 0.6097981351005092 5.197725989481545 1.2543226864246497
H 0.7590974110861379 1.3404327512501717 5.4021418535728705
H 1.1703292273563908 0.8264963948363777 3.577042068222535
H 5.301810144237191 3.546627743935767 4.181466784508049
S 4.180358697863427 1.5595833900738774 1.6005580466904996
S 4.483968660452574 4.6030920401634825 4.372047539858331
S 1.464701417463007 4.181838456665956 1.48338448616102
S 1.7058476249308128 1.6443671588147937 4.496999284620515
