mp-30747.cif
Zn 1.7266597223477391 4.89517364976537 1.7266597223477391
Zn 0.37979649976537 2.788717427652261 2.788717427652261
Zn 2.788717427652261 2.788717427652261 0.37979649976537
Zn 2.788717427652261 6.242036872347739 8.650957800234629
Zn 0.9554346597408839 0.9554346597408839 0.9554346597408839
Zn 3.559942490259116 3.559942490259116 5.470811809740885
Zn 0.9554346597408839 8.075319640259115 8.075319640259115
Zn 8.075319640259115 0.9554346597408839 8.075319640259115
Zn 0.0 0.0 3.2209011524968454
Zn 5.809853147503156 0.0 0.0
Zn 3.2209011524968454 0.0 0.0
Zn 0.0 3.2209011524968454 0.0
Zn 0.0 5.809853147503156 0.0
Zn 0.0 0.0 5.809853147503156
Zn 2.788717427652261 0.37979649976537 2.788717427652261
Zn 6.242036872347739 8.650957800234629 2.788717427652261
Zn 2.788717427652261 8.650957800234629 6.242036872347739
Zn 6.242036872347739 2.788717427652261 8.650957800234629
Zn 1.7266597223477391 1.7266597223477391 4.89517364976537
Zn 4.89517364976537 1.7266597223477391 1.7266597223477391
Zn 8.650957800234629 2.788717427652261 6.242036872347739
Zn 8.650957800234629 6.242036872347739 2.788717427652261
Zn 6.242036872347739 0.37979649976537 6.242036872347739
Zn 4.89517364976537 7.304094577652261 7.304094577652261
Zn 7.304094577652261 7.304094577652261 4.89517364976537
Zn 7.304094577652261 1.7266597223477391 4.13558065023463
Zn 5.470811809740885 5.470811809740885 5.470811809740885
Zn 8.075319640259115 8.075319640259115 0.9554346597408839
Zn 5.470811809740885 3.559942490259116 3.559942490259116
Zn 3.559942490259116 5.470811809740885 3.559942490259116
Zn 4.51537715 4.51537715 7.736278302496845
Zn 1.2944759975031552 4.51537715 4.51537715
Zn 7.736278302496845 4.51537715 4.51537715
Zn 4.51537715 7.736278302496845 4.51537715
Zn 4.51537715 1.2944759975031552 4.51537715
Zn 4.51537715 4.51537715 1.2944759975031552
Zn 7.304094577652261 4.89517364976537 7.304094577652261
Zn 1.7266597223477391 4.13558065023463 7.304094577652261
Zn 7.304094577652261 4.13558065023463 1.7266597223477391
Zn 1.7266597223477391 7.304094577652261 4.13558065023463
Zn 6.242036872347739 6.242036872347739 0.37979649976537
Zn 0.37979649976537 6.242036872347739 6.242036872347739
Zn 4.13558065023463 7.304094577652261 1.7266597223477391
Zn 4.13558065023463 1.7266597223477391 7.304094577652261
Ir 1.563903856051419 7.466850443948581 1.563903856051419
Ir 7.466850443948581 1.563903856051419 1.563903856051419
Ir 1.563903856051419 1.563903856051419 7.466850443948581
Ir 2.9514732939485806 2.9514732939485806 2.9514732939485806
Ir 6.079281006051419 2.9514732939485806 6.079281006051419
Ir 2.9514732939485806 6.079281006051419 6.079281006051419
Ir 6.079281006051419 6.079281006051419 2.9514732939485806
Ir 7.466850443948581 7.466850443948581 7.466850443948581
