mp-31312.cif
Ga 0.07222134891732652 1.4510547489956984 4.838273157846868
Ga 0.3230234992588297 4.958045941004301 0.4778754339371181
Ga 4.669117625148855 2.4032372775731075 8.314935208987066
Ga 4.919919775490358 4.005863412426892 3.954537485077317
Ga 2.161545246440951 1.5851510809124303 6.684058990666479
Ga 2.412347396782454 4.8239496090875695 2.3236612667567287
Ga 3.726171197246515 1.618060146589401 1.912001873367405
Ga 3.4753690469050116 4.791040543410599 6.272399597277154
Ga 2.3395469165504323 2.821083660247203 4.209742755854352
Ga 2.088744766208929 3.5880170297527973 8.570140479764103
Ga 3.7060708316311066 0.38985848087093405 4.365675113274998
Ga 3.9568729819726096 6.019242209129065 0.00527738936524797
Ga 0.1288597148988547 3.6248589759771797 6.343619281421092
Ga 0.37966186524035794 2.7842417140228206 1.9832215575113399
Ga 5.548232715307764 6.208153912881189 2.5648639923229726
Ga 5.297430564966261 0.2009467771188115 6.925261716232723
Ga 1.2136787272372402 5.359277306958633 4.6648819423555965
Ga 1.4644808775787435 1.0498233830413664 0.3044842184458469
Rh 4.399022962838471 2.4302274746718564 5.8211122989172575
Rh 4.649825113179974 3.9788732153281434 1.4607145750075081
Rh 1.4611932322151526 0.7379218061402264 2.871688174603378
Rh 1.2103910818736494 5.671178883859773 7.232085898513128
