mp-31172.cif
Ca 0.0 0.0 0.0
Ca 3.981617349999999 3.981617349999999 0.0
Ca 1.351812364365143 5.333429793997488 2.1721783165467965
Ca 2.6298049060025104 1.351812364365143 2.1721783165467965
Ca 5.333429793997488 6.611422256002508 2.1721783165467965
Ca 1.351812364365143 2.6298049060025104 5.318405828453205
Ca 6.611422256002508 5.333429793997488 5.318405828453205
Ca 5.333429793997488 1.351812364365143 5.318405828453205
Ca 2.6298049060025104 6.611422256002508 5.318405828453205
Ca 6.611422256002508 2.6298049060025104 2.1721783165467965
Ca 3.981617349999999 3.981617349999999 7.490584145
Ca 0.0 0.0 7.490584145
Ca 5.333429793997488 1.3518124439974897 9.662762461546796
Ca 6.611422256002508 5.333429793997488 9.662762461546796
Ca 1.3518124439974897 2.6298049060025104 9.662762461546796
Ca 5.333429793997488 6.611422256002508 12.808989973453206
Ca 2.6298049060025104 1.3518124439974897 12.808989973453206
Ca 1.3518124439974897 5.333429793997488 12.808989973453206
Ca 6.611422256002508 2.6298049060025104 12.808989973453206
Ca 2.6298049060025104 6.611422256002508 9.662762461546796
Ag 0.0 0.0 3.7452920725
Ag 3.981617349999999 3.981617349999999 3.7452920725
Ag 2.988907134063703 6.970524484063702 0.0
Ag 0.9927102159362957 2.988907134063703 0.0
Ag 6.970524484063702 4.974327565936294 0.0
Ag 4.974327565936294 0.9927102159362957 0.0
Ag 3.981617349999999 3.981617349999999 11.2358762175
Ag 0.0 0.0 11.2358762175
Ag 6.970524484063702 2.988907134063703 7.490584145
Ag 4.974327565936294 6.970524484063702 7.490584145
Ag 2.988907134063703 0.9927102159362957 7.490584145
Ag 0.9927102159362957 4.974327565936294 7.490584145
