mp-31125.cif
Zr 2.479766 2.8766447050879997 5.784062939712
Zr 0.0 0.926891294912 2.277169060288
Zr 2.479766 6.6801807050879995 2.277169060288
Zr 0.0 4.730427294911999 5.784062939712
Zr 0.0 6.6801807050879995 13.845294939712005
Zr 2.479766 4.730427294911999 10.338401060288
Zr 0.0 2.8766447050879997 10.338401060288
Zr 2.479766 0.926891294912 13.845294939712005
Cr 3.7196490000000013 3.803536 3.0804547066240002
Cr 1.239883 0.0 4.980777293376
Cr 2.479766 1.9235964931040002 0.9901369428640001
Cr 0.0 1.8799395068959999 7.071095057136002
Cr 2.479766 5.7271324931039995 7.071095057136002
Cr 0.0 5.683475506896001 0.9901369428640001
Cr 3.7196490000000013 0.0 4.980777293376
Cr 1.239883 3.803536 3.0804547066240002
Cr 1.239883 0.0 11.141686706624
Cr 3.7196490000000013 3.803536 13.042009293376001
Cr 0.0 5.7271324931039995 9.051368942864
Cr 2.479766 5.683475506896001 15.132327057136001
Cr 0.0 1.9235964931040002 15.132327057136001
Cr 2.479766 1.8799395068959999 9.051368942864
Cr 1.239883 3.803536 13.042009293376001
Cr 3.7196490000000013 0.0 11.141686706624
Si 1.239883 0.0 0.0
Si 3.7196490000000013 0.0 0.0
Si 2.479766 1.591467926048 3.399937453248
Si 0.0 2.212068073952 4.661294546752
Si 2.479766 0.5528173328479999 7.0298054268320005
Si 0.0 3.250718667152 1.0314265731680001
Si 2.479766 4.356353332848 1.0314265731680001
Si 0.0 7.054254667152 7.0298054268320005
Si 0.0 6.015604073952 3.399937453248
Si 2.479766 5.395003926047999 4.661294546752
Si 3.7196490000000013 3.803536 8.061232
Si 1.239883 3.803536 8.061232
Si 0.0 5.395003926047999 11.461169453248
Si 2.479766 6.015604073952 12.722526546752
Si 0.0 4.356353332848 15.091037426832004
Si 2.479766 7.054254667152 9.092658573168
Si 0.0 0.5528173328479999 9.092658573168
Si 2.479766 3.250718667152 15.091037426832004
Si 2.479766 2.212068073952 11.461169453248
Si 0.0 1.591467926048 12.722526546752
