mp-3084.cif
Sc 4.459049269590493 2.5744332446392098 1.788383175
Sc -4.459049120072632e-08 5.14886656651142 0.0
Ni 1.4771171762018231 3.35376115324716 1.788383175
Ni -2.29316536698249 4.767198235569935 1.788383175
Ni 1.5368831952697575 0.7273045334100207 1.788383175
Ni 4.320471918766772 6.028667654692607 1.788383175
Ni 7.519792694734949 0.9673275458150012 1.788383175
Ni 2.5406449176755896 6.783991701953497 0.0
Ni -2.6863823422018585 6.531566923643763 0.0
Ni 0.1457375582977492 2.1310409194709954 0.0
Ni 6.693518655547572 2.872738826108071 0.0
Ni 3.083474364969232 4.360387706122226 0.0
Ni 3.600154788254675 0.49017320168733275 0.0
Ni 0.8160483245521477 7.325640156251164 1.788383175
P 0.0 0.0 0.0
P 2.3621832443349176 2.2780160872071744 0.0
P 2.105883917227233 5.45437814117008 1.788383175
P -1.3175227211229539 6.819859633072459 1.788383175
P -0.7883610623327977 3.1723617708257197 1.788383175
P 5.764187070671995 0.9067025771513972 0.0
P 5.250777493764566 4.538581069559059 0.0
