mp-30352.cif
Na 1.9781581399999995 5.93447442 5.93447442
Na 3.956316279999999 3.956316279999999 0.0
Na 1.9781581399999995 1.9781581399999995 1.9781581399999995
Na 3.956316279999999 0.0 3.956316279999999
Na 5.93447442 5.93447442 1.9781581399999995
Na 0.0 3.956316279999999 3.956316279999999
Na 5.93447442 1.9781581399999995 5.93447442
Na 0.0 0.0 0.0
Ag 2.96723721 0.9890790699999997 6.92355349
Ag 2.96723721 6.92355349 0.9890790699999997
Ag 0.9890790699999997 6.92355349 2.96723721
Ag 0.9890790699999997 4.94539535 0.9890790699999997
Ag 2.96723721 4.94539535 2.96723721
Ag 2.96723721 2.96723721 4.94539535
Ag 0.9890790699999997 2.96723721 6.92355349
Ag 0.9890790699999997 0.9890790699999997 4.94539535
Ag 6.92355349 0.9890790699999997 2.96723721
Ag 6.92355349 6.92355349 4.94539535
Ag 4.94539535 6.92355349 6.92355349
Ag 4.94539535 4.94539535 4.94539535
Ag 6.92355349 4.94539535 6.92355349
Ag 6.92355349 2.96723721 0.9890790699999997
Ag 4.94539535 2.96723721 2.96723721
Ag 4.94539535 0.9890790699999997 0.9890790699999997
