mp-3167.cif
Hg 2.88504542 2.88504542 0.0
Hg 2.88504542 0.0 2.86301385
Hg 0.0 0.0 5.7260277
Hg 0.0 2.88504542 8.589041550000001
Ge 0.0 2.88504542 2.86301385
Ge 2.88504542 0.0 8.589041550000001
Se 4.286454501737748 3.9990945149567705 4.354188732127296
Se 1.1140490949567703 4.368681758262252 1.371838967872704
Se 1.483636338262252 1.7709963250432295 4.354188732127296
Se 4.65604174504323 1.401409081737748 1.371838967872704
Se 1.401409081737748 1.1140490949567703 10.080216432127298
Se 3.9990945149567705 1.483636338262252 7.0978666678727045
Se 4.368681758262252 4.65604174504323 10.080216432127298
Se 1.7709963250432295 4.286454501737748 7.0978666678727045
