mp-30857.cif
Zn 1.388762725 2.626212787952738 12.335454944609353
Zn 1.388762725 4.354529362047263 16.443604025390652
Zn 1.388762725 6.116583862952738 2.054074540390652
Zn 1.388762725 0.8641582870472626 26.72498442960935
Zn 1.388762725 2.5278516179920634 8.169817391210755
Zn 1.388762725 4.452890532007936 20.609241578789256
Zn 1.388762725 6.018222692992064 6.2197120937892505
Zn 1.388762725 0.9625194570079364 22.55934687621075
Zn 1.388762725 2.2130161680040374 0.22510519461390485
Zn 1.388762725 4.767725981995961 28.553953775386105
Zn 1.388762725 5.703387243004037 14.164424290386096
Zn 1.388762725 1.277354906995962 14.614634679613907
Zn 1.388762725 0.9185780586260175 10.267286147878732
Zn 1.388762725 6.0621640913739805 18.511772822121277
Zn 1.388762725 1.7146033947928006 17.29131106490269
Zn 1.388762725 5.2661387552072 11.48774790509731
Zn 1.388762725 5.204974469792801 25.87727739009732
Zn 1.388762725 1.7757676802071996 2.9017815799026923
Zn 1.388762725 1.8819088872940486 20.12215514235023
Zn 1.388762725 5.098833262705949 8.65690382764977
Zn 1.388762725 5.372279962294048 23.04643331264978
Zn 1.388762725 1.6084621877059515 5.732625657350232
Zn 1.388762725 2.5717930163739817 24.65681563287873
Zn 1.388762725 4.408949133626018 4.122243337121272
Pt 0.0 0.2597871323860844 12.451171511659462
Pt 0.0 6.720955017613916 16.327887458340538
Pt 0.0 3.750158207386084 1.9383579733405387
Pt 0.0 3.2305839426139156 26.840700996659464
Pt 0.0 0.2849259715944 8.086424599823976
Pt 0.0 6.6958161784055985 20.69263437017603
Pt 0.0 3.7752970465944 6.3031048851760305
Pt 0.0 3.2054451034055997 22.47595408482397
Pt 0.0 6.950260529979759 4.151312489005689
Pt 0.0 0.030481620020239505 24.62774648099431
Pt 0.0 3.4598894549797605 10.23821699599431
Pt 0.0 3.5208526950202397 18.540841974005698
Pt 0.0 0.0 0.0
Pt 0.0 3.490371074999999 14.389529485
