mp-30380.cif
Ga 0.0 5.192889664171953 4.983869891722926
Ga 1.679987595 3.7499163958280475 1.5489230517229247
Ga 0.0 1.056992279419882 4.774582908794743
Ga 1.679987595 7.8858137805801185 1.3396360687947435
Ga 1.679987595 14.135695724171955 4.983869891722926
Ga 0.0 12.692722455828047 1.5489230517229247
Ga 1.679987595 9.999798339419883 4.774582908794743
Ga 0.0 16.828619840580117 1.3396360687947435
Au 1.679987595 7.392942292518854 5.651512814732802
Au 0.0 1.5498637674811466 2.216565974732803
Au 1.679987595 5.895495351909428 3.092850041966007
Au 0.0 3.047310708090573 6.527796881966006
Au 0.0 5.774206398447224 0.6556974831801579
Au 1.679987595 3.168599661552777 4.0906443231801575
Au 0.0 8.306991150170605 3.4297109505317875
Au 1.679987595 0.6358149098293951 6.864657790531789
Au 0.0 16.335748352518856 5.651512814732802
Au 1.679987595 10.492669827481148 2.216565974732803
Au 0.0 14.838301411909429 3.092850041966007
Au 1.679987595 11.990116768090573 6.527796881966006
Au 1.679987595 14.717012458447224 0.6556974831801579
Au 0.0 12.111405721552778 4.0906443231801575
Au 1.679987595 17.249797210170605 3.4297109505317875
Au 0.0 9.578620969829394 6.864657790531789
