mp-31220.cif
Al 3.4446578944465798 1.988774122849419 3.708631605
Al -3.4446577836552316e-08 3.9775483053620624 3.708631605
Si 0.0 0.0 2.567866981643126
Si 0.0 0.0 4.8493962283568735
Te -2.226811749937924 3.856951089783848 5.479515805734957
Te 1.2178461100620759 2.1093713384276334 5.479515805734957
Te 4.4536234998758495 0.0 5.479515805734957
Te 2.2268117499379256 3.856951089783848 1.9377474042650429
Te -1.2178461100620745 2.1093713384276334 1.9377474042650429
Te 2.4356922201241504 0.0 1.9377474042650429
