mp-31040.cif
Nb 0.0 1.5042043933460272 0.0
Nb 0.0 5.357904496653971 0.0
Nb 6.108781405 4.935258838346027 0.0
Nb 6.108781405 1.9268500516539728 0.0
Cl 7.46670801215931 0.0 0.9795158931222375
Cl -0.7719250070175577 0.0 5.336719386869043
Cl -0.9760479449002736 3.431054444999999 5.191934157254035
Cl 7.670830950042022 3.431054444999999 1.1243011227372466
Cl 8.04655345960568 5.185898463490698 4.439081420142508
Cl -1.3517704544639284 5.185898463490698 1.8771538598487727
Cl -1.3517704544639284 1.6762104265093 1.8771538598487727
Cl 8.04655345960568 1.6762104265093 4.439081420142508
Cl 1.3579266071593095 3.431054444999999 0.9795158931222375
Cl 5.336856397982441 3.431054444999999 5.336719386869043
Cl 5.132733460099729 0.0 5.191934157254035
Cl 1.5620495450420235 0.0 1.1243011227372466
Cl 1.9377720546056798 1.7548440184906997 4.439081420142508
Cl 4.757010950536071 1.7548440184906997 1.8771538598487727
Cl 4.757010950536071 5.107264940130389 1.8771538598487727
Cl 1.9377720546056798 5.107264940130389 4.439081420142508
