mp-33683.cif
Ag 2.869752 0.0 2.9424194999999997
Ag 2.869752 2.869752 0.0
Ag 0.0 2.869752 8.827258500000001
Ag 0.0 0.0 5.8848389999999995
Sb 0.0 0.0 0.0
Sb 0.0 2.869752 2.9424194999999997
Sb 2.869752 2.869752 5.8848389999999995
Sb 2.869752 0.0 8.827258500000001
Se 2.869752 2.869752 2.98261295037
Se 0.0 2.869752 5.84464554963
Se 0.0 2.869752 0.04019345037
Se 0.0 0.0 2.9022260496300003
Se 0.0 0.0 8.86745195037
Se 2.869752 0.0 11.72948454963
Se 2.869752 0.0 5.92503245037
Se 2.869752 2.869752 8.787065049630002
