mp-30644.cif
Hf 2.973835142857632 5.150833560763267 1.3625297025
Hf 5.947670285715262 0.0 4.0875891075
Hf -0.9733072521423691 1.6858176120858361 1.3625297025
Hf 0.97330725214237 1.6858176120858361 4.0875891075
Hf 1.9466145042847394 0.0 1.3625297025
Hf -2.9738351428576295 5.150833560763267 4.0875891075
Nb 3.9471424344714254 2.278883701494197 0.0
Nb 3.9471424344714254 2.278883701494197 2.725059405
Nb -3.947142294546477e-08 4.557767471354906 2.725059405
Nb -3.947142294546477e-08 4.557767471354906 0.0
Ga 4.772907398517043 0.0 1.3625297025
Ga 2.386453699258522 4.1334590570264576 4.0875891075
Ga -1.5606886957414778 2.7031921158226457 4.0875891075
Ga -2.386453699258521 4.1334590570264576 1.3625297025
Ga 1.5606886957414792 2.7031921158226457 1.3625297025
Ga 3.121377391482957 0.0 4.0875891075
