mp-31185.cif
Mn 0.0 2.8259317099999994 0.0
Mn 0.0 0.0 2.8259317099999994
Mn 2.8259317099999994 2.8259317099999994 2.8259317099999994
Mn 2.8259317099999994 0.0 0.0
Al 0.0 0.0 0.0
Al 0.0 2.8259317099999994 2.8259317099999994
Al 2.8259317099999994 0.0 2.8259317099999994
Al 2.8259317099999994 2.8259317099999994 0.0
Fe 4.238897565 4.238897565 1.4129658549999997
Fe 4.238897565 1.4129658549999997 1.4129658549999997
Fe 4.238897565 1.4129658549999997 4.238897565
Fe 4.238897565 4.238897565 4.238897565
Fe 1.4129658549999997 4.238897565 4.238897565
Fe 1.4129658549999997 1.4129658549999997 4.238897565
Fe 1.4129658549999997 1.4129658549999997 1.4129658549999997
Fe 1.4129658549999997 4.238897565 1.4129658549999997
