mp-3567.cif
Na -1.8815272419894416e-08 2.172600579827754 3.3852724910387817
Na 1.8815272850000009 3.2589008534471264 10.15581727
Na 1.8815273038152731 1.086300273619373 16.926362048961217
V 0.0 0.0 0.0
V 1.8815273038152731 1.086300273619373 6.770544778961217
V -1.8815272419894416e-08 2.172600579827754 13.541089761038782
Se 0.0 0.0 5.359974272693526
Se 1.8815273038152731 1.086300273619373 1.4105705062676923
Se 1.8815273038152731 1.086300273619373 12.130519051654744
Se -1.8815272419894416e-08 2.172600579827754 8.181115488345256
Se -1.8815272419894416e-08 2.172600579827754 18.901064033732307
Se 0.0 0.0 14.951660267306472
