mp-30661.cif
Sc 0.0 3.173410785 0.0
Sc 0.0 0.0 3.173410785
Sc 3.173410785 3.173410785 3.173410785
Sc 3.173410785 0.0 0.0
Ga 0.0 0.0 0.0
Ga 0.0 3.173410785 3.173410785
Ga 3.173410785 0.0 3.173410785
Ga 3.173410785 3.173410785 0.0
Pd 1.5867053925 1.5867053925 4.760116177500001
Pd 4.760116177500001 4.760116177500001 1.5867053925
Pd 1.5867053925 4.760116177500001 1.5867053925
Pd 4.760116177500001 1.5867053925 4.760116177500001
Pd 4.760116177500001 1.5867053925 1.5867053925
Pd 1.5867053925 4.760116177500001 4.760116177500001
Pd 4.760116177500001 4.760116177500001 4.760116177500001
Pd 1.5867053925 1.5867053925 1.5867053925
