mp-30533.cif
K 3.5437011304370114 2.0459567606662534 0.523533566760732
K 0.0 0.0 5.8914816490891155
K -3.543700992732424e-08 4.091913582711211 6.938548975061037
K 3.5437011304370114 2.0459567606662534 12.306496864938962
K 0.0 0.0 13.353564190910884
K -3.543700992732424e-08 4.091913582711211 18.721512273239266
Pt -3.543700992732424e-08 4.091913582711211 3.2075077041501525
Pt 3.5437010595629896 4.091913582711211 3.2075077041501525
Pt 1.7718505120629893 1.0229784110224784 3.2075077041501525
Pt 5.3155516070629885 1.0229784110224784 3.2075077041501525
Pt 0.0 0.0 9.62252292
Pt 3.543701095 0.0 9.62252292
Pt -1.771850547499999 3.0689351716887323 9.62252292
Pt 1.7718505475000008 3.0689351716887323 9.62252292
Pt 3.5437011304370114 2.0459567606662534 16.037538135849847
Pt 3.5437011481636475e-08 2.0459567606662534 16.037538135849847
Pt 1.771850582937013 5.114891932354986 16.037538135849847
Pt -1.7718505120629875 5.114891932354986 16.037538135849847
S 1.8127193789254277 3.0453395408637967 4.383710827312142
S 3.543701095 0.04719126164987137 4.383710827312142
S 5.274682811074574 3.0453395408637967 4.383710827312142
S 1.8127194143624399 5.138487563179922 2.0313043885377047
S -1.8127193434884143 5.138487563179922 2.0313043885377047
S 3.5437011213013713e-08 1.9987654990163828 2.0313043885377047
S -1.7309816806375604 5.091296301530051 10.79872604316199
S 3.543701157887399e-08 2.093148022316125 10.79872604316199
S 1.7309817515115857 5.091296301530051 10.79872604316199
S 1.8127193434884163 1.0465740418474145 8.44631979683801
S 5.2746827756375625 1.0465740418474145 8.44631979683801
S 3.54370105956299 4.044722321061339 8.44631979683801
S 5.356420438488415 0.9993827801975429 17.213741451462294
S 3.5437010595629896 4.139104844361082 17.213741451462294
S 1.7309816806375624 0.9993827801975429 17.213741451462294
S -1.730981716074572 3.092530802513668 14.861335012687858
S 1.730981716074574 3.092530802513668 14.861335012687858
S 1.7044490019182747e-15 6.090679081727593 14.861335012687858
