mp-4276.cif
Na 0.2577213191648736 0.0 0.0
Na 5.60342843376053 3.527021964999999 0.0
Na 3.1120662891648734 3.527021964999999 4.883290095
Na 2.7490834637605297 0.0 4.883290095
Si 2.438161949654406 3.527021964999999 7.909859927374384
Si 0.347976905941161 3.527021964999999 3.3586855170409953
Si 2.438161949654406 3.527021964999999 1.856720262625617
Si 0.347976905941161 3.527021964999999 6.407894672959007
Si 5.2925069196544055 0.0 3.0265698323743844
Si 3.2023218759411614 0.0 8.241975612040996
Si 5.2925069196544055 0.0 6.740010357625617
Si 3.2023218759411614 0.0 1.5246045779590058
Pd 4.304234558660337 2.1111344789917177 2.436136110278029
Pd 4.304234558660337 4.94290945100828 2.436136110278029
Pd 4.304234558660337 4.94290945100828 7.330444079721973
Pd 2.8436936392230487 1.9957465445979565 0.0
Pd 2.8436936392230487 5.058297385402043 0.0
Pd 4.304234558660337 2.1111344789917177 7.330444079721973
Pd 1.4498895886603371 5.638156443991718 7.319426205278029
Pd 1.4498895886603371 1.4158874860082817 7.319426205278029
Pd 1.4498895886603371 1.4158874860082817 2.447153984721971
Pd 5.698038609223049 5.522768509597957 4.883290095
Pd 5.698038609223049 1.5312754204020431 4.883290095
Pd 1.4498895886603371 5.638156443991718 2.447153984721971
