mp-4809.cif
Ga 2.791094805 0.0 2.5733472125
Ga 2.791094805 2.791094805 0.0
Ga 0.0 2.791094805 7.7200416375
Ga 0.0 0.0 5.146694425
Hg 0.0 0.0 0.0
Hg 2.791094805 2.791094805 5.146694425
S 1.5255670372114707 4.076331609644557 1.406342074606776
S 1.2852368046445564 1.2655277677885295 3.7403522474593354
S 4.296952805355444 4.316661842211471 3.7403522474593354
S 4.0566225727885294 1.5058580003554438 1.406342074606776
S 4.316661842211471 1.2852368046445564 6.553036602540664
S 4.076331609644557 4.0566225727885294 8.887046672459336
S 1.5058580003554438 1.5255670372114707 8.887046672459336
S 1.2655277677885295 4.296952805355444 6.553036602540664
