mp-4899.cif
Ga 0.0 3.172299335 9.1337374875
Ga 3.172299335 3.172299335 0.0
Ga 3.172299335 0.0 3.0445791625
Ga 0.0 0.0 6.089158325
Ag 3.172299335 0.0 9.1337374875
Ag 0.0 0.0 0.0
Ag 0.0 3.172299335 3.0445791625
Ag 3.172299335 3.172299335 6.089158325
Te 4.876787568649026 4.7584490025 7.61144790625
Te 1.5861496675 4.640110436350974 10.65602706875
Te 4.7584490025 1.7044882336490264 10.65602706875
Te 1.4678111013509738 1.5861496675 7.61144790625
Te 1.7044882336490264 1.5861496675 1.52228958125
Te 4.7584490025 1.4678111013509738 4.56686874375
Te 1.5861496675 4.876787568649026 4.56686874375
Te 4.640110436350974 4.7584490025 1.52228958125
