mp-541997.cif
K -1.6359502653749518 10.50203351800407 3.4868087052886083
K 2.7018575683823696 11.92391179216682 3.2847181418716813
K -0.3465775996811432 4.852837189682538 4.386032213286996
K 1.983197191534642 8.116114690317461 3.977023428953103
K 2.8614178493921063 1.6316387503174623 0.20450439216694627
K 2.142757472544378 5.439435852166818 0.8968096792483677
K -1.2247982575386094 11.337313129682538 8.158551250073154
K -1.0652379765288715 1.045040087833182 5.078337500368418
K -4.8439457144482025 8.951394301995931 7.668336526408659
K -0.5061378806908807 7.529516027833182 7.466245962991732
K 3.2725698572284503 2.4669183619959303 4.876246936951491
K 6.480565306301701 4.01755757800407 0.6947191158314415
Fe 5.372917397179149 7.257070122766488 2.8288244786268195
Fe -0.5283023562524005 0.7725941827664881 1.35270334249323
Fe -3.7362978053256506 5.711881757233512 5.534231163613281
Fe 2.164921948105899 12.196357697233513 7.010352299746869
Se 4.413966937799343 5.026237782656965 3.156049101963004
Se -0.48315171411721897 7.123026018993741 1.9780323457887647
Se 0.8143723765859113 2.263371570065962 2.631291195121019
Se -2.777347345945844 7.9427140973430355 5.207006540277096
Se 0.4306481031274063 11.510713722656966 1.0254787191570454
Se 0.8222472152675869 10.705580309934039 5.731764447119081
Se 2.1197713059707177 5.845925861006259 6.385023296451336
Se 4.030242664340837 8.747847510065963 1.5502366259990308
Se 1.2059714887260922 1.4582381573430347 7.337576923083055
Se 5.327766755043969 0.6385500789937405 2.203495475331285
Se -3.691147163190469 12.33040180100626 6.159560166908815
Se -2.393623072487338 4.2211043699340385 6.812819016241069
