mp-510696.cif
Cs 0.0 0.0 24.138951787704396
Cs 0.0 0.0 20.33950039940367
Cs -3.4655389806061484e-08 4.001659809497111 29.152551799580436
Cs -3.4655389806061484e-08 4.001659809497111 25.353100411279712
Cs 3.465539069655389 2.0008298747361075 4.342130848720295
Cs 3.465539069655389 2.0008298747361075 0.5426794604195625
Cs 0.0 0.0 9.355730860596333
Cs 0.0 0.0 5.5562794722956035
Cs -3.4655389806061484e-08 4.001659809497111 14.240541466688502
Cs -3.4655389806061484e-08 4.001659809497111 10.44109007838777
Cs 3.465539069655389 2.0008298747361075 19.25414118161223
Cs 3.465539069655389 2.0008298747361075 15.454689793311498
Sn 3.465539069655389 2.0008298747361075 23.248047337534388
Sn 3.465539069655389 2.0008298747361075 26.244004564497413
Sn -3.4655389806061484e-08 4.001659809497111 3.4512266955025908
Sn -3.4655389806061484e-08 4.001659809497111 6.4471839224656184
Sn 0.0 0.0 13.349637016518486
Sn 0.0 0.0 16.345594243481514
Au 3.465539035000001 4.379284178743915 27.421152039065827
Au -1.4057372379718867 3.1900570567524595 22.070900159918285
Au 1.405737203316497 0.8116027527446514 27.421152039065827
Au 1.4057371686611073 3.1900570567524595 22.070900159918285
Au 5.525340866683503 0.8116027527446514 27.421152039065827
Au 0.0 0.0 0.0
Au -3.465538984532474e-08 5.6248653149864145 22.070900159918285
Au 3.46553906965539 0.37762436924680437 7.624331100081714
Au 2.0598018316835036 5.190886931488567 2.274079220934181
Au 4.871276272971887 2.8124326274807583 7.624331100081714
Au -2.059801831683502 5.190886931488567 2.274079220934181
Au 2.0598018663388937 2.8124326274807583 7.624331100081714
Au 3.465539069655389 2.0008298747361075 9.898410321015895
Au 3.4548886149873827e-16 1.6232055054893029 2.274079220934181
Au -3.4655390092213254e-08 2.3784543040078088 17.52274171804993
Au 2.059801866338893 1.1892271219914559 12.172489541950082
Au 1.4057371686611075 4.813262562241763 17.52274171804993
Au 4.871276272971888 1.1892271219914559 12.172489541950082
Au -1.4057372379718869 4.813262562241763 17.52274171804993
Au -3.4655389806061484e-08 4.001659809497111 19.796820938984105
Au 3.465539069655391 3.62403538022541 12.172489541950082
