mp-567653.cif
Ti 3.3698122541304953 3.6367431732722446 3.0868691469847986
Ti 4.115715956971851 1.5149142439797394 0.25481226626505377
Ti -3.3698121983272737 9.250457979635705 3.5964937296401276
Ti -0.7459037586445714 8.565429554073484 1.9256530230152014
Ti 0.7459036470381393 4.321771695488474 4.757709903734947
Ti 1.464605903831368 1.706886020083746 1.4160284403598724
Ti -2.210509662475939 6.8585435339897405 4.757709903734947
Ti -1.4646059596345833 4.736714604697234 1.9256530230152014
Ti 7.790831467475941 2.806857354854726 0.25481226626505377
Ti -0.7459037028413553 2.1218289292925054 3.5964937296401276
Ti 6.326225507841357 7.54357195955196 1.4160284403598724
Ti 7.044927764634585 4.928686284147233 3.0868691469847986
Ti 8.950134003327278 0.4149429092087595 1.4160284403598724
Ti 4.115715901168637 7.9585148687607195 3.5964937296401276
Ti 2.210509550869507 6.02865771557222 1.9256530230152014
Ti 4.8344181579618635 5.3436291933559925 0.25481226626505377
Ti 6.326225563644574 1.0999713347709799 3.0868691469847986
Ti 1.464605848028152 8.150486644864724 4.757709903734947
Ni -0.8901635593929647 9.003357076557943 4.37662769273764
Ni 0.8901636151961873 3.883844076350007 2.306735183887287
Ni 3.808589442054908 1.171017733890511 2.7057869861127135
Ni -2.9184258826619383 9.156426967240476 1.0349462794877873
Ni 1.7717324187483119 2.0507825301729743 3.977575890512213
Ni 0.0 0.0 0.0
Ni 2.918425771055505 3.730774282321484 0.6358944772623606
Ni 0.0 0.0 2.5062610849999998
Ni -0.890163670999403 2.5597565484309728 1.0349462794877873
Ni 6.470485475999406 7.105644340413493 3.977575890512213
Ni -1.771732307141873 4.392817997953997 4.37662769273764
Ni 8.24221778314128 2.7128263424594956 2.7057869861127135
Ni 7.352054112141875 5.272582890890468 0.6358944772623606
Ni 5.580321860803219 3.2218002640634857 1.6708407066249262
Ni -2.661895978141275 6.952574546384969 2.306735183887287
Ni 5.580321860803219 3.2218002640634857 4.177101791624926
Ni 4.690158189803817 5.7815568124944585 2.7057869861127135
Ni 6.4704853643929665 0.6620438122865215 0.6358944772623606
Ni 3.8085893862516933 7.61461835867149 1.0349462794877873
Ni 2.6618960339444966 5.934626606522981 4.37662769273764
Ni 1.7717323629450954 8.494383154953955 2.306735183887287
Ni -5.5803216660791984e-08 6.44360062478098 3.341681463375074
Ni 8.49874768766194 0.5089739216039895 3.977575890512213
Ni -5.5803216660791984e-08 6.44360062478098 0.8354203783750738
