mp-568848.cif
Ga 1.8027155274999995 1.7439729165496856 0.0
Ga 5.408146582499998 6.532544101549686 4.791616739999999
Ga 1.1367942143570273 7.1828567775000005 7.18742511
Ga 6.074067895642973 2.3942855925 2.3958083699999997
Ga 5.408146582499998 7.833169453450315 0.0
Ga 2.4686368406429726 7.1828567775000005 2.3958083699999997
Ga 1.8027155274999995 3.0445982684503146 4.791616739999999
Ga 4.742225269357028 2.3942855925 7.18742511
Cl 4.8323073248093085 5.307394867867094 3.0684897401047238
Cl 3.6509739947833073 7.775540627353043 5.1884138763711185
Cl 2.3785547851906923 4.269747502132906 6.514743739895277
Cl 4.8323073248093085 9.058318687132907 1.7231269998952758
Cl 7.165319170216691 6.590172927646958 0.396797136371118
Cl 2.3785547851906923 0.5188236828670945 7.860106480104722
Cl 1.226876269809308 4.269747502132906 3.0684897401047238
Cl 0.04554293978330679 1.8016017426469575 5.1884138763711185
Cl 5.983985840190692 5.307394867867094 6.514743739895277
Cl 7.165319170216691 7.775540627353043 4.394819603628882
Cl 3.6509739947833073 6.590172927646958 9.18643634362888
Cl 1.226876269809308 0.5188236828670945 1.7231269998952758
Cl 5.983985840190692 9.058318687132907 7.860106480104722
Cl 0.04554293978330679 2.986969442353043 9.18643634362888
Cl 3.5598881152166926 1.8016017426469575 4.394819603628882
Cl 3.5598881152166926 2.986969442353043 0.396797136371118
