mp-5749.cif
Cr 2.576349449845279 0.0 1.3344429436102119
Cr 0.8040125510374686 1.846435 4.241022054635862
Cr 9.073966449845278 1.846435 1.3344429436102119
Cr 7.301629551037467 0.0 4.241022054635862
Fe 0.0 0.0 0.0
Fe 6.497617 1.846435 0.0
Se 0.772925524170608 1.846435 1.646011078642199
Se 2.6074364767121394 0.0 3.929453919603875
Se -0.881037573041436 0.0 4.412155377292028
Se 4.261399573924183 1.846435 1.163309620954047
Se 7.27054252417061 0.0 1.646011078642199
Se 9.105053476712138 1.846435 3.929453919603875
Se 5.616579426958563 1.846435 4.412155377292028
Se 10.759016573924182 0.0 1.163309620954047
