mp-582549.cif
In 4.470960623004653 6.5475451188139004 9.680641667718849
In 0.1336593381209137 0.06005329184964398 11.958686968842729
In 2.2333410901897546 1.9628962473827374 2.6844714511507113
In 2.230743373613879 8.446898559702534 4.9547493677176595
Te 2.364677317030287 3.307244072747415 10.78604171000043
Te 2.230772092513089 1.6919121133079231 5.5643524177806345
Te 4.4475940575423065 5.19524758826038 3.77730812012561
Te 2.1858793677292216 5.840508238891913 5.83107164687882
Te 2.187494134154446 4.547429819363901 1.7391292783463754
Te 2.2936160258701115 8.29255233472584 9.07554338381731
Te 4.401056965613865 0.22029152910519073 2.073716690764964
Te 4.428550218855186 2.6618516861085144 12.84585655329981
Te 4.431718165248177 3.9578056320391233 8.747619037657365
Te 4.475607470925298 6.812399574209512 12.560638310148171
