mp-510484.cif
Ca 0.0 0.0 5.839415625
Ca 0.0 0.0 1.946471875
Ca 3.824540324999999 3.824540324999999 1.946471875
Ca 3.824540324999999 3.824540324999999 5.839415625
Ni 6.58045291084545 4.893168064154547 2.607455495042375
Ni 2.755912585845451 6.58045291084545 2.607455495042375
Ni 4.893168064154547 1.068627739154548 2.607455495042375
Ni 1.068627739154548 4.893168064154547 1.285488254957625
Ni 6.58045291084545 2.755912585845451 1.285488254957625
Ni 1.068627739154548 2.755912585845451 2.607455495042375
Ni 2.755912585845451 1.068627739154548 1.285488254957625
Ni 4.893168064154547 6.58045291084545 1.285488254957625
Ni 2.755912585845451 1.068627739154548 6.500399245042375
Ni 6.58045291084545 2.755912585845451 6.500399245042375
Ni 1.068627739154548 4.893168064154547 6.500399245042375
Ni 4.893168064154547 1.068627739154548 5.178432004957625
Ni 2.755912585845451 6.58045291084545 5.178432004957625
Ni 4.893168064154547 6.58045291084545 6.500399245042375
Ni 6.58045291084545 4.893168064154547 5.178432004957625
Ni 1.068627739154548 2.755912585845451 5.178432004957625
Sn 2.6138565371918787 1.2106837878081205 3.89294375
Sn 6.43839686219188 2.6138565371918787 3.89294375
Sn 5.035224112808119 1.2106837878081205 0.0
Sn 1.2106837878081205 2.6138565371918787 0.0
Sn 6.43839686219188 5.035224112808119 0.0
Sn 2.6138565371918787 6.43839686219188 0.0
Sn 1.2106837878081205 5.035224112808119 3.89294375
Sn 5.035224112808119 6.43839686219188 3.89294375
