mp-542537.cif
Sr 0.0 0.6483109666721014 6.0456465825
Sr 2.191224035 4.823456328327898 2.0152155275
Sr 2.191224035 6.120078261672101 6.0456465825
Sr 0.0 10.2952236233279 2.0152155275
In 0.0 3.7507155840957274 7.627210540721772
In 2.191224035 1.7210517109042727 0.43365156927822884
In 2.191224035 1.7210517109042727 3.5967794857217714
In 0.0 3.7507155840957274 4.4640826242782286
In 2.191224035 9.222482879095727 7.627210540721772
In 0.0 7.1928190059042745 0.43365156927822884
In 0.0 7.1928190059042745 3.5967794857217714
In 2.191224035 9.222482879095727 4.4640826242782286
Rh 2.191224035 3.1003140740108988 6.0456465825
Rh 0.0 2.371453220989102 2.0152155275
Rh 0.0 8.572081369010899 6.0456465825
Rh 2.191224035 7.843220515989102 2.0152155275
