mp-505164.cif
Nb 0.0 0.68933649529667 0.07072705638625618
Nb 1.903919455 11.99033625470333 7.028736861386256
Nb 0.0 3.40505663240583 6.828794970634679
Nb 1.903919455 9.27461611759417 13.786804775634678
Te 0.0 0.8273301346152849 5.481434958338986
Te 1.903919455 11.852342615384714 12.439444763338987
Te 0.0 2.4704548179680876 12.013047207153488
Te 1.903919455 10.209217932031912 5.055037402153487
Te 0.0 4.40940996062496 1.276676791371207
Te 1.903919455 8.27026278937504 8.234686596371205
Te 0.0 5.224794195152287 8.765700195698216
Te 1.903919455 7.454878554847712 1.8076903906982156
Te 0.0 7.151638601975452 5.579560013293607
Te 1.903919455 5.528034148024547 12.537569818293607
Te 0.0 8.561285497162492 11.89186247274392
Te 1.903919455 4.118387252837507 4.93385266774392
Te 0.0 10.781360269595613 1.4412050562590606
Te 1.903919455 1.8983124804043874 8.39921486125906
Te 0.0 11.289544689450855 8.923191686110076
Te 1.903919455 1.390128060549145 1.9651818811100763
Ir 0.0 6.780421021539531 13.908769642103582
Ir 1.903919455 5.899251728460469 6.950759837103582
Ir 0.0 9.527801540725076 6.8726041311291155
Ir 1.903919455 3.1518712092749253 13.830613936129115
