mp-5372.cif
Rb 2.2047162487675434 1.6449285974685726 3.7641513621135174
Rb 3.182128292922514 9.792630552531428 1.2547171207045058
Rb -1.4661180662324587 7.363708172468573 3.7641513621135174
Rb -0.4887060220774862 4.0738509775314276 1.2547171207045058
Fe 3.182128292922514 5.672117650560153 1.2547171207045058
Fe 2.2047162487675434 5.765441499439846 3.7641513621135174
Fe -0.4887060220774862 11.390897225560154 1.2547171207045058
Fe -1.4661180662324587 0.04666192443984651 3.7641513621135174
S 5.166528373811677 1.167801324352228 2.0084864736090293
S 1.1977282120333521 1.167801324352228 0.5009477677999823
S 4.189116329656704 10.269757825647773 4.5179207150180405
S 0.22031616787837957 10.269757825647773 3.010382009208994
S 1.4956940588116767 6.886580899352228 2.0084864736090293
S 4.868562527033351 6.886580899352228 0.5009477677999823
S 0.5182820146567043 4.550978250647772 4.5179207150180405
S 3.8911504828783787 4.550978250647772 3.010382009208994
