mp-569837.cif
Ti 6.088281833406 7.579315747769999 2.625142
Ti 2.29087374777 9.777044166593999 0.0
Ti 8.28601025223 0.7998398334060001 0.0
Ti 6.088281833406 2.99756825223 0.0
Ti 0.0 0.0 3.9377129999999996
Ti 8.28601025223 9.777044166593999 2.625142
Ti 4.488602166594 2.99756825223 2.625142
Ti 0.0 0.0 1.312571
Ti 2.29087374777 0.7998398334060001 2.625142
Ti 4.488602166594 7.579315747769999 0.0
Ti 5.288442 0.0 1.312571
Ti 5.288442 0.0 3.9377129999999996
Ti 0.7998398334060001 2.29087374777 0.0
Ti 7.579315747769999 4.488602166594 2.625142
Ti 2.99756825223 6.088281833406 2.625142
Ti 0.7998398334060001 8.28601025223 2.625142
Ti 5.288442 5.288442 1.312571
Ti 2.99756825223 4.488602166594 0.0
Ti 9.777044166593999 8.28601025223 0.0
Ti 5.288442 5.288442 3.9377129999999996
Ti 7.579315747769999 6.088281833406 0.0
Ti 9.777044166593999 2.29087374777 2.625142
Ti 0.0 5.288442 3.9377129999999996
Ti 0.0 5.288442 1.312571
Sb 3.5669060526239997 1.721535947376 0.0
Sb 3.5669060526239997 8.855348052623999 2.625142
Sb 7.009977947376 8.855348052623999 0.0
Sb 7.009977947376 1.721535947376 2.625142
Sb 8.855348052623999 7.009977947376 2.625142
Sb 8.855348052623999 3.5669060526239997 0.0
Sb 1.721535947376 3.5669060526239997 2.625142
Sb 1.721535947376 7.009977947376 0.0
