mp-572596.cif
Tl 14.307705776203443 0.0 2.1993546286637122
Tl -0.5097045170308123 0.0 8.827258182914901
Tl 4.039918816203441 1.9305938599999997 2.1993546286637122
Tl 9.758082442969188 1.9305938599999997 8.827258182914901
In 0.6367536927068566 1.9305938599999997 4.428410321064436
In 18.260262314967882 1.9305938599999997 2.1457722371655112
In -4.462261055795252 1.9305938599999997 8.880840574413103
In 13.161247566465772 1.9305938599999997 6.598202490514178
In -3.3687863304136854 0.0 5.513306405789307
In 0.0 0.0 0.0
In 10.904540652706858 0.0 4.428410321064436
In 7.992475354967882 0.0 2.1457722371655112
In 5.805525904204748 0.0 8.880840574413103
In 2.8934606064657737 0.0 6.598202490514178
In 6.899000629586315 1.9305938599999997 5.513306405789307
In 10.26778696 1.9305938599999997 0.0
S 13.538666473355862 1.9305938599999997 9.30249879965851
S 14.932508857496485 0.0 6.737267815705117
S 12.680341634351857 1.9305938599999997 4.088247144722333
S 16.41591437438662 1.9305938599999997 3.7991699347378876
S 1.1176596248207735 1.9305938599999997 6.938365666856282
S -2.6179131152139874 1.9305938599999997 7.227442876840727
S -1.1345075983238546 0.0 4.289344995873497
S -4.064228413154605 0.0 10.470810107641691
S 0.25933478581676733 1.9305938599999997 1.7241140119201046
S 17.862229672327235 0.0 0.5558027039369227
S 3.2708795133558617 0.0 9.30249879965851
S 4.664721897496484 1.9305938599999997 6.737267815705117
S 2.412554674351856 0.0 4.088247144722333
S 6.148127414386618 0.0 3.7991699347378876
S 11.385446584820773 0.0 6.938365666856282
S 7.649873844786012 0.0 7.227442876840727
S 9.133279361676143 1.9305938599999997 4.289344995873497
S 6.203558546845395 1.9305938599999997 10.470810107641691
S 10.527121745816762 0.0 1.7241140119201046
S 7.594442712327235 1.9305938599999997 0.5558027039369227
