mp-571505.cif
Rb 3.45782827 3.45782827 1.749606407974053
Rb 0.0 0.0 6.2174537620259445
Rb 3.45782827 0.0 3.983530084999999
Rb 0.0 3.45782827 3.983530084999999
Rb 0.0 0.0 9.716666577974053
Rb 3.45782827 3.45782827 14.184513932025943
Rb 0.0 3.45782827 11.950590254999996
Rb 3.45782827 0.0 11.950590254999996
In 0.0 4.872463021489184 0.0
In 3.45782827 3.45782827 5.62412926363367
In 0.0 0.0 2.3429309063663273
In 4.872463021489184 0.0 0.0
In 0.0 2.043193518510815 0.0
In 2.043193518510815 0.0 0.0
In 3.45782827 1.4146347514891853 7.967060169999998
In 0.0 0.0 13.59118943363367
In 3.45782827 3.45782827 10.309991076366327
In 1.4146347514891853 3.45782827 7.967060169999998
In 3.45782827 5.501021788510815 7.967060169999998
In 5.501021788510815 3.45782827 7.967060169999998
