mp-568671.cif
V 7.255580916751175 0.6961562185025979 2.34963712
V 4.679003145 0.0 1.17481856
V 2.102425373248826 0.6961562185025979 0.0
V 7.255580916751175 8.661850071497403 0.0
V 4.679003145 0.0 3.52445568
V 5.375159363502598 6.781428518248826 0.0
V 2.102425373248826 8.661850071497403 2.34963712
V 5.375159363502598 2.5765777717511744 2.34963712
V 3.9828469264974022 2.5765777717511744 0.0
V 3.9828469264974022 6.781428518248826 2.34963712
V 2.5765777717511744 5.375159363502598 0.0
V 0.0 4.679003145 3.52445568
V 6.781428518248826 5.375159363502598 2.34963712
V 2.5765777717511744 3.9828469264974022 2.34963712
V 0.0 4.679003145 1.17481856
V 0.6961562185025979 2.102425373248826 2.34963712
V 6.781428518248826 3.9828469264974022 0.0
V 0.6961562185025979 7.255580916751175 0.0
V 8.661850071497403 7.255580916751175 2.34963712
V 8.661850071497403 2.102425373248826 0.0
Si 6.233140215895902 1.5541370708959017 0.0
Si 0.0 0.0 1.17481856
Si 3.124866074104099 1.5541370708959017 2.34963712
Si 3.124866074104099 7.803869219104098 0.0
Si 0.0 0.0 3.52445568
Si 6.233140215895902 7.803869219104098 2.34963712
Si 1.5541370708959017 6.233140215895902 2.34963712
Si 4.679003145 4.679003145 3.52445568
Si 7.803869219104098 6.233140215895902 0.0
Si 7.803869219104098 3.124866074104099 2.34963712
Si 4.679003145 4.679003145 1.17481856
Si 1.5541370708959017 3.124866074104099 0.0
