mp-542106.cif
Sb 1.7275788 16.54752191233072 5.585925181550346
Sb 0.0 9.786625882669279 2.102944346550346
Sb 0.0 13.962522287990843 1.905950990780514
Sb 1.7275788 12.371625507009156 5.388931825780514
Sb 0.0 7.769472647330721 5.585925181550346
Sb 1.7275788 1.0085766176692788 2.102944346550346
Sb 1.7275788 5.184473022990844 1.905950990780514
Sb 0.0 3.593576242009157 5.388931825780514
Pd 1.7275788 9.451082491660857 6.9388037538756375
Pd 0.0 16.88306530333914 3.4558229188756386
Pd 0.0 14.479414734423614 6.225430416491527
Pd 1.7275788 11.854733060576383 2.7424495814915266
Pd 0.0 11.767448527709854 0.329937898326381
Pd 1.7275788 14.566699267290142 3.812918733326381
Pd 1.7275788 16.040876960609907 1.2054158510945956
Pd 0.0 10.293270834390093 4.688396686094595
Pd 0.0 0.6730332266608595 6.9388037538756375
Pd 1.7275788 8.10501603833914 3.4558229188756386
Pd 1.7275788 5.701365469423618 6.225430416491527
Pd 0.0 3.0766837955763817 2.7424495814915266
Pd 1.7275788 2.989399262709854 0.329937898326381
Pd 0.0 5.7886500022901455 3.812918733326381
Pd 0.0 7.262827695609907 1.2054158510945956
Pd 1.7275788 1.5152215693900926 4.688396686094595
