mp-555569.cif
Cr 0.0 0.0 5.441554658042738
Cr -3.008052344130533e-08 3.473399771987512 2.817143583009538
Cr 0.0 0.0 0.0
Cr 3.0080524550805245 1.7366998599432577 0.192732338947726
Cr 3.0080524550805245 1.7366998599432577 11.075841655033203
Cr 0.0 0.0 8.45143058
Cr 3.0080524550805245 1.7366998599432577 5.634286996990465
Cr -3.008052344130533e-08 3.473399771987512 5.8270195049668
Cr -3.008052344130533e-08 3.473399771987512 16.710128821052276
Cr 3.0080524550805245 1.7366998599432577 14.085717576990467
Cr -3.008052344130533e-08 3.473399771987512 11.268574163009538
Cr 0.0 0.0 11.461306501957264
S -0.9973590967539436 5.093979901091087 1.3172301665393271
S -1.9021430940086703 3.4199514960043826 4.317056830451138
S 1.9021431240891968 3.526847995869644 1.3172301665393271
S 0.9973591268344697 1.8528195907829403 4.317056830451138
S 0.9047840574157767 5.147428124973219 4.317056830451138
S -0.9047840273352505 1.7993713669008082 1.3172301665393271
S 5.01874578332658 1.6205801291035749 6.951517163529792
S 1.1059092708302813 5.156651408048637 9.951343996470214
S 1.9021431541697198 0.05344822388213235 6.951517163529792
S -2.0106933583265785 3.5895195028271947 9.951343996470214
S 0.9047839972547271 1.6740284050867036 9.951343996470214
S 2.1032684277452742 3.5360712268440655 6.951517163529792
S 2.0106932981655317 3.357280041147829 12.58580432954887
S 1.1059093009108045 1.6832516360611256 15.585630993460672
S 4.9101955190086715 1.7901481359263864 12.58580432954887
S 4.0054115217539445 0.11611973083968281 15.585630993460672
S 3.9128364523352515 3.4107282650299617 15.585630993460672
S 2.1032683675842243 0.06267150695755044 12.58580432954887
