mp-568920.cif
Ca 0.0 0.0 0.0
Ca 0.0 3.89984165 3.89984165
Ca 3.89984165 0.0 3.89984165
Ca 3.89984165 3.89984165 0.0
Au 0.9732577416356102 0.9732577416356102 2.92658390836439
Au 2.92658390836439 0.9732577416356102 0.9732577416356102
Au 1.949920825 5.849762475 1.949920825
Au 2.92658390836439 6.82642555836439 6.82642555836439
Au 0.9732577416356102 6.82642555836439 4.873099391635612
Au 0.9732577416356102 4.873099391635612 6.82642555836439
Au 2.92658390836439 4.873099391635612 4.873099391635612
Au 1.949920825 1.949920825 5.849762475
Au 2.92658390836439 2.92658390836439 2.92658390836439
Au 0.9732577416356102 2.92658390836439 0.9732577416356102
Au 4.873099391635612 0.9732577416356102 6.82642555836439
Au 6.82642555836439 0.9732577416356102 4.873099391635612
Au 5.849762475 5.849762475 5.849762475
Au 6.82642555836439 6.82642555836439 2.92658390836439
Au 4.873099391635612 6.82642555836439 0.9732577416356102
Au 4.873099391635612 4.873099391635612 2.92658390836439
Au 6.82642555836439 4.873099391635612 0.9732577416356102
Au 5.849762475 1.949920825 1.949920825
Au 6.82642555836439 2.92658390836439 6.82642555836439
Au 4.873099391635612 2.92658390836439 4.873099391635612
