mp-567716.cif
Al 1.75778452 2.9217980648328576 4.7036597925783905
Al 1.75778452 1.7319038251671424 10.105999662578391
Al 5.27335356 6.385605715167142 6.101019947421609
Al 5.27335356 7.575499954832857 0.6986800774216091
Tl 5.27335356 1.7621840672548053 7.435925271729719
Tl 1.75778452 6.415885957254805 8.77109433827028
Tl 1.75778452 7.545219712745195 3.3687544682702812
Tl 5.27335356 2.891517822745194 2.0335854017297184
Cl 3.495486281547619 1.6639368813598434 4.598428694718635
Cl 1.75778452 4.22209263287927 3.0073091905191727
Cl 3.535651798452381 6.317638771359843 0.8039111752813651
Cl 7.011055321547619 6.317638771359843 0.8039111752813651
Cl 3.495486281547619 2.989765008640156 10.000768564718634
Cl 5.27335356 5.085311147120731 7.797370549480826
Cl 1.75778452 0.4316092571207304 8.409649060519174
Cl 5.27335356 8.627188741917427 9.646557560287443
Cl 7.011055321547619 7.643466898640156 6.206251045281365
Cl 3.535651798452381 7.643466898640156 6.206251045281365
Cl 5.27335356 8.875794522879268 2.395030679480827
Cl 1.75778452 0.6802150380825716 1.1581221797125565
Cl 0.0200827584523808 1.6639368813598434 4.598428694718635
Cl 1.75778452 3.973486851917428 6.560462049712557
Cl 5.27335356 5.333916928082571 4.244217690287443
Cl 0.0200827584523808 2.989765008640156 10.000768564718634
