mp-571370.cif
Fe 5.473604459915193 3.810761960675104 1.218129590470885
Fe 7.717151792980129 4.765782512441604 2.1279352977164097
Fe 0.6813993243248955 0.9814431749151921 0.9813248845291153
Fe 8.302923245675105 8.002879395084808 0.9813248845291153
Fe 1.267170777019871 4.218540057558396 2.1279352977164097
Fe 3.510718110084808 5.173560609324895 1.218129590470885
Fe 8.710701342558396 3.224990507980129 0.0715191772835905
Fe 0.27362122744160366 5.759332062019871 0.0715191772835905
Fe 0.9814431749151921 8.302923245675105 3.417584065470885
Fe 3.224990507980129 0.27362122744160366 4.32738977271641
Fe 5.173560609324895 5.473604459915193 3.180779359529115
Fe 3.810761960675104 3.510718110084808 3.180779359529115
Fe 5.759332062019871 8.710701342558396 4.32738977271641
Fe 8.002879395084808 0.6813993243248955 3.417584065470885
Fe 4.218540057558396 7.717151792980129 2.2709736522835904
Fe 4.765782512441604 1.267170777019871 2.2709736522835904
Ni 1.5459243885728127 1.981157586954542 3.260521813214746
Ni 2.5110036980454584 6.038085673572812 3.3378416117852545
Ni 6.473318871954541 2.946236896427187 3.3378416117852545
Ni 7.438398181427189 7.003164983045458 3.260521813214746
Ni 6.038085673572812 6.473318871954541 1.061067338214746
Ni 7.003164983045458 1.5459243885728127 1.138387136785254
Ni 1.981157586954542 7.438398181427189 1.138387136785254
Ni 2.946236896427187 2.5110036980454584 1.061067338214746
P 1.875800322883892 4.070763224630265 4.327757785439166
P 8.562924509630264 2.6163609621161084 2.2706056395608343
P 7.10852224711611 4.913559345369735 4.327757785439166
P 0.4213980603697347 6.367961607883891 2.2706056395608343
P 6.367961607883891 8.562924509630264 2.128303310439166
P 4.070763224630265 7.10852224711611 0.0711511645608335
P 2.6163609621161084 0.4213980603697347 2.128303310439166
P 4.913559345369735 1.875800322883892 0.0711511645608335
