mp-542316.cif
Co 0.46015302118 0.46015302118 0.46015302118
Co 2.12713252118 1.20682647882 5.46109152118
Co 5.46109152118 2.12713252118 1.20682647882
Co 1.20682647882 5.46109152118 2.12713252118
Co 2.87380597882 6.20776497882 3.79411202118
Co 3.79411202118 2.87380597882 6.20776497882
Co 6.20776497882 3.79411202118 2.87380597882
Co 4.54078547882 4.54078547882 4.54078547882
Mo 0.83348975 1.3429253531180003 3.009904853118
Mo 2.50046925 5.3249926468819995 6.343863853118001
Mo 5.83442825 4.676884353118001 0.324054146882
Mo 1.3429253531180003 3.009904853118 0.83348975
Mo 5.3249926468819995 6.343863853118001 2.50046925
Mo 0.324054146882 5.83442825 4.676884353118001
Mo 3.009904853118 0.83348975 1.3429253531180003
Mo 1.991033646882 3.658013146882 4.16744875
Mo 6.343863853118001 2.50046925 5.3249926468819995
Mo 3.658013146882 4.16744875 1.991033646882
Mo 4.676884353118001 0.324054146882 5.83442825
Mo 4.16744875 1.991033646882 3.658013146882
N 2.50046925 2.50046925 2.50046925
N 4.16744875 5.83442825 0.83348975
N 0.83348975 4.16744875 5.83442825
N 5.83442825 0.83348975 4.16744875
