mp-570910.cif
Rb 3.6477029539894277 3.555445859999999 5.742822564458733
Rb -0.0064235958951292605 3.555445859999999 2.2402598458203995
Rb 0.0898035439894262 0.0 5.742822564458733
Rb 3.5514758141048697 0.0 2.2402598458203995
Cr 0.0 0.0 0.0
Cr 3.557899409999999 3.555445859999999 0.0
Cl 5.336849115 1.7777229299999995 0.0
Cl 3.5565269356276903 3.555445859999999 2.446626996652264
Cl 1.7789497049999996 1.7777229299999995 0.0
Cl 0.08475242246660636 3.555445859999999 5.536455413626867
Cl 1.7789497049999996 5.33316879 0.0
Cl -0.0013724743723098395 0.0 2.446626996652264
Cl 5.336849115 5.33316879 0.0
Cl 3.6426517613086187 0.0 5.536455413626867
