mp-510521.cif
Y -4.312860397577931e-08 4.98006236620492 0.0
Y 4.312860543128606 2.4900311457519924 3.2957552
Y 4.312860543128606 2.4900311457519924 0.0
Y -4.312860397577931e-08 4.98006236620492 3.2957552
Y 2.1969726913297802 0.0 1.6478776
Y 1.0984863456648906 1.9026341621122578 4.9436328
Y -3.2143741543351085 5.567459349844654 4.9436328
Y -1.0984863456648897 1.9026341621122578 1.6478776
Y 3.214374154335111 5.567459349844654 1.6478776
Y 6.42874830867022 0.0 4.9436328
Ga 5.23792586238779 0.0 1.6478776
Ga 2.6189629311938964 4.53617685996734 4.9436328
Ga -1.6938975688061044 2.9339166519895725 4.9436328
Ga -2.618962931193894 4.53617685996734 1.6478776
Ga 1.6938975688061058 2.9339166519895725 1.6478776
Ga 3.38779513761221 0.0 4.9436328
