mp-568792.cif
Si 0.8918904631886592 2.6473740375 11.211602481895072
Si -1.733039222900674 2.6473740375 10.449557273745418
Si 1.3632019123520995 0.8824580125 4.420087038934334
Si -0.624528862476747 0.8824580125 7.012517656430729
Si 1.4840454732450377 0.8824580125 9.434159437979195
Si 2.880406336558699 0.8824580125 0.938833443340025
Si 2.409094887395259 2.6473740375 7.730348886300761
Si 2.2882513265023205 2.6473740375 2.716276487255899
Si 5.505336022648033 0.8824580125 1.7008786514896757
Si 4.396825662224106 2.6473740375 5.137918268804365
Rh 3.074335475941269 0.8824580125 6.0716755030235445
Rh 0.6979613238060893 2.6473740375 6.078760422211549
Rh 0.04792897289367345 2.6473740375 3.323338268013524
Rh 3.7243678268536846 0.8824580125 8.82709765722157
Rh 3.6568037053588416 0.8824580125 3.2780461815542585
Rh 2.638745395865105 0.8824580125 11.539814309760093
Rh 1.1335514038822536 2.6473740375 0.6106216154750007
Rh 0.11549309438851733 2.6473740375 8.872389743680838
