mp-5475.cif
Na -1.5623141476276067e-08 1.8040050453305696 2.815965184652636
Na 1.5623141900000006 2.706007554465816 8.447895385
Na 1.562314205623142 0.9020025091352469 14.079825585347365
Ta 0.0 0.0 0.0
Ta 1.562314205623142 0.9020025091352469 5.631930200347364
Ta -1.5623141476276067e-08 1.8040050453305696 11.263860569652637
N 1.562314205623142 0.9020025091352469 1.0899836195649473
N 0.0 0.0 4.541946580782416
N -1.5623141476276067e-08 1.8040050453305696 6.7219139888702175
N 1.562314205623142 0.9020025091352469 10.173876781129781
N 0.0 0.0 12.353844189217584
N -1.5623141476276067e-08 1.8040050453305696 15.805807150435053
