mp-505632.cif
Cs 0.0 3.545182829999999 9.978081181834819
Cs 2.69808662 0.0 8.080658548165182
Cs 2.69808662 0.0 3.9585012718348183
Cs 0.0 3.545182829999999 2.0610786381651818
Fe 4.048094226157988 0.0 0.0
Fe 1.348079013842012 0.0 0.0
Fe 1.350007606157988 3.545182829999999 6.01957991
Fe 4.046165633842013 3.545182829999999 6.01957991
S 2.69808662 1.735404361512028 0.0
S 2.69808662 5.354961298487971 0.0
S 2.69808662 3.545182829999999 7.771740689896678
S 0.0 0.0 10.286999040103323
S 0.0 5.280587191512028 6.01957991
S 0.0 1.8097784684879716 6.01957991
S 0.0 0.0 1.7521607798966774
S 2.69808662 3.545182829999999 4.267419130103323
