mp-571661.cif
K 0.0 4.595901 6.8247285
K 0.0 0.0 0.0
K 4.059353 4.595901 0.0
K 0.0 4.595901 0.0
K 4.059353 0.0 6.8247285
K 0.0 0.0 6.8247285
K 4.059353 4.595901 6.8247285
K 4.059353 0.0 0.0
Hg 2.2327902867079996 2.2979505 3.186179098053
Hg 5.885915713291998 6.893851499999999 10.463277901947
Hg 6.292143286708 6.893851499999999 3.638549401947
Hg 1.8265627132919993 2.2979505 10.010907598053
Cl 6.281312932904 4.588621092815999 4.151113811210999
Cl 6.081300491888 2.2979505 0.6233161033619999
Cl 5.896746067095999 0.007279907183999999 10.975842311211
Cl 6.131701418736 6.893851499999999 0.931684635906
Cl 2.037405508112 6.893851499999999 13.026140896638001
Cl 1.8373930670959993 4.603180907184 9.498343188788999
Cl 2.221959932904 4.603180907184 2.6736146887889998
Cl 1.9870045812639998 2.2979505 12.717772364094
Cl 6.281312932904 0.007279907183999999 4.151113811210999
Cl 1.8373930670959993 9.184522092816 9.498343188788999
Cl 6.046357581263999 6.893851499999999 7.7564131359060005
Cl 6.096758508111999 2.2979505 7.448044603362
Cl 2.221959932904 9.184522092816 2.6736146887889998
Cl 2.0219474918879996 6.893851499999999 6.201412396638
Cl 5.896746067095999 4.588621092815999 10.975842311211
Cl 2.072348418736 2.2979505 5.893043864094
