mp-567228.cif
Na 8.86193535 0.36926617605983003 2.00541526
Na 8.86193535 12.91001172394017 6.01624578
Na 5.907956899999999 4.186632041903682 1.2552245461093552
Na 5.907956899999999 9.092645858096319 6.766436493890645
Na 2.9539784499999997 0.36926617605983003 2.00541526
Na 5.907956899999999 10.826270991903682 2.7556059738906447
Na 5.907956899999999 2.453006908096318 5.266055066109352
Na 2.9539784499999997 12.91001172394017 6.01624578
Na 2.9539784499999997 7.00890512605983 2.00541526
Na 2.9539784499999997 6.270372773940171 6.01624578
Na 0.0 10.826270991903682 1.2552245461093552
Na 0.0 2.453006908096318 6.766436493890645
Na 8.86193535 7.00890512605983 2.00541526
Na 0.0 4.186632041903682 2.7556059738906447
Na 0.0 9.092645858096319 5.266055066109352
Na 8.86193535 6.270372773940171 6.01624578
P 5.907956899999999 7.678023107191157 3.579328767820047
P 5.907956899999999 1.038384157191157 0.4315017521799526
P 5.907956899999999 5.6012547928088425 4.442332272179953
P 5.907956899999999 12.240893742808844 7.590159287820045
P 0.0 1.038384157191157 3.579328767820047
P 0.0 7.678023107191157 0.4315017521799526
P 0.0 12.240893742808844 4.442332272179953
P 0.0 5.6012547928088425 7.590159287820045
Se 7.718079390470817 8.681307477037034 4.27861378010102
Se 4.097834409529183 8.681307477037034 4.27861378010102
Se 5.907956899999999 7.346548560899716 1.415016675759038
Se 4.097834409529183 2.041668527037034 7.753877779898979
Se 7.718079390470817 2.041668527037034 7.753877779898979
Se 7.718079390470817 4.597970422962966 3.743047259898979
Se 5.907956899999999 12.572368289100284 5.425847195759036
Se 5.907956899999999 0.706909610899716 2.5958138442409604
Se 7.718079390470817 11.237609372962966 0.26778326010102077
Se 4.097834409529183 11.237609372962966 0.26778326010102077
Se 4.097834409529183 4.597970422962966 3.743047259898979
Se 5.907956899999999 5.932729339100284 6.606644364240962
Se 1.8101224904708182 2.041668527037034 4.27861378010102
Se 10.005791309529183 2.041668527037034 4.27861378010102
Se 0.0 0.706909610899716 1.415016675759038
Se 10.005791309529183 8.681307477037034 7.753877779898979
Se 1.8101224904708182 8.681307477037034 7.753877779898979
Se 1.8101224904708182 11.237609372962966 3.743047259898979
Se 0.0 5.932729339100284 5.425847195759036
Se 0.0 7.346548560899716 2.5958138442409604
Se 1.8101224904708182 4.597970422962966 0.26778326010102077
Se 10.005791309529183 4.597970422962966 0.26778326010102077
Se 10.005791309529183 11.237609372962966 3.743047259898979
Se 0.0 12.572368289100284 6.606644364240962
