mp-505511.cif
Co 0.0191281120164468 1.0246034722355126 4.281477111393363
Co 2.8858107670164466 1.8849604877644872 7.183410238606637
Co 5.714237197983553 3.934167432235513 1.4509665636066371
Co 2.847554542983553 4.794524447764487 10.013920786393362
Co 5.714237197983553 4.794524447764487 7.183410238606637
Co 2.847554542983553 3.934167432235513 4.281477111393363
Co 0.0191281120164468 1.8849604877644872 10.013920786393362
Co 2.8858107670164466 1.0246034722355126 1.4509665636066371
As 2.115311944384287 1.8350209647201638 4.98253456534638
As 4.9819945993842865 1.074542995279836 6.482352784653619
As 3.618053365615713 4.744584924720164 0.74990910965362
As 0.751370710615713 3.984106955279836 10.71497824034638
As 3.618053365615713 3.984106955279836 6.482352784653619
As 0.751370710615713 4.744584924720164 4.98253456534638
As 2.115311944384287 1.074542995279836 10.71497824034638
As 4.9819945993842865 1.8350209647201638 0.74990910965362
Se 0.6945005427673734 0.35028071759730317 2.0619231876091066
Se 3.5611831977673734 2.559283242402697 9.402964162390893
Se 5.038864767232627 3.259844677597303 3.6705204873908936
Se 2.1721821122326266 5.468847202402697 7.794366862609107
Se 5.038864767232627 5.468847202402697 9.402964162390893
Se 2.1721821122326266 3.259844677597303 2.0619231876091066
Se 0.6945005427673734 2.559283242402697 7.794366862609107
Se 3.5611831977673734 0.35028071759730317 3.6705204873908936
