mp-559634.cif
Ni 2.909257974918864e-08 1.679660832230945 11.043715089158473
Ni 1.4546289359074207 0.8398304413103852 2.208743070841527
Ni 4.36388686590742 0.8398304413103852 2.208743070841527
Ni 2.909257900907421 3.3593217148517156 2.208743070841527
Ni -1.4546289649999993 2.5194912735413304 6.626229079999998
Ni 1.4546289650000006 2.5194912735413304 6.626229079999998
Ni 2.90925793 0.0 6.626229079999998
Ni 1.4546289940925803 4.199152105772275 11.043715089158473
Ni -1.4546289359074196 4.199152105772275 11.043715089158473
Bi -2.9092578638965616e-08 3.3593217148517156 2.208743070841527
Bi 0.0 0.0 0.0
Bi 0.0 0.0 6.626229079999998
Bi 2.90925795909258 1.679660832230945 4.4174860091584724
Bi 2.90925795909258 1.679660832230945 11.043715089158473
Bi -2.9092578638965616e-08 3.3593217148517156 8.834972150841526
S -2.9092578638965616e-08 3.3593217148517156 5.234319026144007
S -2.9092578638965616e-08 3.3593217148517156 12.435625275539048
S 0.0 0.0 9.65180503530248
S 0.0 0.0 3.60065312469752
S 2.90925795909258 1.679660832230945 0.8168328844609526
S 2.90925795909258 1.679660832230945 8.018139133855993
