mp-542681.cif
Na 10.23435999 7.433725604780769 3.41145333
Na 9.62354104521923 0.0 6.82290666
Na 4.022272274780768 0.0 6.82290666
Na 0.0 4.022272274780768 6.82290666
Na 0.0 0.0 2.8006343852192317
Na 0.0 0.0 10.845178934780769
Na 10.23435999 10.23435999 0.6108189447807686
Na 7.433725604780769 10.23435999 3.41145333
Na 13.034994375219231 10.23435999 3.41145333
Na 10.23435999 10.23435999 6.212087715219232
Na 0.0 9.62354104521923 6.82290666
Na 10.23435999 13.034994375219231 3.41145333
Na 10.23435999 0.6108189447807686 10.23435999
Na 9.62354104521923 6.82290666 0.0
Na 4.022272274780768 6.82290666 0.0
Na 0.0 10.845178934780769 0.0
Na 0.0 6.82290666 9.62354104521923
Na 0.0 6.82290666 4.022272274780768
Na 10.23435999 3.41145333 7.433725604780769
Na 7.433725604780769 3.41145333 10.23435999
Na 13.034994375219231 3.41145333 10.23435999
Na 10.23435999 3.41145333 13.034994375219231
Na 0.0 2.8006343852192317 0.0
Na 10.23435999 6.212087715219232 10.23435999
Na 3.41145333 7.433725604780769 10.23435999
Na 2.8006343852192317 0.0 0.0
Na 10.845178934780769 0.0 0.0
Na 6.82290666 4.022272274780768 0.0
Na 6.82290666 0.0 9.62354104521923
Na 6.82290666 0.0 4.022272274780768
Na 3.41145333 10.23435999 7.433725604780769
Na 0.6108189447807686 10.23435999 10.23435999
Na 6.212087715219232 10.23435999 10.23435999
Na 3.41145333 10.23435999 13.034994375219231
Na 6.82290666 9.62354104521923 0.0
Na 3.41145333 13.034994375219231 10.23435999
Na 3.41145333 0.6108189447807686 3.41145333
Na 2.8006343852192317 6.82290666 6.82290666
Na 10.845178934780769 6.82290666 6.82290666
Na 6.82290666 10.845178934780769 6.82290666
Na 6.82290666 6.82290666 2.8006343852192317
Na 6.82290666 6.82290666 10.845178934780769
Na 3.41145333 3.41145333 0.6108189447807686
Na 0.6108189447807686 3.41145333 3.41145333
Na 6.212087715219232 3.41145333 3.41145333
Na 3.41145333 3.41145333 6.212087715219232
Na 6.82290666 2.8006343852192317 6.82290666
Na 3.41145333 6.212087715219232 3.41145333
In 4.5342827040602165 4.5342827040602165 11.357189364060217
In 12.522983945939783 1.122829374060216 7.945736034060216
In 1.122829374060216 12.522983945939783 7.945736034060216
In 1.122829374060216 1.122829374060216 5.700077285939785
In 2.288623955939784 4.5342827040602165 9.111530615939785
In 2.288623955939784 2.288623955939784 11.357189364060217
In 4.5342827040602165 2.288623955939784 9.111530615939785
In 12.522983945939783 12.522983945939783 5.700077285939785
In 4.5342827040602165 11.357189364060217 4.5342827040602165
In 12.522983945939783 7.945736034060216 1.122829374060216
In 1.122829374060216 5.700077285939785 1.122829374060216
In 1.122829374060216 7.945736034060216 12.522983945939783
In 2.288623955939784 11.357189364060217 2.288623955939784
In 2.288623955939784 9.111530615939785 4.5342827040602165
In 4.5342827040602165 9.111530615939785 2.288623955939784
In 12.522983945939783 5.700077285939785 12.522983945939783
In 11.357189364060217 4.5342827040602165 4.5342827040602165
In 5.700077285939785 1.122829374060216 1.122829374060216
In 7.945736034060216 12.522983945939783 1.122829374060216
In 7.945736034060216 1.122829374060216 12.522983945939783
In 9.111530615939785 4.5342827040602165 2.288623955939784
In 9.111530615939785 2.288623955939784 4.5342827040602165
In 11.357189364060217 2.288623955939784 2.288623955939784
In 5.700077285939785 12.522983945939783 12.522983945939783
In 11.357189364060217 11.357189364060217 11.357189364060217
In 5.700077285939785 7.945736034060216 7.945736034060216
In 7.945736034060216 5.700077285939785 7.945736034060216
In 7.945736034060216 7.945736034060216 5.700077285939785
In 9.111530615939785 11.357189364060217 9.111530615939785
In 9.111530615939785 9.111530615939785 11.357189364060217
In 11.357189364060217 9.111530615939785 9.111530615939785
In 5.700077285939785 5.700077285939785 5.700077285939785
Ag 1.705726665 1.705726665 8.528633325
Ag 1.705726665 11.940086655 5.117179995
Ag 11.940086655 1.705726665 5.117179995
Ag 11.940086655 11.940086655 8.528633325
Ag 1.705726665 8.528633325 1.705726665
Ag 1.705726665 5.117179995 11.940086655
Ag 11.940086655 8.528633325 11.940086655
Ag 11.940086655 5.117179995 1.705726665
Ag 8.528633325 1.705726665 1.705726665
Ag 8.528633325 11.940086655 11.940086655
Ag 5.117179995 1.705726665 11.940086655
Ag 5.117179995 11.940086655 1.705726665
Ag 8.528633325 8.528633325 8.528633325
Ag 8.528633325 5.117179995 5.117179995
Ag 5.117179995 8.528633325 5.117179995
Ag 5.117179995 5.117179995 8.528633325
