mp-570355.cif
Pb 4.158209521022887 4.932494704752259 2.409979520115767
Pb 6.807594999105919 2.5357072647679084 7.2276976076615504
Cl 2.7842353106716384 3.0561737092888714 3.002242632504583
Cl 8.181569209457171 4.412028260231296 6.635434495272736
Cl 5.433927719368405 1.8909463925951049 5.368897902627852
Cl 5.437772781366095 3.1844562800007434 9.086165294718198
Cl 5.529729977096014 0.6802217438875109 1.8153453463999758
Cl 5.436074543032795 6.7879802256326585 7.822331781377342
Cl 5.531876800760405 5.577255576925064 4.268779225149466
Cl 5.528031738762715 4.283745689519426 0.5515118330591208
