mp-568020.cif
Tl 0.5282808837308246 0.3581768172353296 3.744600119747946
Tl 3.557973943449047 3.5890629817721025 3.7667809105408523
Tl -0.6809026712374461 8.110765976029283 8.883633403280463
Tl 4.660290705788593 7.494824332527298 0.911083175957347
Tl 7.295470741943758 1.480195969028252 1.6920942089248672
Tl 5.166542781012144 2.714830445994976 8.049236837627463
Tl -0.6148125535739214 4.154483803650576 6.953911690035088
Tl 1.9542773649177207 2.096137612530237 9.664644436247983
Tl 1.4480252896941703 6.876131499062558 2.526490774577867
Tl 7.2293806242802345 5.436478141406958 3.6218159221702417
Tl 3.056594127257264 6.0018989632854325 6.808946701664479
Tl 6.086287186975488 9.232785127822204 6.8311274924573855
Si 6.58410210738929 5.432905274574306 10.438880975378954
Si 0.03046596331702177 4.1580566704832265 0.13684663682637718
Si 1.6111275261515656 9.458856869461576 6.150177119933603
Si 5.0034405445547465 0.13210507559595874 4.425550492271727
Te 0.8640031432114538 5.314806931527434 9.745438870671464
Te 2.02831910233266 1.8758424320570224 6.284253762183792
Te 0.24277135064265642 3.662708651148369 2.596991959073663
Te 0.13637804032481723 7.487627838647464 5.572051903051391
Te -1.5679292863897911 7.6473220220274865 1.1461012252468188
Te 6.478190030381495 2.1033341064100695 5.003675709153939
Te 4.586248968373653 7.715119513000513 4.291473850021538
Te 2.924542237109058 8.96999460312238 8.240455299496434
Te 5.750564927494857 4.2761550135301 0.8302887415338671
Te 6.3717967200636565 5.928253293909165 7.978735653131667
Te 3.6900258335972542 0.6209673419351521 2.335272312708896
Te 8.182497357096103 1.9436399230300498 9.429626386958512
