mp-569037.cif
Y -1.8504922018377655e-08 2.1367644137989577 15.908812235265623
Y 1.8504922735049232 1.0683821908737456 7.182551515265621
Y 1.8504922735049232 1.0683821908737456 13.089391080000006
Y -1.8504922018377655e-08 2.1367644137989577 10.26996992473438
Y 1.8504922735049232 1.0683821908737456 1.5437092047343792
Y -1.8504922018377655e-08 2.1367644137989577 4.36313036
H 1.8504922735049232 1.0683821908737456 10.819757509885116
H 1.8504922735049232 1.0683821908737456 15.359024650114886
H -1.8504922018377655e-08 2.1367644137989577 6.632763930114885
H -1.8504922018377655e-08 2.1367644137989577 2.0934967898851156
