mp-541937.cif
Zn -1.963045082445432e-08 2.26672929135442 2.223917613411811
Zn 0.0 0.0 14.853569233781961
Zn 1.963045159630452 1.1333646286767403 27.483220854152112
In 0.0 0.0 6.165442352473761
In 1.963045159630452 1.1333646286767403 10.17361376380287
In 1.963045159630452 1.1333646286767403 18.79509397284391
In -1.963045082445432e-08 2.26672929135442 22.80326576306257
In -1.963045082445432e-08 2.26672929135442 31.42474597210361
In 0.0 0.0 35.43291738343272
S 0.0 0.0 1.71451311356524
S 0.0 0.0 11.253398595832401
S -1.963045082445432e-08 2.26672929135442 4.911570653361211
S 1.963045159630452 1.1333646286767403 7.71333234424871
S 1.963045159630452 1.1333646286767403 14.34416473393539
S 1.963045159630452 1.1333646286767403 23.883050216202548
S 0.0 0.0 17.54122227373136
S -1.963045082445432e-08 2.26672929135442 20.342984343508412
S -1.963045082445432e-08 2.26672929135442 26.97381673319509
S -1.963045082445432e-08 2.26672929135442 36.512702215462255
S 1.963045159630452 1.1333646286767403 30.17087389410151
S 0.0 0.0 32.97263596387856
