mp-541106.cif
Nb 0.5864595418284354 0.625132756396779 1.1757593198136493
Nb 6.530220622867761 6.441445681432773 7.341105494898286
Nb 2.994419575661971 2.4986626262334086 3.4025469411938256
Nb 4.122260589034226 4.567915811596143 5.114317873518112
Se 7.741997442620886 1.0057404638469831 3.497097512114886
Se -0.6253172779246909 6.060837973982568 5.01976730259705
Se 2.0410655580286146 3.0772914110272596 5.820478218935989
Se 5.075614606667582 3.989287026802292 2.696386595775948
Se 4.005687942225061 5.451182768020532 7.717066565606542
Se 3.110992222471136 1.6153956698090193 0.7997982491053945
Se 7.517862047327728 6.767714669336482 1.1875759587321735
Se -0.4011818826315316 0.2988637684930685 7.329288855979762
Se 1.8602910092616252 0.04636431007375102 3.4937053300278356
Se 5.256389155434573 7.0202141277558 5.0231594846841015
Se 4.0838772125247145 1.9818851907025823 5.750848249968719
Se 3.032802952171482 5.084693247126969 2.7660165647432184
Se 1.1230831795413108 7.0671712042537065 0.006653119287308524
Se 5.993596985154886 -0.0005927664241520011 8.510211695424628
Se 6.714417791832237 4.114096690100806 5.8873933520749215
Se 0.40226237286395916 2.952481747728746 2.6294714626370155
Se 4.278733683246662 0.3848309820754289 2.457233031778837
Se 2.8379464814495354 6.681747455754124 6.0596317829331
