mp-557179.cif
Na -0.6070010712849807 2.794064 4.626910915903114
Na 4.458925070904461 0.0 0.7248660839709417
Na 5.82739192871502 0.0 4.626910915903114
Na 10.89331807090446 2.794064 0.7248660839709417
Sb 3.2215585804517066 2.794064 3.154551434805763
Sb 0.6303654191677739 0.0 2.197225565068292
Sb 9.655951580451706 0.0 3.154551434805763
Sb 7.064758419167774 2.794064 2.197225565068292
S -0.569115149138174 0.0 4.334275749550001
S 0.8182408646321384 2.794064 1.9670670434117086
S 4.421039148757655 2.794064 1.0175012503240548
S 3.033683134987342 0.0 3.3847099564623466
S 5.865277850861827 2.794064 4.334275749550001
S 7.252633864632139 0.0 1.9670670434117086
S 10.855432148757654 0.0 1.0175012503240548
S 9.468076134987342 2.794064 3.3847099564623466
