mp-580480.cif
Mn 4.816390844311335 8.007464496075244 5.841905974635412
Mn 0.0 0.0 2.7066385541735998
Mn 2.5546343827765026 11.590172446419233 8.747564455364593
Mn 1.9718378006886705 3.7500924104591924 8.747564455364593
Mn -4.526472387112025 8.174849073766017 8.747564455364593
Mn 4.2335942622235025 0.1673844601152034 5.841905974635412
Mn 11.314701032112028 3.5827078327684205 5.841905974635412
Mn 0.0 0.0 11.8828318758264
Mn 4.816390708546758 0.16909330343599913 10.705062881898552
Mn 6.788228712882287 3.9191855963196227 7.569795315542033
Mn 2.5546344506587855 3.7518011362044192 13.610721216733024
Mn 8.76006651357096 7.669278006778816 13.610721216733024
Mn 9.049984970770264 0.33647776355120257 13.610721216733024
Mn 11.021822771458929 4.086570174010395 10.705062881898552
Mn 4.526472251347458 7.501893546663611 10.705062881898552
Mn 6.788228712882287 3.9191855963196227 2.1565182071948317
Mn -1.9718378685709546 4.088278899755621 0.9787492132669803
Mn -6.788228495459848e-08 7.838371310214815 12.432952222805168
Mn -4.233594126458927 7.670986732524041 3.8844075481014535
Mn 1.9718379364532432 11.588463603098436 3.8844075481014535
Mn 2.2617563936525493 4.255663359870825 3.8844075481014535
Mn 4.233594194341219 8.005755770330017 0.9787492132669803
Mn -2.261756325770257 11.421079142983233 0.9787492132669803
Mn -6.788228495459848e-08 7.838371310214815 7.019675114457968
Zn 6.044720749741797 10.363381081228301 5.0305952989683
Zn 2.3586717982526397 1.4585210542618179 7.27755859377865
Zn 0.0 0.0 7.294735215
Zn -5.952590910571853 10.416572268673464 9.558875131031705
Zn -0.08378025005430262 2.771930223607618 7.311911836221355
Zn 12.740819555571859 1.340984637860972 5.0305952989683
Zn 0.7435078952582055 1.3941758253061338 9.558875131031705
Zn 6.872008895054305 8.985626682926817 7.27755859377865
Zn 4.429556846747364 10.29903585227262 7.311911836221355
Zn 1.57914562968635 0.05319118744516179 5.0305952989683
Zn 5.209083015313651 11.704365719089274 9.558875131031705
Zn -4.3457763930461955 10.444147619613066 7.311911836221355
Zn 11.1340050380462 1.3134092869213698 7.27755859377865
Zn 0.0 0.0 0.0
Zn 6.044720817624081 2.5250097710134884 9.893752060336732
Zn 9.146900511134925 5.37770665058144 12.14071535514708
Zn 6.788228712882287 3.9191855963196227 12.157891976368436
Zn 7.6238664473104345 2.57820095845865 14.422031892400136
Zn 6.704448259181127 6.6911159375028095 12.175068743484488
Zn 5.952590978454142 5.260170234180595 9.893752060336732
Zn 7.531736608140492 5.313361421625756 14.422031892400136
Zn 6.872008962936594 1.147255372712004 12.14071535514708
Zn 4.429556710982789 2.4606646596333737 12.175068743484488
Zn 8.367374342568636 3.9723767837647843 9.893752060336732
Zn 5.2090830831959405 3.8659944088744607 14.422031892400136
Zn 9.23068076118923 2.6057764269738217 12.175068743484488
Zn 4.345776460928486 5.232594883240992 12.14071535514708
Zn 6.788228712882287 3.9191855963196227 4.8631567613684314
Zn -0.7435079631404896 6.444195484908681 0.16743853759986815
Zn 2.358671934017214 9.296892246901061 2.414401686515512
Zn -6.788228495459848e-08 7.838371310214815 2.431578453631568
Zn 0.8356376665458601 6.497386672353841 4.695718369663268
Zn -0.08378031793658772 10.610301533822431 2.448755074852921
Zn -0.8356378023104286 9.179355948075786 0.16743853759986815
Zn 0.7435078273759209 9.232547135520948 4.695718369663268
Zn 0.08378038581887864 5.0664409690316266 2.414401686515512
Zn -2.358671866134924 6.379850255952996 2.448755074852921
Zn 1.5791455618040662 7.891562497659975 0.16743853759986815
Zn -1.5791456975686349 7.7851801227696535 4.695718369663268
Zn 2.4424521840715165 6.524962023293444 2.448755074852921
Zn -2.4424521161892274 9.151780479560614 2.414401686515512
Zn -6.788228495459848e-08 7.838371310214815 9.726313668631573
Ga 2.1191628627356818 11.62760451004029 6.353981797257984
Ga 4.375373069938403 11.756024544142807 3.231737959364919
Ga 5.614944417769555 2.080182240574792 6.496486929892982
Ga -0.23379331488015778 4.0174434993875305 9.769945814267755
Ga -3.192123723057092 9.951306106761862 9.769945814267755
Ga -2.179265771276218 7.934963520195774 8.092983500107024
Ga 3.425917241584113 9.546364089343912 9.769945814267755
Ga -5.580473860592529 9.668728981639562 3.231737959364919
Ga 9.980352368057096 1.8062507997725734 4.8195246157322496
Ga 1.0059815440457773 5.902775626913455 8.092983500107024
Ga 8.967494416276221 3.8225933863386636 6.496486929892982
Ga 11.129382254338958 3.978553498710063 8.235488632742019
Ga 2.4128555750616014 0.0015323623916286332 11.357732470635085
Ga 5.583128057992728 9.667196501672366 11.357732470635085
Ga 4.566237694749865 7.649051128905795 8.235488632742019
Ga 4.669065782264324 0.12995239649414597 8.235488632742019
Ga 3.3941143903822883 9.79796404958684 4.8631567613684314
Ga 5.782247100954225 5.8547812796209815 6.496486929892982
Ga 1.173284227230448 9.677374665959643 8.092983500107024
Ga -4.341153609338952 7.779003407824373 6.353981797257984
Ga 12.368702505592534 2.0888279248948742 11.357732470635085
Ga 7.022021959880161 7.740113407146905 4.8195246157322496
Ga 1.2051005870072742 2.0903604048620723 3.231737959364919
Ga 3.362311403415891 2.211192817190526 4.8195246157322496
Ga 2.2219909502501376 4.108505777628641 6.353981797257984
Ga -3.3941142546177114 9.79796404958684 4.8631567613684314
Ga 6.788228826502341e-08 3.9191855963196227 4.8631567613684314
Ga 2.1191627269711053 3.7892333174010453 11.217138704521119
Ga 4.375373137820685 3.917653233927994 8.09489472073335
Ga -1.1732841593481576 5.9993678368944146 11.359643691261413
Ga 6.55443519435527 7.936629213282721 0.043632291530888115
Ga 10.384333431178334 2.1129349141226177 0.043632291530888115
Ga 11.397191586606068 0.09659220998095955 12.956140261475456
Ga 3.4259171058195386 1.7079928967046651 0.043632291530888115
Ga 7.995983497289755 1.8303576714247485 8.09489472073335
Ga 3.192123790939381 5.725436396092196 9.68268137710068
Ga 7.794210256928064 9.82196122323308 12.956140261475456
Ga 2.17926583915851 7.741778982658286 11.359643691261413
Ga 4.341153677221242 7.897739095029685 13.09864539411045
Ga 9.201084084297028 3.92071807628682 1.6314189478982186
Ga 5.583127922228154 1.8288253090331197 1.6314189478982186
Ga -2.2219908823678463 11.56823672522542 13.09864539411045
Ga -2.119162794853389 4.049137992813769 13.09864539411045
Ga 3.394114254617714 1.9595928569475956 9.726313668631573
Ga -1.0059814761634869 9.773966875940603 11.359643691261413
Ga 1.1732842951127325 1.8390033557448304 12.956140261475456
Ga 2.4470748998964753 11.698189121719567 11.217138704521119
Ga 5.580473724827961 6.008013638790065 1.6314189478982186
Ga 0.23379338276244663 11.65929900346653 9.68268137710068
Ga 7.993329299889566 6.009546001181693 8.09489472073335
Ga -3.4259171737018232 6.130378413510149 9.68268137710068
Ga -4.566237830514434 8.02769149152383 11.217138704521119
Ga 10.182342899617716 1.9595928569475956 9.726313668631573
Ga 6.788228577117717 7.838371310214815 9.726313668631573
Ga 8.907391439853392 7.708418913720668 1.4908250358895505
Ga -2.412855439297026 7.836838830247616 12.958051482101782
Ga 5.6149443498872715 9.918553550789605 1.6333301685245487
Ga 6.554435262237555 0.09825790306790828 4.906789052899322
Ga 3.596104854060621 6.03212051044224 4.906789052899322
Ga 4.608962805841495 4.015777923876151 3.229826738738589
Ga 10.214145818701828 5.627178493024288 4.906789052899322
Ga 1.2077549201720439 5.749543267744372 12.958051482101782
Ga -3.596104786178331 9.644621992411818 14.545838138469115
Ga 7.794210121163489 1.9835900305938325 3.229826738738589
Ga -4.608962941606064 11.660964696553476 1.6333301685245487
Ga 4.341153745103528 0.05936778481487154 3.372331725478883
Ga 2.4128555071793167 7.839903672606442 6.494575709266651
Ga -1.2051006548895593 5.748010905352743 6.494575709266651
Ga 11.354466475514437 3.729865415010605 3.372331725478883
Ga 4.669065918028898 7.96832358913339 3.372331725478883
Ga -3.394114322499999 5.878778453267218 0.0
Ga -1.005981611928061 1.9355956833013592 1.6333301685245487
Ga 7.961512804348162 5.7581890696400215 3.229826738738589
Ga 2.447074967778761 3.859817811504751 1.4908250358895505
Ga -1.207754852289753 9.92719923510969 6.494575709266651
Ga 0.23379345064473245 3.8209276932517144 14.545838138469115
Ga 1.2051007227718493 9.928731597501315 12.958051482101782
Ga 3.3623115391804634 10.049564009829771 14.545838138469115
Ga 9.01021952736785 0.1893201813090175 1.4908250358895505
Ga 3.3941143225000014 5.878778453267218 0.0
Ga 6.788228645 0.0 0.0
