mp-571305.cif
Rb 10.010539639587474 3.447453055762 11.01328566338669
Rb 10.164741730686982 3.185873706986 4.736651258355899
Rb 8.18665136089083 6.946187055761999 1.574549341598583
Rb 8.032449269791325 6.684607706985999 7.851183746629375
Rb 3.8913206395874744 6.946187055761999 11.01328566338669
Rb 4.045522730686979 6.684607706985999 4.736651258355899
Rb 2.067432360890829 3.447453055762 1.574549341598583
Rb 1.9132302697913228 3.185873706986 7.851183746629375
Cu 0.0 0.12848750741599993 0.0
Cu 12.078887145651567 6.814179821942 9.436684504682294
Cu -0.08023299976084894 6.462056735979999 6.293917502492636
Cu 6.118303854826736 3.3154458219419993 3.1511505003029785
Cu 6.119219 3.627221507416 0.0
Cu 5.959668145651568 3.3154458219419993 9.436684504682294
Cu 6.038986000239151 2.96332273598 6.293917502492636
Cu -0.0009151451732651971 6.814179821942 3.1511505003029785
Cl 11.187579282564823 1.73392008939 1.2585569194684376
Cl 7.11504524639858 1.3607941032259994 5.041956608566811
Cl 11.238293610463929 1.1396846106279999 7.682871804777717
Cl 6.7947741356350715 1.9522620833939999 11.160626272120043
Cl 10.225071550498575 6.710050500634 4.252271367364065
Cl 8.123386901459696 3.434049405808 2.0448056817148226
Cl 7.00961171791348 5.2326540893899995 11.329278085516835
Cl 6.958897390014375 4.638418610627998 4.904963200207556
Cl 11.082145754079722 4.859528103225999 7.545878396418463
Cl 7.972119449979728 3.2113165006339988 8.335563637621208
Cl 10.073804099018606 6.932783405807998 10.54302932327045
Cl 11.40241686484323 5.450996083393997 1.42720873286523
Cl 5.068360282564822 5.2326540893899995 1.2585569194684376
Cl 0.9958262463985803 4.859528103225999 5.041956608566811
Cl 5.119074610463928 4.638418610627998 7.682871804777717
Cl 0.6755551356350722 5.450996083393997 11.160626272120043
Cl 4.105852550498574 3.2113165006339988 4.252271367364065
Cl 2.004167901459697 6.932783405807998 2.0448056817148226
Cl 0.8903927179134807 1.73392008939 11.329278085516835
Cl 0.8396783900143748 1.1396846106279999 4.904963200207556
Cl 4.962926754079723 1.3607941032259994 7.545878396418463
Cl 1.8529004499797277 6.710050500634 8.335563637621208
Cl 3.9545850990186056 3.434049405808 10.54302932327045
Cl 5.28319786484323 1.9522620833939999 1.42720873286523
