mp-510557.cif
Cs 0.0 0.0 2.0183858975
Cs 0.0 0.0 6.0551576925
Cs 3.289114029999999 3.289114029999999 6.0551576925
Cs 3.289114029999999 3.289114029999999 2.0183858975
N 0.8369649279021949 4.126078957902195 0.0
N 2.4521491020978043 0.8369649279021949 0.0
N 0.8369649279021949 2.4521491020978043 4.036771795
N 2.4521491020978043 5.741263132097803 4.036771795
N 0.0 3.289114029999999 0.0
N 3.289114029999999 0.0 0.0
N 4.126078957902195 0.8369649279021949 4.036771795
N 5.741263132097803 4.126078957902195 4.036771795
N 4.126078957902195 5.741263132097803 0.0
N 5.741263132097803 2.4521491020978043 0.0
N 3.289114029999999 0.0 4.036771795
N 0.0 3.289114029999999 4.036771795
