mp-540922.cif
Cr 3.168069275048252 11.554661942196866 1.798327964035215
Cr 2.3079670034724256 5.775910207196866 3.368590720781943
Cr -0.4228999780068976 0.0028415278031341997 8.535509405599102
Cr 0.4372022935689295 5.781593262803135 6.965246648852373
Cr 4.221838259646993 8.272990196714794 0.06335737694347017
Cr 1.2541980188736839 2.4942384617147946 5.103561307873688
Cr -1.476668962605639 3.2845132732852056 10.270479992690847
Cr 1.49097127816767 9.063265008285207 5.2302760617606285
Te 5.4415040813687465 1.0847833461430203 0.6962800112855112
Te 0.034532197151932016 6.863535081143021 4.470638673531648
Te -2.6963347843273917 10.47272012385698 9.637557358348806
Te 2.7106370998894236 4.693968388856979 5.863198696102669
Te 2.1358160912577175 7.826895295830221 7.611061572020023
Te -2.1215137756956857 2.0481435608302205 7.889694482431453
Te 0.6093532057836384 3.7306081741697796 2.7227757976142937
Te 4.8666830727370405 9.50935990916978 2.4441428872028648
Te 1.0798067238006706 9.538531625803234 9.598689419219015
Te -1.0655044082386396 3.759779890803233 5.90206663523246
Te 1.6653625732406836 2.0189718441967672 0.735147950415301
Te 3.810673705279993 7.797723579196767 4.431770734401858
Te 0.8528183347514803 4.43807983000455 9.3245598917949
Te -0.8385160191894462 10.216831565004549 6.176196162656575
Te 1.8923509622898766 7.119423639995451 1.0092774778394171
Te 3.5836853162308038 1.3406719049954512 4.1576412069777415
Te 5.993576025317151 6.375118567326897 1.00897366302075
Te -0.5175397467964739 0.5963668323268959 4.157945021796408
Te -3.2484067282757967 5.182384902673104 9.324863706613566
Te 3.262709043837828 10.961136637673103 6.175892347837909
Te 4.498668085108831 4.436263915059342 2.39306686261971
Te 0.9773681934118462 10.215015650059343 2.7738518221974484
Te -1.7534987880674768 7.121239554940658 7.940770507014607
Te 1.7678011036295087 1.3424878199406576 7.5599855474368685
