mp-542454.cif
Mo 6.617084375935736 0.0 4.991534083397542
Mo 1.2809189961211465 0.0 2.9518836482419206
Mo 3.9385206959207673 0.0 6.8773221057748515
Mo 3.9594826761361155 0.0 1.0660956258646104
Mo -0.08188269906426253 1.638465065 4.991534083397542
Mo 7.979886071121147 1.638465065 2.9518836482419206
Mo -2.760446379079231 1.638465065 6.8773221057748515
Mo 10.658449751136114 1.638465065 1.0660956258646104
As 6.431962524949966 0.0 7.575370750697126
As 1.4660408471069166 0.0 0.3680469809423354
As 6.127626301243048 0.0 2.506072434692912
As 1.7703770708138369 0.0 5.437345296946547
As 3.2570091649745425 1.638465065 2.9452284145638212
As 4.640994207082341 1.638465065 4.998189317075641
As -0.2670045500500332 1.638465065 7.575370750697126
As 8.165007922106916 1.638465065 0.3680469809423354
As -0.5713407737569527 1.638465065 2.506072434692912
As 8.469344145813837 1.638465065 5.437345296946547
As 9.955976239974543 0.0 2.9452284145638212
As -2.0579728679176594 0.0 4.998189317075641
