mp-505351.cif
Na 0.547063947626 2.62465625 8.186987203536
Na 3.8786349476260003 2.62465625 7.862844796464
Na 6.116078052373999 7.87396875 2.5129007964639998
Na 2.7845070523739994 7.87396875 2.837043203536
Na 0.28730135675599994 4.358021232 1.536889112768
Na 3.618872356756 0.891291268 3.813054887232
Na 6.375840643244 9.607333732 9.162998887232
Na 3.0442696432439997 6.140603768 6.886833112768
Na 6.375840643244 6.140603768 9.162998887232
Na 3.0442696432439997 9.607333732 6.886833112768
Na 0.28730135675599994 0.891291268 1.536889112768
Na 3.618872356756 4.358021232 3.813054887232
Fe 0.306757731396 3.9270211798750005 5.041220131536
Fe 3.6383287313959998 1.3222913201250002 0.308723868464
Fe 6.356384268604 9.176333679875 5.658667868464
Fe 3.024813268604 6.571603820125 10.391164131536
Fe 6.356384268604 6.571603820125 5.658667868464
Fe 3.024813268604 9.176333679875 10.391164131536
Fe 0.306757731396 1.3222913201250002 5.041220131536
Fe 3.6383287313959998 3.9270211798750005 0.308723868464
S 1.10165058257 5.793823685625001 4.03610475248
S 4.43322158257 9.954113814375 1.3138392475199998
S 5.56149141743 0.544511185625 6.66378324752
S 2.22992041743 4.7048013143750005 9.38604875248
S 5.56149141743 4.7048013143750005 6.66378324752
S 2.22992041743 0.544511185625 9.38604875248
S 1.10165058257 9.954113814375 4.03610475248
S 4.43322158257 5.793823685625001 1.3138392475199998
S 2.0325115093959996 2.62465625 5.753693573792
S 5.364082509396 2.62465625 10.296138426208
S 4.630630490603999 7.87396875 4.946194426208
S 1.2990594906039998 7.87396875 0.40374957379199994
S 2.50913938294 2.62465625 1.762506951136
S 5.840710382939999 2.62465625 3.587437048864
S 4.15400261706 7.87396875 8.937381048864
S 0.8224316170599999 7.87396875 7.112450951136
