mp-573145.cif
Cs 0.862445342277805 5.35305489470541 3.8985002409170444
Cs 4.349141442277806 1.0622382002945907 3.8985002409170444
Cs 2.4208358490973363 11.768347989705411 6.909281497065759
Cs 5.9075319490973355 7.4775312952945905 6.909281497065759
Ga 0.04192178580040986 10.26399473353442 3.5636492239981656
Ga 6.72805550557473 2.5665914564655825 7.244132513984638
Ga 3.2413594055747312 3.8487016385344184 7.244132513984638
Ga 4.183787683234927 5.939259743001026 1.3925447416251842
Ga 3.52861788580041 8.981884551465585 3.5636492239981656
Ga 5.126281059188894 9.300437084850564 0.16145961294007272
Ga 6.072885708140213 12.354552838001027 9.41523699635762
Ga 0.697091583234928 0.4760333519989755 1.3925447416251842
Ga 1.6395849591888954 9.945442200149435 0.16145961294007272
Ga 1.643696232186246 3.5301491051494356 10.646322125042731
Ga 2.5861896081402134 6.891326446998975 9.41523699635762
Ga 5.130392332186245 2.8851439898505644 10.646322125042731
S 6.774887448476131 3.716133840819685 9.29705012032917
S 4.749301366594534 7.088495476345186 10.320502630933198
S -0.004910157100988617 9.114452349180315 1.5107316176536338
S 1.727698008708227 2.5779194527068716 6.123390081420366
S 1.5555831826669142 8.993212547706872 4.684391656562436
S 5.214394108708227 3.8373736422931284 6.123390081420366
S 3.481785942899011 10.131426935819684 1.5107316176536338
S 3.288191348476129 2.6991592541803144 9.29705012032917
S 0.8206217232601484 12.386786863074438 3.4153316574958454
S 4.307317823260149 6.859092421925562 3.4153316574958454
S 5.949355568114993 0.44379932692556234 7.3924500804869595
S 2.0206759247806056 5.742090713654815 0.4872791070496058
S 1.2626052665945364 12.157383808654817 10.320502630933198
S 5.507372024780604 0.6732023813451865 0.4872791070496058
S 5.042279282666915 10.252666737293127 4.684391656562436
S 5.035930204069245 10.409959202901852 9.052491959395548
S 1.5492341040692437 8.835920082098147 9.052491959395548
S 5.220743187305898 3.994666107901853 1.7552897785872565
S 1.7340470873058973 2.420626987098147 1.7552897785872565
S 2.462659468114993 5.9714937680744375 7.3924500804869595
