mp-569594.cif
Fe 1.1843310707587515 0.6837738899942474 6.569481237887337
Fe 2.3800148361998525 2.754758921523502 6.569481237887337
Fe 2.3800148361998525 2.7416499863437824 1.9383140256018976
Fe 3.5643459307587517 0.6903283575841068 1.9383140256018976
Fe 0.0 0.0 0.0
Fe 3.5756986016409518 0.6837738899942474 6.569481237887337
Fe 1.1956837416409518 0.6903283575841068 1.9383140256018976
Fe 3.5643459545589002 2.057876096349535 15.07727624614272
Fe 2.3800148600000006 0.006554467589859398 15.07727624614272
Fe 6.773771505507398e-16 4.11575219269907 10.446109033857281
Fe 1.1843310945589003 2.0644305639393954 10.446109033857281
Fe 2.380014883800149 1.3741022063552875 8.507795008255382
Fe 1.1956837654411012 2.057876096349535 15.07727624614272
Fe -1.1843310945588996 2.0644305639393954 10.446109033857281
Fe 1.1843311183590495 3.4319783027048225 23.585071254398102
Fe 2.3800148918189977e-08 1.3806566739451476 23.585071254398102
Fe 2.380014889293953e-08 1.3675477387654282 18.953904042112665
Fe -1.1956837416409507 3.4385327702946817 18.953904042112665
Fe -2.3800148215562383e-08 2.7482044539336417 17.015590271744617
Fe -1.1843310707587504 3.4319783027048225 23.585071254398102
Fe 1.1956837892412493 3.4385327702946817 18.953904042112665
Mo -2.3800148215562383e-08 2.7482044539336417 0.33753834761085755
Mo 0.0 0.0 4.23409990748448
Mo -2.3800148215562383e-08 2.7482044539336417 5.512379189745578
Mo -2.3800148215562383e-08 2.7482044539336417 8.170256915878378
Mo -2.3800148215562383e-08 2.7482044539336417 2.9954160737436575
Mo 2.380014883800149 1.3741022063552875 4.273695100770902
Mo 0.0 0.0 8.845333355866241
Mo 2.380014883800149 1.3741022063552875 12.741894915739861
Mo 0.0 0.0 14.020174198000959
Mo 0.0 0.0 16.678051924133758
Mo 0.0 0.0 11.50321108199904
Mo -2.3800148215562383e-08 2.7482044539336417 12.78149036426014
Mo 2.380014883800149 1.3741022063552875 17.353128364121627
Mo -2.3800148215562383e-08 2.7482044539336417 21.249690179229102
Mo 2.380014883800149 1.3741022063552875 22.52796920625634
Mo 2.380014883800149 1.3741022063552875 25.18584693238914
Mo 2.380014883800149 1.3741022063552875 20.011006090254426
Mo 0.0 0.0 21.28928537251552
