mp-570351.cif
Na -1.9466499110961406 4.461495173891753 5.662186762499999
Na 2.8904432039038594 3.9165958622298542 1.8873955875
Na 4.837093115 0.5448993116618988 1.8873955875
Na 1.3834219722069677e-15 7.8331917244597085 5.662186762499999
Na 6.783743026096142 3.9165958622298542 1.8873955875
Na 1.9466499110961424 4.461495173891753 5.662186762499999
Na 0.0 0.0 1.8873955875
Na 0.0 0.0 5.662186762499999
Sn 4.83709306662907 5.511674056048462 4.177547502140976
Sn 2.354703168232121 6.944882587975489 0.4027563271409761
Sn -2.3547032166030486 6.944882504194579 0.4027563271409761
Sn 4.837093167748526e-08 2.8664169800731445 3.372034847859025
Sn 2.354703168232121 6.944882587975489 3.372034847859025
Sn 4.837093167748526e-08 2.8664169800731445 0.4027563271409761
Sn -2.3547032166030486 6.944882504194579 3.372034847859025
Sn 7.19179633160305 1.4332085319270276 4.177547502140976
Sn 7.19179633160305 1.4332085319270276 7.146826022859026
Sn 2.4823899467678823 1.4332084481461171 7.146826022859026
Sn 4.83709306662907 5.511674056048462 7.146826022859026
Sn 2.4823899467678823 1.4332084481461171 4.177547502140976
Au 4.837093163370932 2.792696984113565 7.268187371035039
Au -4.837093012039414e-08 5.585394052008041 0.2813949789649621
Au -4.837093012039414e-08 5.585394052008041 3.493396196035038
Au 4.837093163370932 2.792696984113565 4.056186153964962
