mp-510268.cif
Cs 0.0 0.0 2.301968878273917
Cs 3.167995705 0.0 4.888294106726083
Cs 0.0 5.35982405 9.492231863273918
Cs 3.167995705 5.35982405 12.078557091726081
Cs 3.167995705 0.0 9.492231863273918
Cs 0.0 0.0 12.078557091726081
Cs 3.167995705 5.35982405 2.301968878273917
Cs 0.0 5.35982405 4.888294106726083
Pd 3.167995705 0.0 0.0
Pd 4.7519935575000005 8.039736075 0.0
Pd 4.7519935575000005 2.679912025 0.0
Pd 3.167995705 5.35982405 7.190262985
Pd 4.7519935575000005 2.679912025 7.190262985
Pd 4.7519935575000005 8.039736075 7.190262985
Pd 0.0 0.0 7.190262985
Pd 1.5839978525 8.039736075 7.190262985
Pd 1.5839978525 2.679912025 7.190262985
Pd 0.0 5.35982405 0.0
Pd 1.5839978525 2.679912025 0.0
Pd 1.5839978525 8.039736075 0.0
S 0.0 1.801442008636088 5.672242583964984
S 0.0 8.918206091363912 5.672242583964984
S 3.167995705 8.918206091363912 1.5180204010350145
S 3.167995705 1.801442008636088 1.5180204010350145
S 0.0 7.161266058636088 12.862505568964982
S 0.0 3.5583820413639127 12.862505568964982
S 3.167995705 3.5583820413639127 8.708283386035015
S 3.167995705 7.161266058636088 8.708283386035015
S 3.167995705 1.801442008636088 12.862505568964982
S 3.167995705 8.918206091363912 12.862505568964982
S 0.0 8.918206091363912 8.708283386035015
S 0.0 1.801442008636088 8.708283386035015
S 3.167995705 7.161266058636088 5.672242583964984
S 3.167995705 3.5583820413639127 5.672242583964984
S 0.0 3.5583820413639127 1.5180204010350145
S 0.0 7.161266058636088 1.5180204010350145
