mp-574025.cif
Hf 0.0 0.0 0.0
Hf 0.0 3.399853 3.399853
Hf 3.399853 0.0 3.399853
Hf 3.399853 3.399853 0.0
In 3.399853 0.0 0.0
In 3.399853 3.399853 3.399853
In 0.0 0.0 3.399853
In 0.0 3.399853 0.0
Au 1.6999265 5.099779499999999 5.099779499999999
Au 1.6999265 1.6999265 5.099779499999999
Au 1.6999265 1.6999265 1.6999265
Au 1.6999265 5.099779499999999 1.6999265
Au 5.099779499999999 5.099779499999999 1.6999265
Au 5.099779499999999 1.6999265 1.6999265
Au 5.099779499999999 1.6999265 5.099779499999999
Au 5.099779499999999 5.099779499999999 5.099779499999999
