mp-569708.cif
Ti 0.0 0.0 11.41393099188689
Ti 2.775551352755514 1.6024652886137194 13.578234668510813
Ti -2.7755512463054655e-08 3.2049306253013983 2.278621141489188
Ti 0.0 0.0 4.442924818113112
Ti 2.775551352755514 1.6024652886137194 6.818534259595607
Ti 0.0 0.0 0.0
Ti -2.7755512463054655e-08 3.2049306253013983 9.038321550404394
Pt 2.7755513250000012 3.203785359372826 9.054812521878237
Pt 1.3887674780104755 0.8018052772711457 9.054812521878237
Pt 3.927098004885714e-16 1.60288800293643 13.588613139207014
Pt 4.0189434671039235e-16 1.6036105545422914 6.802043288121765
Pt -1.3867838469895235 4.005590636643972 6.802043288121765
Pt 2.775551352755513 0.0034269521772343917 11.310713008951508
Pt 1.3867838469895255 4.005590636643972 6.802043288121765
Pt -1.3874095950357448 4.0059519124469025 13.588613139207014
Pt 1.3874095950357463 4.0059519124469025 13.588613139207014
Pt 4.162960920035745 0.801444001468215 2.268242670792985
Pt 4.162335171989525 0.8018052772711457 9.054812521878237
Pt 1.3907434762652833 2.4019844568319617 11.310713008951508
Pt 1.3881417299642542 0.801444001468215 2.268242670792985
Pt 2.775551325000001 3.204507910978687 2.268242670792985
Pt 1.384807848734718 2.4054114570831553 4.546142801048493
Pt -2.7755512001625572e-08 4.803968961737883 4.546142801048493
Pt 2.775551325 0.0 0.0
Pt -1.3848078209792034 2.405411409009196 4.546142801048493
Pt 4.160359145979205 2.401984504905921 11.310713008951508
Pt 1.3877756625000006 2.4036979569575587 0.0
Pt -1.3877756624999993 2.4036979569575587 0.0
