mp-5306.cif
Nb -1.6106395383156635 2.938518126858652 3.0290662525
Nb 3.350151116498489 0.07440430690832073 9.0871987575
Nb 1.739511544681313 2.864113877976651 9.0871987575
Nb 1.6106396053186882 2.938518126858652 3.0290662525
Nb 3.350151299807344e-08 5.728227697926982 3.0290662525
Nb 4.960790688315664 2.864113877976651 9.0871987575
Nb 0.0 0.0 3.0290662525
Nb 0.0 0.0 9.0871987575
Cr 0.0 0.0 0.0
Cr 0.0 0.0 6.058132505
S -3.350151102805998e-08 1.9268815765563003 7.519762383336836
S 1.6814227378672795 4.839191245570312 7.519762383336836
S -1.6814228048702997 4.839191245570312 7.519762383336836
S 5.031573954870301 0.9634407592649903 1.4616298783368369
S 1.6687284121327217 0.9634407592649903 4.596502626663162
S 3.350151183501512 3.8757504282790025 1.4616298783368369
S 1.6687284121327217 0.9634407592649903 1.4616298783368369
S -3.350151102805998e-08 1.9268815765563003 10.654635131663163
S -1.6814228048702997 4.839191245570312 10.654635131663163
S 5.031573954870301 0.9634407592649903 4.596502626663162
S 3.3501511835015116 1.9342106489363278 7.486585262998505
S -3.3501510859225583e-08 3.8684213558989753 1.428452757998505
S -3.3501510859225583e-08 3.8684213558989753 4.629679747001495
S 3.3501511835015116 1.9342106489363278 10.687812252001494
S 1.6814227378672795 4.839191245570312 10.654635131663163
S 3.350151183501512 3.8757504282790025 4.596502626663162
