mp-542826.cif
Sc 2.957253 6.82789122873 8.80499686059
Sc 0.985751 5.52592277127 5.59849213941
Sc 2.957253 0.65098422873 12.80023663941
Sc 0.985751 11.702829771269998 1.6032523605900002
Sc 2.957253 7.201557040788001 1.352285968254
Sc 0.985751 5.152256959212 13.051203031746
Sc 2.957253 1.024650040788 5.849458531745999
Sc 0.985751 11.329163959212 8.554030468254
Pb 2.957253 2.966471940564 9.745933586493
Pb 0.985751 9.387342059436001 4.6575554135070005
Pb 2.957253 9.143378940563998 11.859299913507
Pb 0.985751 3.210435059436 2.544189086493
Se 2.957253 9.858664771164 2.254462905258
Se 0.985751 2.495149228836 12.149026094742
Se 2.957253 3.681757771164 4.947281594741999
Se 0.985751 8.672056228836 9.456207405258
Se 2.957253 10.830687564312003 6.751217767569
Se 0.985751 1.5231264356879999 7.652271232431
Se 2.957253 4.653780564312 0.45052673243100005
Se 0.985751 7.700033435688001 13.952962267569001
Se 2.957253 5.760447576246 11.305284112611
Se 0.985751 6.593366423754 3.098204887389
Se 2.957253 11.937354576246 10.299949387389
Se 0.985751 0.41645942375399997 4.103539612611001
Se 2.957253 7.30833105519 6.162359926782
Se 0.985751 5.045482944810001 8.241129073218
Se 2.957253 1.1314240551899999 1.039384573218
Se 0.985751 11.222389944809999 13.364104426782001
