mp-616255.cif
In 3.2887896794025098 2.885382 7.746674786782299
In 4.64002132059182 0.961794 4.8376762102973645
In 2.4685220596350272 0.961794 11.036261890471915
In 5.460288940359303 2.885382 1.5480891066077491
Sn 8.828199844093804 2.885382 4.872346097294319
Sn -1.5395446668886226 0.961794 12.479322003658037
Sn -0.8993888440994746 0.961794 7.712004899785344
Sn 0.939485934369414 0.961794 3.520333763572068
Sn 6.989325065624917 2.885382 9.064017233507597
Sn 9.468355666882953 2.885382 0.10502899342162686
S 8.253599431951 0.961794 6.6527674920101525
S 7.139452201183635 0.961794 0.8083557862974122
S 9.540204556198509 0.961794 3.3100995958148554
S 3.8214868469819723 0.961794 2.2796803518229756
S -1.6113935562041792 2.885382 9.27425140126481
S 1.575724478720189 0.961794 8.45820657650818
S 2.8877134775746582 2.885382 5.195122116018416
S 4.1073241530123585 2.885382 10.304670645256689
S 6.3530865212741405 2.885382 4.126144420571482
S 5.041097522419671 0.961794 7.389228881061249
S 0.7893587988106939 2.885382 11.77599521078225
S 0.7072307081543354 2.885382 1.4751627925796724
S 7.221580291839996 0.961794 11.109188204499992
S -0.32478843195667256 2.885382 5.931583505069511
