mp-669720.cif
Ni 3.8698354349999997 6.4453669599194505 3.019664274075449
Ni 1.289945145 0.6537078700805499 5.099166775924552
Ni 5.1391418188646405 1.672516828232354 3.0560709798347907
Ni 2.5592515288646407 5.426558001767647 5.0627600701652105
Ni 0.020638761135359396 1.8770205867676464 7.115486504834791
Ni 2.5592515288646407 1.8770205867676464 7.115486504834791
Ni 0.020638761135359396 5.426558001767647 5.0627600701652105
Ni 2.600529051135359 1.672516828232354 3.0560709798347907
Ni 5.1391418188646405 5.222054243232355 1.0033445451652097
Ni 3.8698354349999997 2.895829544919451 1.039751250924551
Ni 2.600529051135359 5.222054243232355 1.0033445451652097
Ni 1.289945145 4.20324528508055 7.0790797990754495
Sn 3.8698354349999997 3.978885627217992 3.2798311596246625
Sn 3.8698354349999997 0.6800564412658364 5.202890606958347
Sn 1.289945145 6.419018388734165 2.9159404430416536
Sn 1.289945145 2.8694809737341638 1.1434750819583466
Sn 3.8698354349999997 4.229593856265836 6.975355968041654
Sn 3.8698354349999997 0.4293482122179919 0.7795843653753376
Sn 1.289945145 3.1201892027820093 4.838999890375338
Sn 1.289945145 6.6697266177820085 7.339246684624663
