mp-685048.cif
Ag 1.659951014539835 0.8699354703514209 21.71251639633634
Ag 1.6284918980510747 2.519318718241793 24.025694509396118
Ag -0.6941823659491302 0.6004415203097301 20.181278647776345
Ag -0.4965242771651237 0.8638920291426753 17.34082421944345
Ag 1.929353279779157 -0.6185597645531163 16.49262185810453
Ag 1.1414413282968445 -0.3692661497602552 13.780299261629969
Ag 1.868384673381435 1.9416446992181886 12.258767648449847
Ag 2.17971077480576 1.7195520323640223 6.963338771759028
Ag -0.2415977352488209 0.3372561173200104 8.935636325793261
Ag -0.07978825755141838 0.3350215892386676 2.7550783939440064
Ag -0.17885926997693943 0.3754515836887704 5.897100821802958
Ag -0.08929666726627496 3.1702934199925696 4.9810368491349255
Ag 0.025457466841453953 3.07593276209905 1.4652468728208574
Ag 2.385199018339697 1.6343426673187282 0.6077992819720595
Te -0.8995163339755011 -1.67784354172158 26.943174442238004
Te -0.7166423282208962 0.98522594919501 23.300418454795594
Te 1.6605693258801835 -0.7574574492772151 19.32366838426755
Te 1.9705862771799447 2.0677297297223745 15.486166110697681
Te -0.5091390837154289 0.4927320133795221 11.64915185510781
Te -0.1797637034284187 3.104659042184626 7.984136825355693
Te 2.2722336917497383 1.7571412316465451 3.893543004939133
