mp-637232.cif
Ta 1.737138472371385 1.002937344584527 6.691927021339152
Ta 1.737138472371385 1.002937344584527 20.209080938660847
Ta -1.7371384255882255e-08 2.005874719257175 0.0
Ta 1.737138472371385 1.002937344584527 13.450503979999997
Se 0.0 0.0 8.356492796333653
Se 0.0 0.0 18.544515163666347
Se -1.7371384255882255e-08 2.005874719257175 11.784209008213827
Se -1.7371384255882255e-08 2.005874719257175 15.116798951786173
Se 0.0 0.0 5.026272831562587
Se 1.737138472371385 1.002937344584527 25.238183487250744
Se 0.0 0.0 21.87473512843741
Se 1.737138472371385 1.002937344584527 1.6628244727492514
