mp-640189.cif
Ti 1.2581625838475972 3.725473226633273 1.054347970717076
Ti 1.054920416803919 0.9468447771476783 11.738653032936048
Ti 1.2161774648886345 1.0476599307922063 3.2133971641016066
Ti 1.021638077616441 0.9104143596912121 7.485056957227407
Ti 1.2914449230350753 3.76190364408974 5.3079440464257175
Ti 1.0969055357628816 3.6246580729887454 9.579603839551519
Ni 2.427784121078097 3.143587814034391 11.70780910751624
Ni 2.4256601764263213 3.112101450919732 7.449390070429222
Ni -0.1375029348108124 3.221044072456197 3.1675342555035106
Ni -0.1147011204265811 1.528730189746561 1.0851918961368836
Ni -0.11257717577480496 1.5602165528612195 5.343610933223903
Ni 2.4505859354623287 1.4512739313247545 9.625466748149615
