mp-607437.cif
Na 4.7394505 7.849421044694 0.0
Na 4.7394505 1.6294799553060004 0.0
Na 7.849421044694 0.0 4.7394505
Na 0.0 4.7394505 7.849421044694
Na 0.0 4.7394505 1.6294799553060004
Na 1.6294799553060004 0.0 4.7394505
In 2.6861878387860005 2.6861878387860005 6.792713161214
In 6.792713161214 6.792713161214 2.6861878387860005
In 6.792713161214 2.6861878387860005 6.792713161214
In 4.7394505 0.0 3.200731021769
In 4.7394505 0.0 6.278169978231
In 3.200731021769 4.7394505 0.0
In 6.278169978231 4.7394505 0.0
In 0.0 3.200731021769 4.7394505
In 6.792713161214 6.792713161214 6.792713161214
In 2.6861878387860005 6.792713161214 2.6861878387860005
In 0.0 6.278169978231 4.7394505
In 2.6861878387860005 6.792713161214 6.792713161214
In 6.792713161214 2.6861878387860005 2.6861878387860005
In 2.6861878387860005 2.6861878387860005 2.6861878387860005
In 0.0 0.0 0.0
Au 7.837790433167002 7.020311053125 0.0
Au 2.458589946875001 0.0 1.6411105668330002
Au 0.0 1.6411105668330002 7.020311053125
Au 1.6411105668330002 2.458589946875001 0.0
Au 7.837790433167002 2.458589946875001 0.0
Au 6.967267123129001 4.7394505 4.7394505
Au 0.0 7.837790433167002 7.020311053125
Au 1.6411105668330002 7.020311053125 0.0
Au 7.020311053125 0.0 1.6411105668330002
Au 0.0 1.6411105668330002 2.458589946875001
Au 4.7394505 4.7394505 2.511633876871
Au 4.7394505 4.7394505 6.967267123129001
Au 4.7394505 6.967267123129001 4.7394505
Au 2.458589946875001 0.0 7.837790433167002
Au 2.511633876871 4.7394505 4.7394505
Au 7.020311053125 0.0 7.837790433167002
Au 0.0 7.837790433167002 2.458589946875001
Au 4.7394505 2.511633876871 4.7394505
