mp-672652.cif
Ta 9.004431866023912 0.0 5.639754465
Ta 0.0 2.2750770639760893 5.639754465
Ta 2.2750770639760893 0.0 5.639754465
Ta 0.0 9.004431866023912 5.639754465
Ta 0.0 0.0 3.364677401023911
Ta 0.0 0.0 7.91483152897609
Ta 9.004431866023912 5.639754465 0.0
Ta 0.0 7.91483152897609 0.0
Ta 2.2750770639760893 5.639754465 0.0
Ta 0.0 3.364677401023911 0.0
Ta 0.0 5.639754465 9.004431866023912
Ta 0.0 5.639754465 2.2750770639760893
Ta 3.364677401023911 0.0 0.0
Ta 5.639754465 2.2750770639760893 0.0
Ta 7.91483152897609 0.0 0.0
Ta 5.639754465 9.004431866023912 0.0
Ta 5.639754465 0.0 9.004431866023912
Ta 5.639754465 0.0 2.2750770639760893
Ta 3.364677401023911 5.639754465 5.639754465
Ta 5.639754465 7.91483152897609 5.639754465
Ta 7.91483152897609 5.639754465 5.639754465
Ta 5.639754465 3.364677401023911 5.639754465
Ta 5.639754465 5.639754465 3.364677401023911
Ta 5.639754465 5.639754465 7.91483152897609
Co 4.292484574774901 4.292484574774901 9.932239039774903
Co 9.404229097063832 1.8752798329361688 7.515034297936168
Co 9.932239039774903 9.932239039774903 1.3472698902250986
Co 9.404229097063832 9.404229097063832 7.515034297936168
Co 1.8752798329361688 1.8752798329361688 3.7644746320638314
Co 1.8752798329361688 1.8752798329361688 7.515034297936168
Co 9.404229097063832 9.404229097063832 3.7644746320638314
Co 1.3472698902250986 1.3472698902250986 9.932239039774903
Co 1.8752798329361688 9.404229097063832 7.515034297936168
Co 6.9870243552251 6.9870243552251 1.3472698902250986
Co 1.3472698902250986 4.292484574774901 6.9870243552251
Co 6.9870243552251 9.932239039774903 4.292484574774901
Co 9.932239039774903 6.9870243552251 4.292484574774901
Co 9.404229097063832 1.8752798329361688 3.7644746320638314
Co 4.292484574774901 1.3472698902250986 6.9870243552251
Co 1.8752798329361688 9.404229097063832 3.7644746320638314
Co 4.292484574774901 9.932239039774903 4.292484574774901
Co 9.404229097063832 7.515034297936168 1.8752798329361688
Co 9.932239039774903 4.292484574774901 6.9870243552251
Co 9.404229097063832 3.7644746320638314 1.8752798329361688
Co 1.8752798329361688 7.515034297936168 9.404229097063832
Co 1.8752798329361688 7.515034297936168 1.8752798329361688
Co 9.404229097063832 3.7644746320638314 9.404229097063832
Co 1.3472698902250986 6.9870243552251 4.292484574774901
Co 1.8752798329361688 3.7644746320638314 1.8752798329361688
Co 6.9870243552251 1.3472698902250986 6.9870243552251
Co 1.3472698902250986 9.932239039774903 1.3472698902250986
Co 6.9870243552251 4.292484574774901 9.932239039774903
Co 9.932239039774903 1.3472698902250986 9.932239039774903
Co 9.404229097063832 7.515034297936168 9.404229097063832
Co 4.292484574774901 6.9870243552251 1.3472698902250986
Co 1.8752798329361688 3.7644746320638314 9.404229097063832
Co 9.932239039774903 4.292484574774901 4.292484574774901
Co 3.7644746320638314 1.8752798329361688 1.8752798329361688
Co 4.292484574774901 9.932239039774903 6.9870243552251
Co 3.7644746320638314 9.404229097063832 1.8752798329361688
Co 7.515034297936168 1.8752798329361688 9.404229097063832
Co 7.515034297936168 1.8752798329361688 1.8752798329361688
Co 3.7644746320638314 9.404229097063832 9.404229097063832
Co 6.9870243552251 1.3472698902250986 4.292484574774901
Co 7.515034297936168 9.404229097063832 1.8752798329361688
Co 1.3472698902250986 6.9870243552251 6.9870243552251
Co 6.9870243552251 4.292484574774901 1.3472698902250986
Co 1.3472698902250986 9.932239039774903 9.932239039774903
Co 4.292484574774901 6.9870243552251 9.932239039774903
Co 3.7644746320638314 1.8752798329361688 9.404229097063832
Co 9.932239039774903 1.3472698902250986 1.3472698902250986
Co 7.515034297936168 9.404229097063832 9.404229097063832
Co 9.932239039774903 9.932239039774903 9.932239039774903
Co 3.7644746320638314 7.515034297936168 7.515034297936168
Co 4.292484574774901 4.292484574774901 1.3472698902250986
Co 3.7644746320638314 3.7644746320638314 7.515034297936168
Co 7.515034297936168 7.515034297936168 3.7644746320638314
Co 7.515034297936168 7.515034297936168 7.515034297936168
Co 3.7644746320638314 3.7644746320638314 3.7644746320638314
Co 6.9870243552251 6.9870243552251 9.932239039774903
Co 7.515034297936168 3.7644746320638314 7.515034297936168
Co 1.3472698902250986 1.3472698902250986 1.3472698902250986
Co 6.9870243552251 9.932239039774903 6.9870243552251
Co 1.3472698902250986 4.292484574774901 4.292484574774901
Co 4.292484574774901 1.3472698902250986 4.292484574774901
Co 3.7644746320638314 7.515034297936168 3.7644746320638314
Co 9.932239039774903 6.9870243552251 6.9870243552251
Co 7.515034297936168 3.7644746320638314 3.7644746320638314
Ge 2.8198772325 2.8198772325 5.639754465
Ge 2.8198772325 5.639754465 8.4596316975
Ge 0.0 0.0 0.0
Ge 2.8198772325 0.0 8.4596316975
Ge 2.8198772325 2.8198772325 0.0
Ge 0.0 2.8198772325 8.4596316975
Ge 5.639754465 2.8198772325 8.4596316975
Ge 2.8198772325 8.4596316975 0.0
Ge 2.8198772325 0.0 2.8198772325
Ge 0.0 5.639754465 5.639754465
Ge 2.8198772325 5.639754465 2.8198772325
Ge 2.8198772325 8.4596316975 5.639754465
Ge 0.0 8.4596316975 2.8198772325
Ge 5.639754465 8.4596316975 2.8198772325
Ge 8.4596316975 2.8198772325 0.0
Ge 8.4596316975 5.639754465 2.8198772325
Ge 5.639754465 0.0 5.639754465
Ge 8.4596316975 0.0 2.8198772325
Ge 8.4596316975 2.8198772325 5.639754465
Ge 5.639754465 2.8198772325 2.8198772325
Ge 0.0 2.8198772325 2.8198772325
Ge 8.4596316975 8.4596316975 5.639754465
Ge 8.4596316975 0.0 8.4596316975
Ge 5.639754465 5.639754465 0.0
Ge 8.4596316975 5.639754465 8.4596316975
Ge 8.4596316975 8.4596316975 0.0
Ge 5.639754465 8.4596316975 8.4596316975
Ge 0.0 8.4596316975 8.4596316975
