mp-674993.cif
K 4.28621366322347 4.462125032353836 2.1510810794394253
K 7.87415511677653 4.462125032353836 8.398681549439425
K 0.2327574032234696 0.0445204423538364 4.096519390560574
K 3.8206988567765294 0.0445204423538364 10.344119860560571
Pb 4.029522789651081 0.1339120848659552 2.2655699824282975
Pb 4.715109059402815 2.1883077020256128 6.207636693977568
Pb 7.445259720597183 2.1883077020256128 12.455237163977566
Pb 0.023933470348919593 0.1339120848659552 8.513170452428296
Pb 8.08297904965108 4.5515166748659555 3.982030487571702
Pb 0.6616527994028176 6.605912292025613 0.0399637760224302
Pb 3.3918034605971825 6.605912292025613 6.287564246022431
Pb 4.0773897303489175 4.5515166748659555 10.229630957571704
Cl 4.431758117593658 2.1495990602703805 0.05174462632469039
Cl 5.2338015638703235 6.470801622682298 8.626635373700136
Cl 5.482686534584578 4.761953333706828 5.127692720494591
Cl 5.309947198958676 8.440784591111134 5.009212975277492
Cl 5.566494255902959 2.3160845292848844 9.040085828851552
Cl 6.593874524097039 2.3160845292848844 2.7924853588515512
Cl 6.850421581041322 8.440784591111134 11.25681344527749
Cl 6.67768224541542 4.761953333706828 11.375293190494592
Cl 6.9265672161296745 6.470801622682298 2.379034903700137
Cl 7.72861066240634 2.1495990602703805 6.29934509632469
Cl 0.3783018575936572 6.567203650270381 6.195855843675308
Cl 1.1803453038703222 2.053197032682299 10.116166036299864
Cl 1.2564909389586765 4.023180001111135 1.238387494722507
Cl 1.4292302745845797 0.344348743706828 1.1199077495054082
Cl 1.5130379959029607 6.733689119284884 9.702715581148446
Cl 2.540418264097039 6.733689119284884 3.455115111148447
Cl 2.6242259854154204 0.344348743706828 7.367508219505409
Cl 2.796965321041324 4.023180001111135 7.485987964722508
Cl 2.8731109561296773 2.053197032682299 3.8685655662998633
Cl 3.675154402406343 6.567203650270381 12.443456313675311
