mp-669692.cif
Nb 3.2414183497220064 2.763738155 11.464040613659082
Nb 1.6383641302779937 0.0 9.11625527634092
Nb 4.822382672239906 0.0 0.0
Nb 1.6383641302779937 0.0 4.6039419836590785
Nb 3.2414183497220064 2.763738155 2.2561566463409206
Nb 0.05739980776009442 2.763738155 6.860098629999999
Pd 0.7929708503237498 4.152563229787556 11.422839821701109
Pd 4.086811629676251 4.138651235212444 4.562741191701108
Pd 0.7929708503237498 4.152563229787556 2.2973574382988926
Pd 2.495925099048293 4.136025131217562 6.860098629999999
Pd 2.383857380951708 4.155189333782437 0.0
Pd 0.7929708503237498 1.3749130802124438 11.422839821701109
Pd 4.086811629676251 4.138651235212444 9.157456068298893
Pd 1.659341729585616 2.763738155 9.13324156655866
Pd 0.7929708503237498 1.3749130802124438 2.2973574382988926
Pd 3.220440750414384 0.0 2.2731429365586635
Pd 2.383857380951708 1.3722869762175625 0.0
Pd 4.086811629676251 1.3888250747875566 9.157456068298893
Pd 4.772155119971091 2.763738155 0.0
Pd 1.659341729585616 2.763738155 4.586955693441337
Pd 4.086811629676251 1.3888250747875566 4.562741191701108
Pd 3.220440750414384 0.0 11.447054323441336
Pd 0.10762736002890962 0.0 6.860098629999999
Pd 2.495925099048293 1.3914511787824373 6.860098629999999
