mp-640041.cif
Nb 3.809412375 5.106797181531006 8.6323439625
Nb 3.809412375 6.183433088468993 2.8774479875
Nb 0.0 10.751912316531007 8.6323439625
Nb 0.0 0.5383179534689946 2.8774479875
Zn 5.34672146213457 10.703845741788719 4.211907998716697
Zn 5.092622914179172 3.536874856165127 10.718428377819224
Zn 3.809412375 9.935115865751143 11.134901336990175
Zn 2.526201835820827 3.536874856165127 6.546259547180776
Zn 2.5652774165751224 1.6409508575289884 2.8774479875
Zn 5.34672146213457 0.5863845282112818 9.966803973716697
Zn 3.809412375 1.3551144042488579 5.380005361990173
Zn 2.272103287865431 10.703845741788719 1.5429879762833039
Zn 3.809412375 3.663416998956617 4.14491997368642
Zn 5.092622914179172 7.753355413834873 0.791363572180776
Zn 2.272103287865431 0.5863845282112818 9.966803973716697
Zn 2.526201835820827 7.753355413834873 4.963532402819224
Zn 5.05354733342488 9.64927941247101 8.6323439625
Zn 2.272103287865431 0.5863845282112818 7.297883951283303
Zn 3.809412375 1.3551144042488579 0.3748906130098275
Zn 2.272103287865431 10.703845741788719 4.211907998716697
Zn 5.34672146213457 10.703845741788719 1.5429879762833039
Zn 5.05354733342488 1.6409508575289884 2.8774479875
Zn 0.0 0.0 0.0
Zn 3.809412375 9.935115865751143 6.129786588009827
Zn 3.809412375 2.36002065572397 8.6323439625
Zn 2.5652774165751224 9.64927941247101 8.6323439625
Zn 2.526201835820827 7.753355413834873 0.791363572180776
Zn 5.34672146213457 0.5863845282112818 7.297883951283303
Zn 3.809412375 3.663416998956617 1.6099760013135795
Zn 2.526201835820827 3.536874856165127 10.718428377819224
Zn 0.0 0.0 5.754895975
Zn 5.092622914179172 7.753355413834873 4.963532402819224
Zn 5.092622914179172 3.536874856165127 6.546259547180776
Zn 3.809412375 8.930209614276029 2.8774479875
Zn 3.809412375 7.626813271043384 9.89981594868642
Zn 3.809412375 7.626813271043384 7.36487197631358
Zn 1.537309010946323 5.0587306067887186 4.211907998716697
Zn 1.2832105391791724 9.181989991165128 10.718428377819224
Zn 0.0 4.290000730751142 11.134901336990175
Zn 6.33561421082083 9.181989991165128 6.546259547180776
Zn 6.374689791575122 7.286065992528989 2.8774479875
Zn 1.537309010946323 6.231499663211283 9.966803973716697
Zn 0.0 7.000229539248858 5.380005361990173
Zn 6.081515662865431 5.0587306067887186 1.5429879762833039
Zn 0.0 9.308532133956618 4.14491997368642
Zn 1.2832105391791724 2.1082401659325702 0.791363572180776
Zn 6.081515662865431 6.231499663211283 9.966803973716697
Zn 6.33561421082083 2.1082401659325702 4.963532402819224
Zn 1.2441349584248773 4.004164277471012 8.6323439625
Zn 6.081515662865431 6.231499663211283 7.297883951283303
Zn 0.0 7.000229539248858 0.3748906130098275
Zn 6.081515662865431 5.0587306067887186 4.211907998716697
Zn 1.537309010946323 5.0587306067887186 1.5429879762833039
Zn 1.2441349584248773 7.286065992528989 2.8774479875
Zn 3.809412375 5.645115134999999 0.0
Zn 0.0 4.290000730751142 6.129786588009827
Zn 0.0 8.005135790723969 8.6323439625
Zn 6.374689791575122 4.004164277471012 8.6323439625
Zn 6.33561421082083 2.1082401659325702 0.791363572180776
Zn 1.537309010946323 6.231499663211283 7.297883951283303
Zn 0.0 9.308532133956618 1.6099760013135795
Zn 6.33561421082083 9.181989991165128 10.718428377819224
Zn 3.809412375 5.645115134999999 5.754895975
Zn 1.2832105391791724 2.1082401659325702 4.963532402819224
Zn 1.2832105391791724 9.181989991165128 6.546259547180776
Zn 0.0 3.28509447927603 2.8774479875
Zn 0.0 1.9816981360433827 9.89981594868642
Zn 0.0 1.9816981360433827 7.36487197631358
