mp-621581.cif
P 2.5020662325 9.226373923698944 7.377359091885631
P 2.5020662325 0.8044563718861919 10.220273414363325
P 2.5020662325 2.4194027762637442 7.2956429580472175
P 0.8340220775 0.797483676301056 4.334169088114369
P 0.8340220775 7.4313315762637435 10.271649311952782
P 0.8340220775 5.816385171886192 7.347018855636677
P 0.8340220775 9.219401228113808 1.4912547656366781
P 2.5020662325 5.8094124763010555 1.5215950018856317
P 0.8340220775 4.214445123698944 10.189933178114371
P 2.5020662325 2.5925260237362555 1.4398788680472174
P 2.5020662325 4.207472428113808 4.364509324363322
P 0.8340220775 7.604454823736256 4.415885221952783
Rh 0.8340220775 9.307793909917855 9.000536258630847
Rh 0.8340220775 4.040198402266624 0.7532631235187761
Rh 2.5020662325 8.85309428766963 11.376295523531175
Rh 2.5020662325 5.983659197733376 10.958265056481226
Rh 0.8340220775 2.933207473418912 3.486664819829796
Rh 0.8340220775 3.8411654876696315 6.190996746468829
Rh 2.5020662325 0.716063690082144 2.710991921369154
Rh 0.8340220775 0.971730397733376 6.609027213518776
Rh 0.8340220775 5.727992490082143 3.1447721686308463
Rh 2.5020662325 6.1826921123303675 5.520531433531171
Rh 2.5020662325 9.052127202266623 5.102500966481225
Rh 2.5020662325 4.295865109917856 8.566756011369153
Rh 0.8340220775 1.170763312330368 0.33523265646882877
Rh 2.5020662325 7.945136273418912 2.369099270170204
Rh 2.5020662325 7.090650126581087 8.224863360170204
Rh 0.8340220775 2.0787213265810878 9.342428909829795
