mp-675750.cif
Ca 1.8922482542403247 12.757873458234284 7.75321828874964
Ca 12.898024435674259 12.757873458234284 2.6051312200584302
Ca 9.309664199240325 5.436636668234284 7.75321828874964
Ca 5.48060849067426 5.436636668234284 2.6051312200584302
Ga 0.7010469968043128 0.6688003984817247 1.7330965789662283
Ga 4.155372681064293 13.135905959160137 1.6728001085579811
Ga 3.0058512803238293 1.6115279463807508 9.09333089587013
Ga 3.6405682135753277 2.312919708981575 2.6169884227411626
Ga 6.768402549034527 0.5034009204436101 3.4962109297245165
Ga 8.021870140880056 0.5034009204436101 6.862138579083553
Ga 5.258639163791345 3.3114063819721844 5.94605557462262
Ga 10.634900008850291 13.135905959160137 8.685549400250089
Ga 9.531633526123239 3.3114063819721844 4.412293934185449
Ga 11.784421409590754 1.6115279463807508 1.26501861293794
Ga 11.149704476339256 2.312919708981575 7.741361086066906
Ga 14.089225693110272 0.6688003984817247 8.62525292984184
Ga 8.118462941804312 7.990037188481724 1.7330965789662283
Ga 11.572788626064293 5.8146691691601395 1.6728001085579811
Ga 10.42326722532383 8.932764736380753 9.09333089587013
Ga 11.057984158575328 9.634156498981577 2.6169884227411626
Ga 14.185818494034528 7.824637710443611 3.4962109297245165
Ga 0.6044541958800563 7.824637710443611 6.862138579083553
Ga 12.676055108791346 10.632643171972186 5.94605557462262
Ga 3.2174840638502893 5.8146691691601395 8.685549400250089
Ga 2.114217581123239 10.632643171972186 4.412293934185449
Ga 4.367005464590754 8.932764736380753 1.26501861293794
Ga 3.732288531339256 9.634156498981577 7.741361086066906
Ga 6.671809748110269 7.990037188481724 8.62525292984184
Te 4.138999130653084 11.414248454790547 5.877173379057006
Te 5.561055870079175 10.180898116248835 9.636088832851101
Te 2.6731005586803063 14.57527048325723 3.359115170054084
Te 1.305437697845189 1.226413466683191 7.113430584414811
Te 4.280497825989782 13.994723494386353 9.528580766301124
Te 6.498580105518766 12.73000443826947 2.671041812316956
Te 9.22921681983541 10.180898116248835 0.7222606759569687
Te 5.528530909217841 0.7053231203323184 5.8959787554232586
Te 8.29169258439582 12.73000443826947 7.687307696491114
Te 10.651273559261499 11.414248454790547 4.481176129751062
Te 4.763296958598276 3.5981754199933538 8.563822116578883
Te 6.083846200803268 2.3218590855269015 1.7281570964194581
Te 10.509774863924802 13.994723494386353 0.8297687425069465
Te 9.261741780696743 0.7053231203323184 4.462370753384811
Te 8.706426489111315 2.3218590855269015 8.630192412388611
Te 12.117172131234277 14.57527048325723 6.999234338753986
Te 7.395136344957292 4.742345480346609 5.179174754404035
Te 7.417415945 6.1269244574204516 0.0
Te 10.026975731316309 3.5981754199933538 1.7945273922291851
Te 13.484834992069395 1.226413466683191 3.244918924393258
Te 11.556415075653085 4.093011664790551 5.877173379057006
Te 12.978471815079175 2.859661326248835 9.636088832851101
Te 10.090516503680307 7.25403369325723 3.359115170054084
Te 8.72285364284519 8.547650256683191 7.113430584414811
Te 11.697913770989782 6.673486704386353 9.528580766301124
Te 13.915996050518766 5.408767648269469 2.671041812316956
Te 1.8118008748354084 2.859661326248835 0.7222606759569687
Te 12.945946854217837 8.02655991033232 5.8959787554232586
Te 0.8742766393958186 5.408767648269469 7.687307696491114
Te 3.2338576142615 4.093011664790551 4.481176129751062
Te 12.180712903598275 10.91941220999335 8.563822116578883
Te 13.501262145803269 9.6430958755269 1.7281570964194581
Te 3.0923589189248024 6.673486704386353 0.8297687425069465
Te 1.8443258356967431 8.02655991033232 4.462370753384811
Te 1.2890105441113158 9.6430958755269 8.630192412388611
Te 4.699756186234277 7.25403369325723 6.999234338753986
Te -0.022279600042708042 12.063582270346608 5.179174754404035
Te 0.0 13.448161247420447 0.0
Te 2.6095597863163085 10.91941220999335 1.7945273922291851
Te 6.067419047069395 8.547650256683191 3.244918924393258
