mp-643063.cif
Nb 0.0 0.005196688826197699 13.199236824999996
Nb 0.0 4.054221494085481 0.0
Nb 0.0 6.077838546951406 6.673372316076525
Nb 0.0 6.077838546951406 19.725101333923476
Nb 1.7555535899999997 3.045227123826198 13.199236824999996
Nb 1.7555535899999997 1.0141910590854808 0.0
Nb 1.7555535899999997 3.037808111951406 6.673372316076525
Nb 1.7555535899999997 3.037808111951406 19.725101333923476
Se 0.0 0.0017578671987344 1.6673159804055941
Se 0.0 0.0017578671987344 24.731157669594406
Se 0.0 4.048469695701852 8.321404211480795
Se 0.0 4.048469695701852 18.077069438519207
Se 0.0 2.023269151782944 5.020398890389712
Se 0.0 2.023269151782944 21.378074759610286
Se 0.0 2.0323469866648973 11.534525318004716
Se 0.0 2.0323469866648973 14.863948331995282
Se 1.7555535899999997 3.0417883021987344 1.6673159804055941
Se 1.7555535899999997 3.0417883021987344 24.731157669594406
Se 1.7555535899999997 1.0084392607018522 8.321404211480795
Se 1.7555535899999997 1.0084392607018522 18.077069438519207
Se 1.7555535899999997 5.063299586782944 5.020398890389712
Se 1.7555535899999997 5.063299586782944 21.378074759610286
Se 1.7555535899999997 5.072377421664897 11.534525318004716
Se 1.7555535899999997 5.072377421664897 14.863948331995282
