mp-675920.cif
Ti 8.55024905113265 8.573743897633866 4.016823328074667
Ti 9.863754866995459 0.0 1.3604879535710466
Ti 8.55024905113265 1.713833802366135 4.016823328074667
Ti 2.81057801149836 8.573743897633866 1.362938865631255
Ti 1.4970721956355477 0.0 4.019274240134875
Ti 2.81057801149836 1.713833802366135 1.362938865631255
Ti 1.6062324411326487 3.429955047633865 4.016823328074667
Ti 2.9197382569954615 5.14378885 1.3604879535710466
Ti 1.6062324411326487 6.8576226523661346 4.016823328074667
Ti 9.754594621498361 3.429955047633865 1.362938865631255
Ti 8.441088805635548 5.14378885 4.019274240134875
Ti 9.754594621498361 6.8576226523661346 1.362938865631255
Ag 6.9440166099999985 0.0 0.0
Ag 0.0 5.14378885 0.0
S 7.6449013402325585 6.869157701738038 2.5312987264070186
S 6.4238061937134585 8.562045070024979 5.22199609457763
S 7.673384330372662 0.0 2.5542332444126283
S 11.928637890280067 0.0 0.1444066970655267
S 3.715925722398453 6.869157701738038 2.8484634672989024
S 6.4238061937134585 1.7255326299750209 5.22199609457763
S 7.6449013402325585 3.4184199982619634 2.5312987264070186
S 4.937020868917553 8.562045070024979 0.1577660991282908
S -0.5678108276490568 0.0 5.235355496640395
S 3.687442732258347 0.0 2.8255289492932927
S 4.937020868917553 1.7255326299750209 0.1577660991282908
S 3.715925722398453 3.4184199982619634 2.8484634672989024
S 0.7008847302325584 1.7253688517380372 2.5312987264070186
S -0.5202104162865433 3.4182562200249786 5.22199609457763
S 0.7293677203726618 5.14378885 2.5542332444126283
S 4.984621280280066 5.14378885 0.1444066970655267
S 10.659942332398451 1.7253688517380372 2.8484634672989024
S -0.5202104162865433 6.869321479975021 5.22199609457763
S 0.7008847302325584 8.562208848261964 2.5312987264070186
S 11.88103747891755 3.4182562200249786 0.1577660991282908
S 6.376205782350943 5.14378885 5.235355496640395
S 10.631459342258346 5.14378885 2.8255289492932927
S 11.88103747891755 6.869321479975021 0.1577660991282908
S 10.659942332398451 8.562208848261964 2.8484634672989024
