mp-632787.cif
Ca 3.1255664947949735 3.1669334353864755 10.181955861697599
Ca 0.945311054794973 4.253242549613525 1.9419671983023976
Ca 3.415199825205027 1.7798505546135246 4.119994331697601
Ca 1.2349443852050273 0.6935414403864752 8.003928728302398
Al 1.3670445797409279 0.6185485413729547 11.076416107616
Al 3.547300019740928 1.8548434536270455 1.0475069523839997
Al 0.813210860259072 4.328235448627046 5.014454577616
Al 2.9934663002590716 3.0919405363729546 7.109468482384
H 2.076600384113147 4.335413924746295 11.963787859438908
H 4.256855824113147 3.084762060253706 0.16013520056109196
H 0.1036550558868528 0.6113700652537061 5.901826329438908
H 2.2839104958868526 1.8620219297462939 6.22209673056109
H 0.6395474969580576 4.462931034148037 10.011633656024573
H 2.8198029369580575 2.957244950851964 2.1122894039754248
H 1.5407079430419421 0.4838529558519638 3.9496721260245744
H 3.720963383041942 1.9895390391480363 8.174250933975424
H 2.959142931313131 0.542222434606289 1.9418617201717756
H 0.7788874913131312 1.931169560393711 10.182061339828223
H 3.5816233886868694 4.404561555393712 8.003823250171775
H 1.4013679486868693 3.015614429606289 4.120099809828224
H 2.672595839688614 0.6201272085476833 9.951219904938133
H 0.49234039968861437 1.8532647864523168 2.172703155061865
H 3.8681704803113863 4.326656781452317 3.8892583749381338
H 1.687915040311386 3.0935192035476837 8.234664685061865
H 0.09341025359983679 0.6359952054237659 0.1269384443520448
H 2.2736656935998365 1.8373967895762342 11.996984615647952
H 2.086845186400163 4.310788784576234 6.188899974352044
H 4.267100626400163 3.1093872004237664 5.935023085647955
