mp-643260.cif
Na 0.0 2.63693706 1.6216084799999995
Na 2.63693706 0.0 1.6216084799999995
Na 2.63693706 0.0 4.86482544
Na 0.0 2.63693706 4.86482544
H 1.161219271219902 1.161219271219902 0.0
H 1.475717788780098 1.475717788780098 3.243216959999999
H 1.475717788780098 3.7981563312199023 3.243216959999999
H 3.7981563312199023 1.475717788780098 3.243216959999999
H 3.7981563312199023 3.7981563312199023 3.243216959999999
H 4.112654848780099 4.112654848780099 0.0
H 4.112654848780099 1.1612193239586432 0.0
H 1.1612193239586432 4.112654848780099 0.0
Pd 0.0 0.0 0.0
Pd 2.63693706 2.63693706 3.243216959999999
