mp-675691.cif
Ni 3.35659853 1.6936358925 5.96160131805144
Ni 0.0 1.6936358925 8.336825701948559
Ni 5.034897795 1.6936358925 2.38307117
Ni 1.678299265 1.6936358925 2.38307117
Ni 0.0 5.080907677500001 1.195458978051441
Ni 3.35659853 5.080907677500001 3.570683361948558
Ni 1.678299265 5.080907677500001 7.14921351
Ni 5.034897795 5.080907677500001 7.14921351
Rh 3.35659853 3.387271785 0.0
Rh 3.35659853 0.0 0.0
Rh 0.0 0.0 4.76614234
Rh 0.0 3.387271785 4.76614234
S 4.971762190609818 1.6936358925 0.10255289408408641
S 3.35659853 3.278068310505542 2.3541841532143404
S 1.7414348693901818 1.6936358925 0.10255289408408641
S 3.35659853 0.1092034744944576 2.3541841532143404
S 0.0 3.278068310505542 2.4119581867856597
S 0.0 0.1092034744944576 2.4119581867856597
S 1.615163660609818 1.6936358925 4.663589445915913
S 5.098033399390182 1.6936358925 4.663589445915913
S 1.615163660609818 5.080907677500001 4.868695234084087
S 0.0 6.665340095505543 7.12032649321434
S 5.098033399390182 5.080907677500001 4.868695234084087
S 0.0 3.4964752594944573 7.12032649321434
S 3.35659853 6.665340095505543 7.178100526785659
S 3.35659853 3.4964752594944573 7.178100526785659
S 4.971762190609818 5.080907677500001 9.429731785915914
S 1.7414348693901818 5.080907677500001 9.429731785915914
