mp-675066.cif
Nb 1.3811681232367914 6.058873890158913 0.002732288404283094
Nb 4.547149435827085 4.408718639841087 6.579586718124806
Nb 4.8118686174651915 0.6546180448201778 13.128545682855846
Nb 1.3052265724305012 2.7458632688584625 0.017141124163092002
Nb 4.471207885020798 0.7433342411415373 6.593995553883614
Nb 1.6458873048748985 2.834579465179821 6.551691253135323
Nb 7.450803093236791 2.569676380158913 0.002732288404283094
Nb -1.5224855341729153 0.9195211298410869 6.579586718124806
Nb -1.257766352534808 4.143815554820177 13.128545682855846
Nb 7.374861542430501 6.235060778858462 0.017141124163092002
Nb -1.5984270849792053 4.232531751141537 6.593995553883614
Nb 7.715522274874898 6.32377697517982 6.551691253135323
Ir 1.9181214226470311 5.929771209634606 6.571236480666655
Ir 5.084102735237327 4.537821320365394 13.148090910387177
Ir 7.987756392647033 2.4405736996346064 6.571236480666655
Ir -0.9855322347626754 1.0486238103653938 13.148090910387177
Se 5.893916873521402 6.152910973115122 11.346307446084738
Se 0.7428951929381551 0.7299763369621538 7.952403665233659
Se 2.71132305565288 0.826690402031985 11.507152839537225
Se 5.711816973142611 2.667980612101952 11.544646960492708
Se 5.855193853633893 2.5740500194537477 5.2005655611582196
Se 3.716125881213853 6.052735693899321 8.36783961980898
Se 2.9515401962241863 4.40434500054625 11.777419990878743
Se 2.727935560931107 4.314681556884878 4.769453016364217
Se 0.5501445686235595 4.414856836100679 1.7909851900884572
Se 0.6069193593076242 4.454762788022549 8.179780781171374
Se 3.5706038253172876 2.635580412511743 8.234103757241625
Se 3.51057301671733 2.523632231977451 1.6029263514508514
Se 5.614976713062586 6.151704617968015 4.930298409816702
Se 2.5458356605523176 0.8212168978980482 4.967792530772185
Se 0.4046225127269938 0.8536170974882566 1.6572493275211024
Se 3.6465488503478616 6.248418683037844 1.3755492355131358
Se -0.17571809647859926 2.6637134631151222 11.346307446084738
Se 6.812530162938154 4.219173846962153 7.952403665233659
Se -3.3583119143471203 4.315887912031985 11.507152839537225
Se -0.35781799685738913 6.157178122101952 11.544646960492708
Se -0.21444111636610774 6.063247529453746 5.2005655611582196
Se -2.3535090887861467 2.5635381838993205 8.36783961980898
Se -3.118094773775815 0.9151474905462522 11.777419990878743
Se 8.797570530931107 0.8254840468848778 4.769453016364217
Se 6.61977966001626 0.9256593261006788 1.7909851900884572
Se 6.676554329307625 0.9655652780225489 8.179780781171374
Se -2.499031144682713 6.124777922511742 8.234103757241625
Se 9.580207986717332 6.01282974197745 1.6029263514508514
Se -0.45465825693741274 2.662507107968014 4.930298409816702
Se 8.615470630552318 4.310414407898048 4.967792530772185
Se 6.474257482726994 4.342814607488255 1.6572493275211024
Se 9.716183820347862 2.759221173037845 1.3755492355131358
