mp-644431.cif
Cd 1.0696699127004397 7.6843584985066995 5.324759275142148
Cd 4.87798402876246 7.6843584985066995 5.873673763260157
Cd 5.5742502116081605 1.3758053614932988 2.1408627504593887
Cd 1.7659360955461398 1.3758053614932988 1.5919482623413799
Cd 5.08789615770044 3.1542765685067007 5.324759275142148
Cd 0.8597577837624596 3.1542765685067007 5.873673763260157
Cd 1.55602396660816 5.905887291493299 2.1408627504593887
Cd 5.78416234054614 5.905887291493299 1.5919482623413799
P 3.601110352384603 0.416810120330142 7.205713188496263
P 2.346543589078296 0.416810120330142 3.992719849906043
P 3.042809771923997 8.643353739669857 0.25990883710527424
P 4.2973765352303035 8.643353739669857 3.4729021756954954
P 2.973826970731449 1.7691129637624077 5.599216519201153
P 3.6700931535771493 7.291050896237592 1.8664055064003844
P -0.4171158926153977 4.94689214093178 7.205713188496263
P 6.364769834078294 4.94689214093178 3.992719849906043
P 7.061036016923995 4.1132718096698575 0.25990883710527424
P 0.27915029023030274 4.1132718096698575 3.4729021756954954
P -1.0443992742685504 6.299194893762407 5.599216519201153
P -0.34813309142285015 2.760968966237592 1.8664055064003844
Cl 2.973826970731449 5.762896976803982 5.599216519201153
Cl 3.6700931535771493 3.2972668831960172 1.8664055064003844
Cl -1.0443992742685504 1.2328150468039822 5.599216519201153
Cl -0.34813309142285015 7.827348813196017 1.8664055064003844
