mp-614572.cif
Ca 3.1141908525 4.175686350642788 6.824828399544303
Ca 3.1141908525 3.2450323437783584 10.671690079873551
Ca 3.1141908525 10.20799216564279 13.462163205455697
Ca 1.0380636175 1.856619464357211 0.062497864544302104
Ca 1.0380636175 7.8889252793572116 6.699832670455698
Ca 1.0380636175 11.276825185658518 5.381946822619306
Ca 1.0380636175 5.244519370658518 1.380383712380694
Ca 3.1141908525 0.7877864443414826 8.142714247380695
Ca 1.0380636175 8.819579286221641 2.852970990126449
Ca 1.0380636175 2.7872734712216416 3.9093595448735514
Ca 3.1141908525 6.820092259341482 12.144277357619305
Ca 3.1141908525 9.277338158778356 9.61530152512645
In 1.0380636175 11.441202020379896 10.822909180050612
In 3.1141908525 6.655715424620105 4.060578645050611
In 3.1141908525 0.6234096096201054 2.7017518899493895
In 1.0380636175 5.408896205379894 9.464082424949389
P 1.0380636175 5.4295700032229455 4.96302693781337
P 3.1141908525 0.6027358117770536 11.72535747281337
P 1.0380636175 9.005738415302634 11.788399840212348
P 3.1141908525 9.091179029697363 5.02606930521235
P 1.0380636175 10.808531011642021 8.29858474899295
P 1.0380636175 4.776225196642019 11.988406856007051
P 1.0380636175 2.9734326003026346 8.498591764787651
P 3.1141908525 1.25608061835798 5.226076321007053
P 3.1141908525 3.0588732146973645 1.73626122978765
P 1.0380636175 11.461875818222946 1.7993035971866305
P 3.1141908525 7.28838643335798 1.5362542139929474
P 3.1141908525 6.6350416267770544 8.561634132186631
