mp-684731.cif
Ti 2.3919036043704143 2.2278009375408128 5.9055070587272915
Ti 7.546044346363669 6.657616318264528 5.846155347816139
Ti 3.754094076219908 -0.6228772790135146 7.3666021985367784
Ti 0.589879282313452 4.466377843743643 0.0
Ti -0.14996101672215006 3.9333838926348657 7.374363178949595
Ti 5.088971267313452 4.466377843743643 0.0
Ti 0.0 0.0 0.0
Ti 6.40974225326013 1.5748806759568599 1.481867251158697
Ti 2.5056871603180704 6.131141847605244 1.4896282315715135
Ti 3.8678776321675654 3.2804636310509148 2.950723371381
Ti -1.2862631098256896 -1.1493517496728003 3.0100750822921527
Ti 5.094695221333222 0.48029566721514544 4.393062520698691
Ti 1.165086015204758 5.027968901376583 4.463167909409601
S 1.5636112591224434 0.07147400872243109 6.669549379211378
S 6.645945721097528 4.555653197853641 6.673008888504292
S 2.8663150928559125 -2.743503369630939 8.135194318842029
S -1.0790813057726885 1.7031321198359837 8.111964426423855
S 4.723593886121328 1.5256382697728457 6.642224631529235
S 0.7769881822891823 5.9926799455536335 6.616840018247416
S 4.208364947833731 2.354255066121059 0.7655583300091123
S 9.226093925935233 6.784952615685448 0.7390199270268585
S -2.9663126893972547 -1.2766880470937187 8.117210503081434
S 2.0514162887042504 3.1540095024706685 8.09067210009918
S 1.5361873504166517 3.982626298818882 2.214005798579057
S 5.482793054248797 -0.4844153769619079 2.2393904118608763
S 7.338862542310668 3.8051324487557427 0.7442660036844374
S 3.393466143682067 8.251767938222667 0.7210361112662633
S 2.8947964047389783 1.2168404406106532 3.7440158726050394
S 7.950245220653411 5.673118964396645 3.70806533360858
S -0.3861644845595465 0.9526113707380867 2.1832215416040004
S 4.696169977415537 5.436790559869296 2.1866810508969134
S 0.23809838333264152 2.897974941512676 5.19843394604405
S 4.152733992270806 -1.6012942702723858 5.1856421839354105
S 6.021682853205339 2.6102896270790508 3.657796484064242
S 2.107047244267172 7.109558838864114 3.670588246172882
S -1.6904639841154319 -0.164854395804918 5.148165096499713
S 3.3649848317990014 4.291424127981074 5.112214557503252
