mp-662549.cif
Cs 0.7561954351471948 6.484356643904555 10.966922859873844
Cs 4.638409495147196 5.196790096095445 8.305945205126157
Cs 3.1260186248528052 11.037363466095446 4.542633504873843
Cs 3.1260186248528052 6.484356643904555 4.542633504873843
Cs 4.638409495147196 0.6437832739045548 8.305945205126157
Cs 0.7561954351471948 11.037363466095446 10.966922859873844
Cs 7.008232684852804 5.196790096095445 1.8816558501261578
Cs 7.008232684852804 0.6437832739045548 1.8816558501261578
Ge 3.9284612455668744 8.760860055 0.8216911492898361
Ge 0.0462471855668748 2.920286685 5.602598205710164
Ge 3.8359668744331255 2.920286685 12.026887560710163
Ge 7.718180934433125 8.760860055 7.245980504289836
Te 5.942638842738507 8.760860055 9.123298288786136
Te 0.6526530592414972 0.9129249547854055 7.270299009214253
Te 5.33806700463011 2.920286685 4.932761966963863
Te 6.3085751753698895 2.920286685 11.357051321963862
Te 5.704003337261493 8.760860055 2.6990089337861365
Te 4.534867119241497 10.768221785214594 12.002569055785747
Te 7.111775060758503 6.753498324785406 5.578279700785747
Te 1.8217892772614923 2.920286685 3.725280421213864
Te 2.0604247827385076 2.920286685 10.149569776213864
Te 2.4263611153698896 8.760860055 7.915816743036138
Te 0.6526530592414972 4.927648415214595 7.270299009214253
Te 7.111775060758503 10.768221785214594 5.578279700785747
Te 3.229561000758503 4.927648415214595 0.8460096542142531
Te 3.229561000758503 0.9129249547854055 0.8460096542142531
Te 1.4558529446301103 8.760860055 1.491527388036137
Te 4.534867119241497 6.753498324785406 12.002569055785747
