mp-680731.cif
Tl 0.28836958703093385 3.9803794897982305 2.6128684640912803
Tl 2.6409769536594547 6.783011122475576 0.3946298000152631
Tl -0.1555631732501507 0.034100487524425904 4.8124921998737475
Tl -2.508170539878671 2.83673212020177 7.030730863949765
Tl 6.336763392030933 0.5718236847982304 2.6128684640912803
Tl 8.689370758659454 3.374455317475574 0.3946298000152631
Tl 5.892830631749849 3.4426562925244264 4.8124921998737475
Tl 3.540223265121328 6.2452879252017715 7.030730863949765
Te 11.600605848087616 1.5693354278268814 0.16388175436697444
Te 0.7743997347574739 3.709280753729833 6.604904505312396
Te 3.159764771563144 5.864519315134194 3.5744779771368282
Te 2.7556719161780086 1.8392203771731188 4.58174415422546
Te 9.619333545699204 6.516386661270169 2.1870421054539113
Te 0.3632246446535373 0.9525922948658068 7.992340376995315
Te 5.552212043087614 4.977891232826882 0.16388175436697444
Te 6.822793418789598 0.3007249487298325 6.604904505312396
Te 9.208158576563143 2.4559635101341937 3.5744779771368282
Te 8.80406572117801 5.247776182173119 4.58174415422546
Te 3.5709397406992025 3.1078308562701675 2.1870421054539113
Te 6.411618449653536 4.361148099865807 7.992340376995315
