mp-7657.cif
K -0.7467787008573267 0.0 5.347424795485023
K 7.279693207499999 3.43575325 0.0
K 2.8174152388059164 2.18002831532556 3.961306991071435
K 2.8174152388059164 11.562984684674438 3.961306991071435
K 7.279693207499999 10.307259750000002 0.0
K 6.381609178469161 0.0 2.5751891866578482
K 4.106350104142672 6.8715065 5.347424795485023
K 2.4265644025 10.307259750000002 0.0
K -2.0357135661940835 9.05153481532556 3.961306991071435
K -2.0357135661940835 4.691478184674442 3.961306991071435
K 2.4265644025 3.43575325 0.0
K 1.528480373469159 6.8715065 2.5751891866578482
Si 0.47830002114756676 0.0 1.0987749739055825
Si 5.156530456464267 0.0 6.8238390082372895
Si 5.33142882614757 6.8715065 1.0987749739055825
Si 0.30340165146426623 6.8715065 6.8238390082372895
Te 2.6243276170466348 0.0 6.963086633909011
Te 3.0105028605651976 0.0 0.9595273482338589
Te 1.0376138434888755 4.807939912589689 5.574549817768258
Te 4.597216634122958 4.807939912589689 2.3480641643746143
Te 4.597216634122958 8.93507308741031 2.3480641643746143
Te 1.0376138434888755 8.93507308741031 5.574549817768258
Te -2.2288011879533642 6.8715065 6.963086633909011
Te 7.863631665565197 6.8715065 0.9595273482338589
Te 5.890742551426297 11.679446412589689 5.574549817768258
Te -0.255912170877042 11.679446412589689 2.3480641643746143
Te -0.255912170877042 2.0635665874103104 2.3480641643746143
Te 5.890742551426297 2.0635665874103104 5.574549817768258
