mp-7066.cif
Sc 3.0514444125 3.275697723215207 2.061145349832852
Sc 1.0171481375 3.193899116784794 4.976955750167148
Sc 3.0514444125 0.040899303215206816 1.457905200167148
Sc 1.0171481375 6.428697536784793 5.5801958998328525
Ni 3.0514444125 5.250354475620879 4.0780427914791035
Ni 1.0171481375 1.219242364379122 2.960058308520897
Ni 3.0514444125 2.0155560556208783 6.479108858520897
Ni 1.0171481375 4.454040784379123 0.558992241479103
Ge 3.0514444125 1.315653655104138 4.169480534112106
Ge 1.0171481375 5.153943184895862 2.868620565887896
Ge 3.0514444125 4.550452075104138 6.387671115887895
Ge 1.0171481375 1.9191447648958624 0.6504299841121052
