mp-7643.cif
K 2.9158958858137622 3.454269626972346 1.5722216625
K 5.405753054186238 7.052270083027654 4.7166649875
K 2.9158958858137622 7.052270083027654 1.5722216625
K 5.405753054186238 3.454269626972346 4.7166649875
K 7.076720355813762 8.707539481972345 1.5722216625
K 1.244928584186239 1.7990002280276542 4.7166649875
K 7.076720355813762 1.7990002280276542 1.5722216625
K 1.244928584186239 8.707539481972345 4.7166649875
Ag 4.16082447 0.0 0.0
Ag 4.16082447 0.0 3.144443325
Ag 0.0 5.253269855 0.0
Ag 0.0 5.253269855 3.144443325
Sb 1.9663147721155751 0.0 1.5722216625
Sb 6.355334167884424 0.0 4.7166649875
Sb 6.127139242115577 5.253269855 1.5722216625
Sb 2.194509697884426 5.253269855 4.7166649875
