mp-730.cif
P 2.2331874794763844 2.2331874794763844 2.2331874794763844
P 0.6281194105236154 3.4894263005236152 5.094494369476385
P 5.094494369476385 0.6281194105236154 3.4894263005236152
P 3.4894263005236152 5.094494369476385 0.6281194105236154
P 3.4894263005236152 3.4894263005236152 3.4894263005236152
P 5.094494369476385 2.2331874794763844 0.6281194105236154
P 0.6281194105236154 5.094494369476385 2.2331874794763844
P 2.2331874794763844 0.6281194105236154 5.094494369476385
Pt 0.0 0.0 0.0
Pt 2.8613068899999994 0.0 2.8613068899999994
Pt 2.8613068899999994 2.8613068899999994 0.0
Pt 0.0 2.8613068899999994 2.8613068899999994
