mp-7221.cif
Nb 8.622028576400002 1.255808203808 1.9088769999999995
Nb 1.9955794236000002 9.361799796192 1.9088769999999995
Nb 0.0 0.0 0.0
Nb 4.0529957961920005 3.3132245764 0.0
Nb 6.564612203808001 7.3043834236 0.0
Nb 3.3132245764 6.564612203808001 0.0
Nb 7.3043834236 4.0529957961920005 0.0
Nb 5.308804 5.308804 1.9088769999999995
Nb 9.361799796192 8.622028576400002 1.9088769999999995
Nb 1.255808203808 1.9955794236000002 1.9088769999999995
As 2.5899849722640003 0.700082601088 0.0
As 8.027623027736 9.917525398912 0.0
As 6.008886601088 2.718819027736 1.9088769999999995
As 4.608721398912 7.898788972263999 1.9088769999999995
As 7.898788972263999 6.008886601088 1.9088769999999995
As 2.718819027736 4.608721398912 1.9088769999999995
As 0.700082601088 8.027623027736 0.0
As 9.917525398912 2.5899849722640003 0.0
Pd 6.491828500968 9.596279051264 1.9088769999999995
Pd 4.287475051264 9.434583499032001 0.0
Pd 4.125779499032 1.021328948736 1.9088769999999995
Pd 6.330132948736001 1.183024500968 0.0
Pd 1.183024500968 4.287475051264 0.0
Pd 9.596279051264 4.125779499032 1.9088769999999995
Pd 9.434583499032001 6.330132948736001 0.0
Pd 1.021328948736 6.491828500968 1.9088769999999995
