mp-755988.cif
Hf 7.8898647975 3.3813706275 1.1271235425
Hf 1.1271235425 5.635617712499999 1.1271235425
Hf 6.762741255 2.254247085 6.762741255
Hf 3.3813706275 1.1271235425 7.8898647975
Hf 4.50849417 4.50849417 0.0
Hf 1.1271235425 3.3813706275 7.8898647975
Hf 7.8898647975 7.8898647975 5.635617712499999
Hf 1.1271235425 1.1271235425 5.635617712499999
Hf 6.762741255 6.762741255 2.254247085
Hf 3.3813706275 5.635617712499999 3.3813706275
Hf 4.50849417 0.0 4.50849417
Hf 1.1271235425 7.8898647975 3.3813706275
Hf 3.3813706275 3.3813706275 5.635617712499999
Hf 5.635617712499999 5.635617712499999 5.635617712499999
Hf 2.254247085 2.254247085 2.254247085
Hf 7.8898647975 1.1271235425 3.3813706275
Hf 0.0 4.50849417 4.50849417
Hf 5.635617712499999 3.3813706275 3.3813706275
Hf 3.3813706275 7.8898647975 1.1271235425
Hf 5.635617712499999 1.1271235425 1.1271235425
Hf 2.254247085 6.762741255 6.762741255
Hf 7.8898647975 5.635617712499999 7.8898647975
Hf 0.0 0.0 0.0
Hf 5.635617712499999 7.8898647975 7.8898647975
N 1.197337748664979 1.197337748664979 7.819650591335019
N 1.197337748664979 3.3111564213350206 5.7058319186649795
N 3.3111564213350206 1.197337748664979 5.7058319186649795
N 3.3111564213350206 3.3111564213350206 7.819650591335019
N 7.960079003664979 3.451584833664979 7.960079003664979
N 7.960079003664979 5.56540350633502 1.0569093363350208
N 1.0569093363350208 5.56540350633502 7.960079003664979
N 1.0569093363350208 3.451584833664979 1.0569093363350208
N 1.197337748664979 5.7058319186649795 3.3111564213350206
N 1.197337748664979 7.819650591335019 1.197337748664979
N 3.3111564213350206 5.7058319186649795 1.197337748664979
N 3.3111564213350206 7.819650591335019 3.3111564213350206
N 7.960079003664979 7.960079003664979 3.451584833664979
N 7.960079003664979 1.0569093363350208 5.56540350633502
N 1.0569093363350208 1.0569093363350208 3.451584833664979
N 1.0569093363350208 7.960079003664979 5.56540350633502
N 5.7058319186649795 1.197337748664979 3.3111564213350206
N 5.7058319186649795 3.3111564213350206 1.197337748664979
N 7.819650591335019 1.197337748664979 1.197337748664979
N 7.819650591335019 3.3111564213350206 3.3111564213350206
N 3.451584833664979 3.451584833664979 3.451584833664979
N 3.451584833664979 5.56540350633502 5.56540350633502
N 5.56540350633502 5.56540350633502 3.451584833664979
N 5.56540350633502 3.451584833664979 5.56540350633502
N 5.7058319186649795 5.7058319186649795 7.819650591335019
N 5.7058319186649795 7.819650591335019 5.7058319186649795
N 7.819650591335019 5.7058319186649795 5.7058319186649795
N 7.819650591335019 7.819650591335019 7.819650591335019
N 3.451584833664979 7.960079003664979 7.960079003664979
N 3.451584833664979 1.0569093363350208 1.0569093363350208
N 5.56540350633502 1.0569093363350208 7.960079003664979
N 5.56540350633502 7.960079003664979 1.0569093363350208
