mp-7302.cif
Cr -1.5119826564586303 0.652819393030315 4.018616996583854
Cr 2.0831454761804564 4.695138956969685 1.3395389988612847
Cr 1.0751570385413696 6.000777743030316 4.018616996583854
Cr -0.5039942188195434 10.043097306969685 1.3395389988612847
P 2.125668474884352 2.351898811207918 4.33847394050499
P 0.024645602198386293 2.351898811207918 3.6987600526627182
P -0.48188943630916575 4.400500464899791 4.407499742137593
P 2.6322035133919046 4.400500464899791 3.629734251030116
P 1.0530522560309918 0.947457885100209 0.9506562533075461
P 3.113238696329921 0.947457885100209 1.7284217444150234
P 0.5465172175234398 2.996059538792082 1.6593959427824205
P 3.6197737348374734 2.996059538792082 1.0196820549401486
P -0.461471220115647 7.699857161207918 4.33847394050499
P 2.6117852971983866 7.699857161207918 3.6987600526627182
P 2.105250258690834 9.74845881489979 4.407499742137593
P 0.04506381839190482 9.74845881489979 3.629734251030116
P 3.6401919510309915 6.295416235100209 0.9506562533075461
P 0.5260990013299207 6.295416235100209 1.7284217444150234
P 3.133656912523439 8.344017888792083 1.6593959427824205
P 1.0326340398374731 8.344017888792083 1.0196820549401486
