mp-7295.cif
Rb 9.005153999999997 0.0 0.0
Rb 0.0 1.74984661 0.0
Cr 1.7671526074032073 1.74984661 7.064460267002696
Cr 4.942379452092528 0.0 1.3944068572384665
Cr 1.7704475112122877 1.74984661 4.013081371449879
Cr 4.939084548283448 0.0 4.445785752791284
Cr -1.1478109702521317 0.0 4.229433562120581
Cr 10.772306607403202 0.0 7.064460267002696
Cr 13.947533452092529 1.74984661 1.3944068572384665
Cr 10.775601511212283 0.0 4.013081371449879
Cr 13.944238548283447 1.74984661 4.445785752791284
Cr 7.857343029747866 1.74984661 4.229433562120581
S 3.929990917034654 1.74984661 2.908334884693651
S 2.779541142461081 0.0 5.550532239547511
S 5.88275218845379 1.74984661 0.11401250217939954
S 0.8267798710419456 0.0 8.344854622061764
S 5.922750820589764 1.74984661 5.66676713988646
S 0.7867812389059724 0.0 2.7920999843547007
S -0.10282681249066322 1.74984661 5.481786603485447
S 6.812358871986397 0.0 2.9770805207557163
S 12.935144917034652 0.0 2.908334884693651
S 11.78469514246108 1.74984661 5.550532239547511
S 14.887906188453789 0.0 0.11401250217939954
S 9.831933871041947 1.74984661 8.344854622061764
S 14.927904820589761 0.0 5.66676713988646
S 9.791935238905973 1.74984661 2.7920999843547007
S 8.902327187509336 0.0 5.481786603485447
S 15.817512871986398 1.74984661 2.9770805207557163
