mp-7017.cif
Na -1.5720665220999354e-08 1.8152661122763485 2.8221282314425635
Na 0.0 0.0 8.466384525
Na 1.5720665757206658 0.9076330425236784 14.110640818557437
Nb 0.0 0.0 0.0
Nb 1.5720665757206658 0.9076330425236784 5.6442562935574365
Nb -1.5720665220999354e-08 1.8152661122763485 11.288512756442564
N 1.5720665757206658 0.9076330425236784 1.1087941228474576
N 0.0 0.0 4.535462170709979
N -1.5720665220999354e-08 1.8152661122763485 6.753050585732585
N 1.5720665757206658 0.9076330425236784 10.179718464267415
N 0.0 0.0 12.397306879290023
N -1.5720665220999354e-08 1.8152661122763485 15.823974927152543
