mp-779689.cif
H 0.14092366263300002 2.6952110830260003 1.586497383051
H 5.310905416973999 3.7509136169490005 2.809629162633
H 1.082208116949 5.196487337367 0.026505583025999997
H 1.586497383051 0.14092366263300002 2.6952110830260003
H 2.6952110830260003 1.586497383051 0.14092366263300002
H 2.5277818373670002 2.6421999169739996 4.255202883050999
H 2.809629162633 5.310905416973999 3.7509136169490005
H 2.6421999169739996 4.255202883050999 2.5277818373670002
H 3.7509136169490005 2.809629162633 5.310905416973999
H 4.255202883050999 2.5277818373670002 2.6421999169739996
H 0.026505583025999997 1.082208116949 5.196487337367
H 5.196487337367 0.026505583025999997 1.082208116949
N 0.5589603669750001 0.5589603669750001 0.5589603669750001
N 2.109745133025 4.778450633025001 3.2276658669749994
N 3.2276658669749994 2.109745133025 4.778450633025001
N 4.778450633025001 3.2276658669749994 2.109745133025
