mp-7234.cif
Nb -2.6252032901823293e-08 3.031323759850644 5.24338278
Nb 2.6252033962520342 1.515661857190394 0.0
Nb 2.6252033962520342 1.515661857190394 5.24338278
Nb -2.6252032901823293e-08 3.031323759850644 0.0
Nb 3.548428485665377 0.0 7.86507417
Nb 1.7742142428326897 3.0730292120985623 2.62169139
Nb -0.850989127167311 1.4739564049424758 2.62169139
Nb -1.7742142428326875 3.0730292120985623 7.86507417
Nb 0.8509891271673119 1.4739564049424758 7.86507417
Nb 1.701978254334623 0.0 2.62169139
N 0.89484015673132 1.5499086161115427 3.9630172885707626
N 3.46072642653736 0.0 3.9630172885707626
N -1.7303632132686793 2.997077000929495 3.9630172885707626
N -0.8948401567313191 1.5499086161115427 9.206400068570764
N 3.46072642653736 0.0 1.2803654914292377
N 1.7303632132686806 2.997077000929495 9.206400068570764
N 1.7896803134626391 0.0 9.206400068570764
N 1.7303632132686806 2.997077000929495 6.523748271429238
N -0.8948401567313191 1.5499086161115427 6.523748271429238
N -1.7303632132686793 2.997077000929495 1.2803654914292377
N 1.7896803134626391 0.0 6.523748271429238
N 0.89484015673132 1.5499086161115427 1.2803654914292377
