mp-743.cif
Rb 3.152114575 3.152114575 5.6368138575
Rb 0.0 0.0 5.6368138575
Rb 0.0 0.0 1.8789379525
Rb 3.152114575 3.152114575 1.8789379525
N 3.152114575 0.0 3.757875905
N 0.0 3.152114575 3.757875905
N 0.836497574808528 3.988612149808528 3.757875905
N 5.467731575191473 3.988612149808528 0.0
N 3.988612149808528 5.467731575191473 3.757875905
N 2.3156170001914718 5.467731575191473 0.0
N 0.0 3.152114575 0.0
N 3.152114575 0.0 0.0
N 3.988612149808528 0.836497574808528 0.0
N 2.3156170001914718 0.836497574808528 3.757875905
N 0.836497574808528 2.3156170001914718 0.0
N 5.467731575191473 2.3156170001914718 3.757875905
