mp-864839.cif
Zn 4.511131635 4.511131635 1.503710545
Zn 4.511131635 4.511131635 4.511131635
Zn 4.511131635 1.503710545 4.511131635
Zn 4.511131635 1.503710545 1.503710545
Zn 1.503710545 4.511131635 4.511131635
Zn 1.503710545 4.511131635 1.503710545
Zn 1.503710545 1.503710545 1.503710545
Zn 1.503710545 1.503710545 4.511131635
Pd 0.0 3.00742109 0.0
Pd 0.0 0.0 3.00742109
Pd 3.00742109 3.00742109 3.00742109
Pd 3.00742109 0.0 0.0
Rh 0.0 0.0 0.0
Rh 0.0 3.00742109 3.00742109
Rh 3.00742109 0.0 3.00742109
Rh 3.00742109 3.00742109 0.0
