mp-8753.cif
K 0.0 0.0 5.619242449287364
K 2.8350894783508953 1.636839640765771 3.405978837127089
K -2.835089374726332e-08 3.2736793306367327 1.5427567212687698
K -2.835089374726332e-08 3.2736793306367327 7.4824648359023245
K 2.8350894783508953 1.636839640765771 14.644463735701816
K -2.835089374726332e-08 3.2736793306367327 12.431200394298184
K 0.0 0.0 10.567978007683223
K 0.0 0.0 16.507686122316777
K -2.835089374726332e-08 3.2736793306367327 23.669685292872913
K 0.0 0.0 21.456421680712637
K 2.8350894783508953 1.636839640765771 19.593199294097673
K 2.8350894783508953 1.636839640765771 25.532907408731223
Hg 0.0 0.0 0.0
Hg 2.8350894783508953 1.636839640765771 9.025221286414453
Hg -2.835089374726332e-08 3.2736793306367327 18.050442843585543
P 0.0 0.0 2.3936698452850296
P 2.8350894783508953 1.636839640765771 6.631551441129424
P 2.8350894783508953 1.636839640765771 11.41889113169948
P -2.835089374726332e-08 3.2736793306367327 15.656772998300518
P -2.835089374726332e-08 3.2736793306367327 20.44411268887058
P 0.0 0.0 24.68199428471497
