mp-867475.cif
Ta 0.0 0.0 0.0
Ta 0.0 3.182419849999999 3.182419849999999
Ta 3.182419849999999 0.0 3.182419849999999
Ta 3.182419849999999 3.182419849999999 0.0
Sn 3.182419849999999 0.0 0.0
Sn 3.182419849999999 3.182419849999999 3.182419849999999
Sn 0.0 0.0 3.182419849999999
Sn 0.0 3.182419849999999 0.0
Ru 1.5912099249999996 4.773629774999999 4.773629774999999
Ru 1.5912099249999996 1.5912099249999996 4.773629774999999
Ru 1.5912099249999996 1.5912099249999996 1.5912099249999996
Ru 1.5912099249999996 4.773629774999999 1.5912099249999996
Ru 4.773629774999999 4.773629774999999 1.5912099249999996
Ru 4.773629774999999 1.5912099249999996 1.5912099249999996
Ru 4.773629774999999 1.5912099249999996 4.773629774999999
Ru 4.773629774999999 4.773629774999999 4.773629774999999
