mp-867850.cif
Sc 3.127068615 3.127068615 0.0
Sc 3.127068615 0.0 3.127068615
Sc 0.0 3.127068615 3.127068615
Sc 0.0 0.0 0.0
Mn 3.127068615 3.127068615 3.127068615
Mn 3.127068615 0.0 0.0
Mn 0.0 3.127068615 0.0
Mn 0.0 0.0 3.127068615
Rh 4.6906029225 4.6906029225 1.5635343075
Rh 4.6906029225 1.5635343075 1.5635343075
Rh 4.6906029225 1.5635343075 4.6906029225
Rh 4.6906029225 4.6906029225 4.6906029225
Rh 1.5635343075 4.6906029225 4.6906029225
Rh 1.5635343075 1.5635343075 4.6906029225
Rh 1.5635343075 1.5635343075 1.5635343075
Rh 1.5635343075 4.6906029225 1.5635343075
