mp-861501.cif
Ag 0.0 0.0 0.0
Ag 0.0 3.23140118 3.23140118
Ag 3.23140118 0.0 3.23140118
Ag 3.23140118 3.23140118 0.0
Hg 3.23140118 3.23140118 3.23140118
Hg 3.23140118 0.0 0.0
Hg 0.0 3.23140118 0.0
Hg 0.0 0.0 3.23140118
Pd 1.61570059 1.61570059 1.61570059
Pd 1.61570059 1.61570059 4.84710177
Pd 1.61570059 4.84710177 4.84710177
Pd 1.61570059 4.84710177 1.61570059
Pd 4.84710177 1.61570059 4.84710177
Pd 4.84710177 1.61570059 1.61570059
Pd 4.84710177 4.84710177 1.61570059
Pd 4.84710177 4.84710177 4.84710177
