mp-865640.cif
Ti 0.0 0.0 0.0
Ti 0.0 3.022822165 3.022822165
Ti 3.022822165 0.0 3.022822165
Ti 3.022822165 3.022822165 0.0
Ge 3.022822165 3.022822165 3.022822165
Ge 3.022822165 0.0 0.0
Ge 0.0 3.022822165 0.0
Ge 0.0 0.0 3.022822165
Ru 4.5342332475 1.5114110825 4.5342332475
Ru 1.5114110825 1.5114110825 4.5342332475
Ru 4.5342332475 4.5342332475 1.5114110825
Ru 1.5114110825 4.5342332475 1.5114110825
Ru 1.5114110825 1.5114110825 1.5114110825
Ru 4.5342332475 1.5114110825 1.5114110825
Ru 1.5114110825 4.5342332475 4.5342332475
Ru 4.5342332475 4.5342332475 4.5342332475
