mp-850083.cif
Fe 7.009469479687014 2.104033002109676 10.027827477018688
Fe 6.1571870029885565 4.495407882028463 10.014681059629867
Fe 5.570512420524072 7.112362446754968 0.044361609060131396
Fe 4.719881610920716 1.6032911598324628 0.058413981705455524
Fe 0.6461363800757767 5.376395017345438 10.029095814377792
Fe 1.5007891162759666 2.9832926927246897 10.014761588986001
Fe 2.3190893794072123 0.7886351132929011 0.04402942546608004
Fe 3.1716418496766146 6.297398036378433 0.05620949058129651
S 0.00411066192544572 3.9480889905687544 1.1929014847469777
S 6.289248993610967 0.827776181352944 1.2619050767840099
S 5.43534298162615 2.8675175345310544 8.81975627481003
S 4.789683562212304 5.5371998054037 1.2376758067572942
S 3.824523299485101 7.6907570495750965 8.876056360916976
S 0.7362181347412601 1.4209072061681556 8.79349363854094
S 1.602326456348922 7.074313137833581 1.2594287990828998
S 2.2198090121522194 4.612601333240153 8.819776407149064
S 3.0986736742096106 2.35527156889479 1.2470071458992824
S 6.919936651813354 6.066171437606541 8.798144208857659
