mp-865588.cif
Y 5.133522225000001 5.133522225000001 5.133522225000001
Y 5.133522225000001 5.133522225000001 1.711174075
Y 5.133522225000001 1.711174075 1.711174075
Y 5.133522225000001 1.711174075 5.133522225000001
Y 1.711174075 5.133522225000001 1.711174075
Y 1.711174075 5.133522225000001 5.133522225000001
Y 1.711174075 1.711174075 5.133522225000001
Y 1.711174075 1.711174075 1.711174075
Cu 0.0 3.42234815 0.0
Cu 0.0 0.0 3.42234815
Cu 3.42234815 3.42234815 3.42234815
Cu 3.42234815 0.0 0.0
Ru 0.0 0.0 0.0
Ru 0.0 3.42234815 3.42234815
Ru 3.42234815 0.0 3.42234815
Ru 3.42234815 3.42234815 0.0
