mp-865665.cif
Ti 0.0 0.0 0.0
Ti 0.0 3.084625879999999 3.084625879999999
Ti 3.084625879999999 0.0 3.084625879999999
Ti 3.084625879999999 3.084625879999999 0.0
Re 0.0 3.084625879999999 0.0
Re 0.0 0.0 3.084625879999999
Re 3.084625879999999 3.084625879999999 3.084625879999999
Re 3.084625879999999 0.0 0.0
Tc 4.6269388199999995 4.6269388199999995 4.6269388199999995
Tc 4.6269388199999995 4.6269388199999995 1.5423129399999995
Tc 4.6269388199999995 1.5423129399999995 1.5423129399999995
Tc 4.6269388199999995 1.5423129399999995 4.6269388199999995
Tc 1.5423129399999995 4.6269388199999995 1.5423129399999995
Tc 1.5423129399999995 4.6269388199999995 4.6269388199999995
Tc 1.5423129399999995 1.5423129399999995 4.6269388199999995
Tc 1.5423129399999995 1.5423129399999995 1.5423129399999995
