mp-866117.cif
Hf 0.0 3.26390791 0.0
Hf 0.0 0.0 3.26390791
Hf 3.26390791 3.26390791 3.26390791
Hf 3.26390791 0.0 0.0
Zn 0.0 0.0 0.0
Zn 0.0 3.26390791 3.26390791
Zn 3.26390791 0.0 3.26390791
Zn 3.26390791 3.26390791 0.0
Au 4.895861865 4.895861865 4.895861865
Au 4.895861865 4.895861865 1.631953955
Au 4.895861865 1.631953955 1.631953955
Au 4.895861865 1.631953955 4.895861865
Au 1.631953955 4.895861865 1.631953955
Au 1.631953955 4.895861865 4.895861865
Au 1.631953955 1.631953955 4.895861865
Au 1.631953955 1.631953955 1.631953955
