mp-866279.cif
Ca 3.395189 0.0 0.0
Ca 3.395189 3.395189 3.395189
Ca 0.0 0.0 3.395189
Ca 0.0 3.395189 0.0
Cd 0.0 0.0 0.0
Cd 0.0 3.395189 3.395189
Cd 3.395189 0.0 3.395189
Cd 3.395189 3.395189 0.0
Pd 1.6975945 5.0927834999999995 5.0927834999999995
Pd 1.6975945 1.6975945 5.0927834999999995
Pd 1.6975945 1.6975945 1.6975945
Pd 1.6975945 5.0927834999999995 1.6975945
Pd 5.0927834999999995 5.0927834999999995 1.6975945
Pd 5.0927834999999995 1.6975945 1.6975945
Pd 5.0927834999999995 1.6975945 5.0927834999999995
Pd 5.0927834999999995 5.0927834999999995 5.0927834999999995
