mp-864684.cif
Hf 4.896908917500001 4.896908917500001 1.6323029725
Hf 4.896908917500001 4.896908917500001 4.896908917500001
Hf 4.896908917500001 1.6323029725 4.896908917500001
Hf 4.896908917500001 1.6323029725 1.6323029725
Hf 1.6323029725 4.896908917500001 4.896908917500001
Hf 1.6323029725 4.896908917500001 1.6323029725
Hf 1.6323029725 1.6323029725 1.6323029725
Hf 1.6323029725 1.6323029725 4.896908917500001
Mo 0.0 0.0 0.0
Mo 0.0 3.264605945 3.264605945
Mo 3.264605945 0.0 3.264605945
Mo 3.264605945 3.264605945 0.0
Ir 0.0 3.264605945 0.0
Ir 0.0 0.0 3.264605945
Ir 3.264605945 3.264605945 3.264605945
Ir 3.264605945 0.0 0.0
