mp-865179.cif
Hf 4.785504600000001 4.785504600000001 4.785504600000001
Hf 1.5951682 1.5951682 1.5951682
Hf 4.785504600000001 1.5951682 1.5951682
Hf 1.5951682 4.785504600000001 4.785504600000001
Hf 1.5951682 4.785504600000001 1.5951682
Hf 4.785504600000001 1.5951682 4.785504600000001
Hf 1.5951682 1.5951682 4.785504600000001
Hf 4.785504600000001 4.785504600000001 1.5951682
Fe 0.0 0.0 0.0
Fe 0.0 3.1903364 3.1903364
Fe 3.1903364 0.0 3.1903364
Fe 3.1903364 3.1903364 0.0
Os 3.1903364 3.1903364 3.1903364
Os 3.1903364 0.0 0.0
Os 0.0 3.1903364 0.0
Os 0.0 0.0 3.1903364
