mp-862365.cif
Sc 4.862706862500001 4.862706862500001 4.862706862500001
Sc 1.6209022875 4.862706862500001 4.862706862500001
Sc 4.862706862500001 1.6209022875 1.6209022875
Sc 1.6209022875 1.6209022875 1.6209022875
Sc 1.6209022875 4.862706862500001 1.6209022875
Sc 4.862706862500001 4.862706862500001 1.6209022875
Sc 1.6209022875 1.6209022875 4.862706862500001
Sc 4.862706862500001 1.6209022875 4.862706862500001
Os 0.0 0.0 0.0
Os 0.0 3.241804575 3.241804575
Os 3.241804575 0.0 3.241804575
Os 3.241804575 3.241804575 0.0
Pd 0.0 3.241804575 0.0
Pd 0.0 0.0 3.241804575
Pd 3.241804575 3.241804575 3.241804575
Pd 3.241804575 0.0 0.0
