mp-865895.cif
Ga 0.0 3.00190838 0.0
Ga 0.0 0.0 3.00190838
Ga 3.00190838 3.00190838 3.00190838
Ga 3.00190838 0.0 0.0
Ge 0.0 0.0 0.0
Ge 0.0 3.00190838 3.00190838
Ge 3.00190838 0.0 3.00190838
Ge 3.00190838 3.00190838 0.0
Ru 4.5028625700000005 4.5028625700000005 1.50095419
Ru 4.5028625700000005 4.5028625700000005 4.5028625700000005
Ru 4.5028625700000005 1.50095419 4.5028625700000005
Ru 4.5028625700000005 1.50095419 1.50095419
Ru 1.50095419 4.5028625700000005 4.5028625700000005
Ru 1.50095419 4.5028625700000005 1.50095419
Ru 1.50095419 1.50095419 1.50095419
Ru 1.50095419 1.50095419 4.5028625700000005
