mp-865130.cif
Hf 4.892506289999999 4.892506289999999 1.63083543
Hf 1.63083543 4.892506289999999 1.63083543
Hf 4.892506289999999 1.63083543 4.892506289999999
Hf 1.63083543 1.63083543 4.892506289999999
Hf 1.63083543 4.892506289999999 4.892506289999999
Hf 4.892506289999999 4.892506289999999 4.892506289999999
Hf 1.63083543 1.63083543 1.63083543
Hf 4.892506289999999 1.63083543 1.63083543
Mo 0.0 3.26167086 0.0
Mo 0.0 0.0 3.26167086
Mo 3.26167086 3.26167086 3.26167086
Mo 3.26167086 0.0 0.0
Rh 0.0 0.0 0.0
Rh 0.0 3.26167086 3.26167086
Rh 3.26167086 0.0 3.26167086
Rh 3.26167086 3.26167086 0.0
