mp-862256.cif
Cu 1.5119894875 1.5119894875 1.5119894875
Cu 4.5359684625 4.5359684625 4.5359684625
Cu 1.5119894875 4.5359684625 4.5359684625
Cu 4.5359684625 1.5119894875 1.5119894875
Cu 4.5359684625 1.5119894875 4.5359684625
Cu 1.5119894875 4.5359684625 1.5119894875
Cu 4.5359684625 4.5359684625 1.5119894875
Cu 1.5119894875 1.5119894875 4.5359684625
Pd 3.023978975 3.023978975 3.023978975
Pd 3.023978975 0.0 0.0
Pd 0.0 3.023978975 0.0
Pd 0.0 0.0 3.023978975
Au 0.0 0.0 0.0
Au 0.0 3.023978975 3.023978975
Au 3.023978975 0.0 3.023978975
Au 3.023978975 3.023978975 0.0
