mp-866025.cif
Cs -1.225835963320632 2.01275845 4.751679058886062
Cs 9.109434746679367 0.0 4.751679058886062
Cr 0.8946271172899218 2.01275845 9.360944119194532
Cr 6.988971666068812 0.0 0.14241399857759182
Cr 3.4086202649462787 2.01275845 3.1467873874824845
Cr 4.474978518412457 0.0 6.356570730289639
Cr 0.0 0.0 0.0
Cr 11.22989782728992 0.0 9.360944119194532
Cr 17.324242376068813 2.01275845 0.14241399857759182
Cr 13.743890974946279 0.0 3.1467873874824845
Cr 14.810249228412458 2.01275845 6.356570730289639
Cr 10.33527071 2.01275845 0.0
Te 3.325969641815985 2.01275845 8.005280675369802
Te 4.55762914154275 0.0 1.4980774424023218
Te 6.730563141007864 0.0 8.031872116752721
Te 1.1530356423508712 2.01275845 1.4714860010194024
Te 8.088954369788478 2.01275845 1.5837824322180567
Te -0.20535558642974214 0.0 7.919575685554066
Te 5.530341132824894 2.01275845 4.839006652066825
Te 2.353257650533843 0.0 4.664351465705298
Te 13.661240351815984 0.0 8.005280675369802
Te 14.89289985154275 2.01275845 1.4980774424023218
Te 17.065833851007863 2.01275845 8.031872116752721
Te 11.48830635235087 0.0 1.4714860010194024
Te 18.424225079788478 0.0 1.5837824322180567
Te 10.129915123570258 2.01275845 7.919575685554066
Te 15.865611842824892 0.0 4.839006652066825
Te 12.688528360533843 2.01275845 4.664351465705298
