mp-866160.cif
Y 5.25748101 5.25748101 1.7524936699999996
Y 5.25748101 5.25748101 5.25748101
Y 5.25748101 1.7524936699999996 5.25748101
Y 5.25748101 1.7524936699999996 1.7524936699999996
Y 1.7524936699999996 5.25748101 5.25748101
Y 1.7524936699999996 5.25748101 1.7524936699999996
Y 1.7524936699999996 1.7524936699999996 1.7524936699999996
Y 1.7524936699999996 1.7524936699999996 5.25748101
Ag 0.0 3.504987339999999 0.0
Ag 0.0 0.0 3.504987339999999
Ag 3.504987339999999 3.504987339999999 3.504987339999999
Ag 3.504987339999999 0.0 0.0
Ir 0.0 0.0 0.0
Ir 0.0 3.504987339999999 3.504987339999999
Ir 3.504987339999999 0.0 3.504987339999999
Ir 3.504987339999999 3.504987339999999 0.0
