mp-8648.cif
Ti 2.6043599197939997 1.735211 5.40958509187
Ti 1.658088138478 1.735211 8.31336529211
Ti 4.787749138478 1.735211 7.80704470789
Ti 1.8739126906990002 5.205633000000001 8.64218404182
Ti 5.734020919794 1.735211 10.71082490813
Ti 5.0035736906990005 5.205633000000001 7.47822595818
Ti 5.734020919794 5.205633000000001 0.03611509187000001
Ti 4.787749138478 5.205633000000001 2.9398952921100006
Ti 1.658088138478 5.205633000000001 2.43357470789
Ti 5.0035736906990005 1.735211 3.26871404182
Ti 2.6043599197939997 5.205633000000001 5.33735490813
Ti 1.8739126906990002 1.735211 2.10475595818
Fe 4.702756934701 0.0 5.37347
Fe 4.702756934701 3.470422 5.37347
Fe 0.757966338268 3.704168803388 6.69909967553
Fe 3.8876273382680004 3.704168803388 9.421310324470001
Fe 0.757966338268 6.7070971966120005 6.69909967553
Fe 3.8876273382680004 6.7070971966120005 9.421310324470001
Fe 1.573095934701 3.470422 0.0
Fe 1.573095934701 0.0 0.0
Fe 3.8876273382680004 0.233746803388 1.32562967553
Fe 0.757966338268 0.233746803388 4.04784032447
Fe 3.8876273382680004 3.236675196612 1.32562967553
Fe 0.757966338268 3.236675196612 4.04784032447
Si 3.174005166709 1.735211 10.422242701780002
Si 6.228516746777 6.882391682254 8.94716070514
Si 6.228516746777 3.528874317746 8.94716070514
Si 3.0988557467769997 6.882391682254 7.17324929486
Si 0.044344166708999995 1.735211 5.6981672982200005
Si 3.0988557467769997 3.528874317746 7.17324929486
Si 0.044344166708999995 5.205633000000001 5.04877270178
Si 3.0988557467769997 3.411969682254 3.57369070514
Si 3.0988557467769997 0.058452317746 3.57369070514
Si 6.228516746777 3.411969682254 1.7997792948600004
Si 3.174005166709 5.205633000000001 0.32469729822000004
Si 6.228516746777 0.058452317746 1.7997792948600004
