mp-8890.cif
Cs 1.8947064673253333 -0.4682665737496292 8.868618860198584
Cs 3.239974094451003 5.366701749793503 0.7114765125651137
Sb 5.417709899723342 1.5428433135621769 6.512888352984771
Sb -0.28302933794700547 3.3555918624816967 3.067207019778925
Sb 3.102258046638808 4.430820264715041 5.279608762111282
Sb 2.032422515137529 0.4676149113288332 4.300486610652416
S 3.1189755775901804 2.2750718208978062 6.90493919437016
S 2.0157049841861534 2.6233633551460667 2.675156178393537
S 5.2872818983856265 -0.7704447978084275 7.341080125485804
S -0.15260133660929057 5.668879973852301 2.2390152472778944
S -0.30589271296023857 2.233869661623132 8.843987572786626
S 5.440573274736575 2.6645655144207403 0.7361077999770725
S 4.42799037307303 0.3646656720767981 3.956989991839084
S 0.7066901887033061 4.5337695039670765 5.623105380924613
