mp-862338.cif
Sc 4.820796360000001 4.820796360000001 1.60693212
Sc 1.60693212 4.820796360000001 1.60693212
Sc 4.820796360000001 1.60693212 4.820796360000001
Sc 1.60693212 1.60693212 4.820796360000001
Sc 1.60693212 4.820796360000001 4.820796360000001
Sc 4.820796360000001 4.820796360000001 4.820796360000001
Sc 1.60693212 1.60693212 1.60693212
Sc 4.820796360000001 1.60693212 1.60693212
Cu 0.0 3.21386424 0.0
Cu 0.0 0.0 3.21386424
Cu 3.21386424 3.21386424 3.21386424
Cu 3.21386424 0.0 0.0
Ru 0.0 0.0 0.0
Ru 0.0 3.21386424 3.21386424
Ru 3.21386424 0.0 3.21386424
Ru 3.21386424 3.21386424 0.0
