mp-865659.cif
Y 1.737305035 5.211915105 1.737305035
Y 5.211915105 5.211915105 1.737305035
Y 1.737305035 1.737305035 5.211915105
Y 5.211915105 1.737305035 5.211915105
Y 5.211915105 5.211915105 5.211915105
Y 1.737305035 5.211915105 5.211915105
Y 5.211915105 1.737305035 1.737305035
Y 1.737305035 1.737305035 1.737305035
Zn 0.0 0.0 0.0
Zn 0.0 3.47461007 3.47461007
Zn 3.47461007 0.0 3.47461007
Zn 3.47461007 3.47461007 0.0
Ir 0.0 3.47461007 0.0
Ir 0.0 0.0 3.47461007
Ir 3.47461007 3.47461007 3.47461007
Ir 3.47461007 0.0 0.0
