mp-866221.cif
Hf 0.0 3.22633668 0.0
Hf 0.0 0.0 3.22633668
Hf 3.22633668 3.22633668 3.22633668
Hf 3.22633668 0.0 0.0
Sn 0.0 0.0 0.0
Sn 0.0 3.22633668 3.22633668
Sn 3.22633668 0.0 3.22633668
Sn 3.22633668 3.22633668 0.0
Rh 4.839505020000001 4.839505020000001 1.61316834
Rh 1.61316834 4.839505020000001 1.61316834
Rh 4.839505020000001 1.61316834 4.839505020000001
Rh 1.61316834 1.61316834 4.839505020000001
Rh 1.61316834 4.839505020000001 4.839505020000001
Rh 4.839505020000001 4.839505020000001 4.839505020000001
Rh 1.61316834 1.61316834 1.61316834
Rh 4.839505020000001 1.61316834 1.61316834
