mp-865520.cif
Y 0.0 0.0 0.0
Y 0.0 3.37183123 3.37183123
Y 3.37183123 0.0 3.37183123
Y 3.37183123 3.37183123 0.0
Cd 0.0 3.37183123 0.0
Cd 0.0 0.0 3.37183123
Cd 3.37183123 3.37183123 3.37183123
Cd 3.37183123 0.0 0.0
Pd 5.0577468450000005 5.0577468450000005 1.685915615
Pd 1.685915615 5.0577468450000005 1.685915615
Pd 5.0577468450000005 1.685915615 5.0577468450000005
Pd 1.685915615 1.685915615 5.0577468450000005
Pd 1.685915615 5.0577468450000005 5.0577468450000005
Pd 5.0577468450000005 5.0577468450000005 5.0577468450000005
Pd 1.685915615 1.685915615 1.685915615
Pd 5.0577468450000005 1.685915615 1.685915615
