mp-850049.cif
Co 0.0 2.769738515 2.7842419999999994
Co 0.0 0.0 0.0
Co 2.722188515 0.0 2.7842419999999994
Co 2.722188515 2.769738515 0.0
S 2.10617358718659 2.1533886032570497 2.16082237378
S 2.10617358718659 4.9231271182570495 0.62341962622
S 4.82836210218659 3.3860884267429494 0.62341962622
S 0.6160149278134099 4.9231271182570495 3.4076616262199995
S 3.33820344281341 0.61634991174295 4.945064373779999
S 0.6160149278134099 2.1533886032570497 4.945064373779999
S 4.82836210218659 0.61634991174295 2.16082237378
S 3.33820344281341 3.3860884267429494 3.4076616262199995
