mp-867958.cif
Ta 0.0 0.0 0.0
Ta 0.0 3.169481839999999 3.169481839999999
Ta 3.169481839999999 0.0 3.169481839999999
Ta 3.169481839999999 3.169481839999999 0.0
In 3.169481839999999 0.0 0.0
In 3.169481839999999 3.169481839999999 3.169481839999999
In 0.0 0.0 3.169481839999999
In 0.0 3.169481839999999 0.0
Ru 1.5847409199999996 4.75422276 4.75422276
Ru 1.5847409199999996 1.5847409199999996 4.75422276
Ru 1.5847409199999996 1.5847409199999996 1.5847409199999996
Ru 1.5847409199999996 4.75422276 1.5847409199999996
Ru 4.75422276 4.75422276 1.5847409199999996
Ru 4.75422276 1.5847409199999996 1.5847409199999996
Ru 4.75422276 1.5847409199999996 4.75422276
Ru 4.75422276 4.75422276 4.75422276
