mp-862370.cif
Sc 4.85863794 4.85863794 1.61954598
Sc 1.61954598 4.85863794 1.61954598
Sc 4.85863794 1.61954598 4.85863794
Sc 1.61954598 1.61954598 4.85863794
Sc 1.61954598 4.85863794 4.85863794
Sc 4.85863794 4.85863794 4.85863794
Sc 1.61954598 1.61954598 1.61954598
Sc 4.85863794 1.61954598 1.61954598
Pd 0.0 3.23909196 0.0
Pd 0.0 0.0 3.23909196
Pd 3.23909196 3.23909196 3.23909196
Pd 3.23909196 0.0 0.0
Ru 0.0 0.0 0.0
Ru 0.0 3.23909196 3.23909196
Ru 3.23909196 0.0 3.23909196
Ru 3.23909196 3.23909196 0.0
