mp-864715.cif
Hf 0.0 3.102507335 3.102507335
Hf 0.0 0.0 0.0
Hf 3.102507335 3.102507335 0.0
Hf 3.102507335 0.0 3.102507335
In 3.102507335 3.102507335 3.102507335
In 3.102507335 0.0 0.0
In 0.0 3.102507335 0.0
In 0.0 0.0 3.102507335
Co 4.6537610025 4.6537610025 1.5512536675
Co 4.6537610025 1.5512536675 1.5512536675
Co 4.6537610025 1.5512536675 4.6537610025
Co 4.6537610025 4.6537610025 4.6537610025
Co 1.5512536675 4.6537610025 4.6537610025
Co 1.5512536675 1.5512536675 4.6537610025
Co 1.5512536675 1.5512536675 1.5512536675
Co 1.5512536675 4.6537610025 1.5512536675
