mp-862787.cif
Al -2.311735695597139 4.210525996192356 0.4809159971257952
Al 5.846592505597144 1.9120255962084909 9.902896932125797
Al 1.0443021818012104 2.015266755082255 6.7622367460855415
Al 1.267433513795933 6.019310433527083 13.04355730660567
Al 2.2674232962040706 0.10324115887376373 3.621576371605668
Al 2.490554628198791 4.107284837318591 16.184217681085542
In 1.1465456173735344 2.0627332444892086 18.770909294578953
In 2.388311192626467 4.059818347911638 9.348928359578952
In 1.1752046103548823 6.084122601399435 6.208268173538697
In -2.321750227728414 4.0982473389130485 12.489588734058826
In 5.856607037728415 2.0243042534877973 3.0676077990588255
In 2.3596521996451187 0.03842899100141092 15.630249108538697
Se -2.0811646211715487 4.115087784421043 9.638281728204033
Se 5.616021431171551 2.0074638079798035 0.21630079320403242
Se 1.011668560474132 2.2626662687983448 15.919602477163778
Se 1.0694960606974206 5.867349131582305 3.3569611676839055
Se 2.465360749302581 0.25520246081854125 12.778942102683905
Se 2.5231882495258713 3.8598853236025015 6.497621542163779
Se 4.501279874928926 4.3280431086141204 2.889940331161811
Se -0.9664230649289243 1.7945084837867262 12.311921266161812
Se 1.0708784018015383 1.7342011669250301 9.171261080121557
Se 5.0324121532695365 0.0603073168616961 15.452581640641686
Se -1.4975553432695352 6.06224427553915 6.030600705641683
Se 2.463978408198464 4.388350425475815 18.593242015121557
Se 1.3950096067428235 2.1283055883672737 2.753890883692404
Se 2.1398472032571783 3.9942460040335726 12.175871818692404
Se 4.529042110086143 0.14396096377898734 9.03521163265215
Se 4.680518713171034 3.850285040254585 15.316532193172277
Se -1.1456619031710333 2.2722665521462613 5.894551258172276
Se -0.9941853000861409 5.978590628621858 18.45719256765215
