mp-866159.cif
Y 0.0 3.32164777 0.0
Y 0.0 0.0 3.32164777
Y 3.32164777 3.32164777 3.32164777
Y 3.32164777 0.0 0.0
Zr 0.0 0.0 0.0
Zr 0.0 3.32164777 3.32164777
Zr 3.32164777 0.0 3.32164777
Zr 3.32164777 3.32164777 0.0
Ru 4.982471655000002 4.982471655000002 1.660823885
Ru 1.660823885 4.982471655000002 1.660823885
Ru 4.982471655000002 1.660823885 4.982471655000002
Ru 1.660823885 1.660823885 4.982471655000002
Ru 1.660823885 4.982471655000002 4.982471655000002
Ru 4.982471655000002 4.982471655000002 4.982471655000002
Ru 1.660823885 1.660823885 1.660823885
Ru 4.982471655000002 1.660823885 1.660823885
