mp-813.cif
Sc 0.0 0.0 3.777652685
Sc 1.8888263425 1.8888263425 5.666479027500002
Sc 0.0 3.777652685 0.0
Sc 1.8888263425 5.666479027500002 1.8888263425
Sc 3.777652685 0.0 0.0
Sc 5.666479027500002 1.8888263425 1.8888263425
Sc 3.777652685 3.777652685 3.777652685
Sc 5.666479027500002 5.666479027500002 5.666479027500002
Al 0.94441317125 0.94441317125 0.94441317125
Al 4.722065856250002 2.833239513750001 6.610892198750002
Al 2.833239513750001 0.94441317125 2.833239513750001
Al 2.833239513750001 2.833239513750001 0.94441317125
Al 0.94441317125 4.722065856250002 4.722065856250002
Al 4.722065856250002 6.610892198750002 2.833239513750001
Al 2.833239513750001 4.722065856250002 6.610892198750002
Al 2.833239513750001 6.610892198750002 4.722065856250002
Al 4.722065856250002 0.94441317125 4.722065856250002
Al 0.94441317125 2.833239513750001 2.833239513750001
Al 6.610892198750002 0.94441317125 6.610892198750002
Al 6.610892198750002 2.833239513750001 4.722065856250002
Al 4.722065856250002 4.722065856250002 0.94441317125
Al 0.94441317125 6.610892198750002 6.610892198750002
Al 6.610892198750002 4.722065856250002 2.833239513750001
Al 6.610892198750002 6.610892198750002 0.94441317125
