mp-8147.cif
K 0.0 6.079826848154643 4.5022638825
K 3.258994524999999 1.1555746568453562 1.5007546275
K 3.258994524999999 4.264518007813253 4.5022638825
K 0.0 2.970883497186749 1.5007546275
K 3.258994524999999 13.315228353154643 4.5022638825
K 0.0 8.390976161845355 1.5007546275
K 0.0 11.49991951281325 4.5022638825
K 3.258994524999999 10.206285002186748 1.5007546275
As 2.0546021378382617 5.619356345646458 1.5007546275
As 1.2043923871617375 1.616045159353543 4.5022638825
As 5.31359666283826 1.616045159353543 4.5022638825
As 4.463386912161737 5.619356345646458 1.5007546275
As 5.31359666283826 12.854757850646461 1.5007546275
As 4.463386912161737 8.851446664353546 4.5022638825
As 2.0546021378382617 8.851446664353546 4.5022638825
As 1.2043923871617375 12.854757850646461 1.5007546275
Pd 0.0 0.0 0.0
Pd 0.0 0.0 3.001509255
Pd 3.258994524999999 7.235401505 0.0
Pd 3.258994524999999 7.235401505 3.001509255
