mp-866218.cif
Ti 1.5131844275 4.5395532825 4.5395532825
Ti 1.5131844275 1.5131844275 4.5395532825
Ti 1.5131844275 1.5131844275 1.5131844275
Ti 1.5131844275 4.5395532825 1.5131844275
Ti 4.5395532825 4.5395532825 1.5131844275
Ti 4.5395532825 1.5131844275 1.5131844275
Ti 4.5395532825 1.5131844275 4.5395532825
Ti 4.5395532825 4.5395532825 4.5395532825
Mn 3.026368855 3.026368855 3.026368855
Mn 3.026368855 0.0 0.0
Mn 0.0 3.026368855 0.0
Mn 0.0 0.0 3.026368855
Rh 0.0 0.0 0.0
Rh 0.0 3.026368855 3.026368855
Rh 3.026368855 0.0 3.026368855
Rh 3.026368855 3.026368855 0.0
