mp-864764.cif
Ta 4.704442979999999 4.704442979999999 1.5681476599999995
Ta 4.704442979999999 4.704442979999999 4.704442979999999
Ta 4.704442979999999 1.5681476599999995 4.704442979999999
Ta 4.704442979999999 1.5681476599999995 1.5681476599999995
Ta 1.5681476599999995 4.704442979999999 4.704442979999999
Ta 1.5681476599999995 4.704442979999999 1.5681476599999995
Ta 1.5681476599999995 1.5681476599999995 1.5681476599999995
Ta 1.5681476599999995 1.5681476599999995 4.704442979999999
Fe 0.0 3.136295319999999 0.0
Fe 0.0 0.0 3.136295319999999
Fe 3.136295319999999 3.136295319999999 3.136295319999999
Fe 3.136295319999999 0.0 0.0
Os 0.0 0.0 0.0
Os 0.0 3.136295319999999 3.136295319999999
Os 3.136295319999999 0.0 3.136295319999999
Os 3.136295319999999 3.136295319999999 0.0
