mp-867751.cif
Ca 1.88012908 5.64038724 1.88012908
Ca 5.64038724 5.64038724 1.88012908
Ca 1.88012908 1.88012908 5.64038724
Ca 5.64038724 1.88012908 5.64038724
Ca 5.64038724 5.64038724 5.64038724
Ca 1.88012908 5.64038724 5.64038724
Ca 5.64038724 1.88012908 1.88012908
Ca 1.88012908 1.88012908 1.88012908
Ag 0.0 3.76025816 0.0
Ag 0.0 0.0 3.76025816
Ag 3.76025816 3.76025816 3.76025816
Ag 3.76025816 0.0 0.0
Sn 0.0 0.0 0.0
Sn 0.0 3.76025816 3.76025816
Sn 3.76025816 0.0 3.76025816
Sn 3.76025816 3.76025816 0.0
