mp-8695.cif
Mn 3.1997804669978045 1.847394077021007 3.433058245378299
Mn 0.0 0.0 3.472439262233392
Mn -3.1997803700847144e-08 3.6947882094638373 10.338555960154917
Mn 3.1997804669978045 1.847394077021007 10.377936769845084
Mn 0.0 0.0 17.244053467766605
Mn -3.1997803700847144e-08 3.6947882094638373 17.2834344846217
P -3.1997803700847144e-08 3.6947882094638373 4.562725900801143
P -3.1997803700847144e-08 3.6947882094638373 2.342771813975474
P 0.0 0.0 11.468223408412834
P 0.0 0.0 9.248269321587165
P 3.1997804669978045 1.847394077021007 18.373720916024524
P 3.1997804669978045 1.847394077021007 16.153766829198855
Se -1.0695901580381872 5.517596611643769 1.750479621722464
Se -1.0438032875015455 1.8570916767422527 1.750479621722464
Se 2.1133935415331493 3.709676229161844 1.750479621722464
Se 1.0695901900359939 1.8719797518620824 5.155017885889226
Se 1.0438033194993512 5.532484686763598 5.155017885889226
Se -2.1133935095353427 3.679900134344007 5.155017885889226
Se 5.329970647966203 1.8228084576017545 8.655977336499083
Se 2.1559770835028464 3.704485809185083 8.655977336499083
Se 2.113393477537539 0.014888075119829966 8.655977336499083
Se -2.1301902129662014 3.7193738288830898 12.060515393500918
Se 1.043803351497155 1.8376964772997617 12.060515393500918
Se 1.0863869574624623 5.527294211365014 12.060515393500918
Se 2.130190244964007 3.6702025346227614 15.561474844110773
Se 2.1559771155006495 0.009697599721245452 15.561474844110773
Se 5.313173944535344 1.862282152140837 15.561474844110773
Se 4.269370593038189 0.02458567484107542 18.966013108277533
Se 4.243583722501547 3.6850906097425917 18.966013108277533
Se 1.0863868934668526 1.832506057323 18.966013108277533
