mp-865469.cif
Ti 4.56508839 4.56508839 1.52169613
Ti 4.56508839 4.56508839 4.56508839
Ti 4.56508839 1.52169613 4.56508839
Ti 4.56508839 1.52169613 1.52169613
Ti 1.52169613 4.56508839 4.56508839
Ti 1.52169613 4.56508839 1.52169613
Ti 1.52169613 1.52169613 1.52169613
Ti 1.52169613 1.52169613 4.56508839
Mn 0.0 3.04339226 0.0
Mn 0.0 0.0 3.04339226
Mn 3.04339226 3.04339226 3.04339226
Mn 3.04339226 0.0 0.0
Ru 0.0 0.0 0.0
Ru 0.0 3.04339226 3.04339226
Ru 3.04339226 0.0 3.04339226
Ru 3.04339226 3.04339226 0.0
