mp-867125.cif
Al 1.5019520575 1.5019520575 1.5019520575
Al 4.5058561725 4.5058561725 4.5058561725
Al 1.5019520575 4.5058561725 4.5058561725
Al 4.5058561725 1.5019520575 1.5019520575
Al 4.5058561725 1.5019520575 4.5058561725
Al 1.5019520575 4.5058561725 1.5019520575
Al 4.5058561725 4.5058561725 1.5019520575
Al 1.5019520575 1.5019520575 4.5058561725
Ru 3.003904115 3.003904115 3.003904115
Ru 3.003904115 0.0 0.0
Ru 0.0 3.003904115 0.0
Ru 0.0 0.0 3.003904115
Pt 0.0 0.0 0.0
Pt 0.0 3.003904115 3.003904115
Pt 3.003904115 0.0 3.003904115
Pt 3.003904115 3.003904115 0.0
