mp-862258.cif
Sc 4.954038734999998 4.954038734999998 1.6513462449999996
Sc 1.6513462449999996 4.954038734999998 1.6513462449999996
Sc 4.954038734999998 1.6513462449999996 4.954038734999998
Sc 1.6513462449999996 1.6513462449999996 4.954038734999998
Sc 1.6513462449999996 4.954038734999998 4.954038734999998
Sc 4.954038734999998 4.954038734999998 4.954038734999998
Sc 1.6513462449999996 1.6513462449999996 1.6513462449999996
Sc 4.954038734999998 1.6513462449999996 1.6513462449999996
Zn 0.0 0.0 0.0
Zn 0.0 3.302692489999999 3.302692489999999
Zn 3.302692489999999 0.0 3.302692489999999
Zn 3.302692489999999 3.302692489999999 0.0
Pt 0.0 3.302692489999999 0.0
Pt 0.0 0.0 3.302692489999999
Pt 3.302692489999999 3.302692489999999 3.302692489999999
Pt 3.302692489999999 0.0 0.0
