mp-956096.cif
Hf -2.4879017478160547e-08 2.8727815564851142 0.49442298316522976
Hf 2.4879018198790184 1.4363907566966954 7.59640515683477
Hf 2.4879018198790184 1.4363907566966954 4.539837053165229
Hf -2.4879017478160547e-08 2.8727815564851142 3.55099108683477
Fe 2.4879017949999995 2.863018307866861 2.022707035
Fe 1.555951577071305e-16 1.4461540053149484 6.0681211049999995
Fe 1.2524061063873613 0.7230770026574742 2.022707035
Fe 1.235495688612638 3.5860953105243354 6.0681211049999995
Fe 3.723397483612638 0.7230770026574742 2.022707035
Fe -1.2354956886126383 3.5860953105243354 6.0681211049999995
Fe 0.0 0.0 0.0
Fe 0.0 0.0 4.04541407
