mp-984586.cif
Nb 10.110157544301904 0.0 2.478036195
Nb 2.3999837956981005 0.0 2.478036195
Nb 6.25507067 8.655054465698102 0.0
Nb 6.25507067 3.8550868743019002 0.0
Nb 1.6781410091938833 1.6781410091938833 0.0
Nb 4.576929660806117 4.576929660806117 2.478036195
Nb 7.933211679193883 4.576929660806117 2.478036195
Nb 10.83200033080612 1.6781410091938833 0.0
Nb 3.8550868743019002 6.25507067 0.0
Nb 8.655054465698102 6.25507067 0.0
Nb 0.0 2.3999837956981005 2.478036195
Nb 0.0 10.110157544301904 2.478036195
Nb 7.933211679193883 7.933211679193883 2.478036195
Nb 10.83200033080612 10.83200033080612 0.0
Nb 1.6781411342952963 10.83200033080612 0.0
Nb 4.5769295357047035 7.933211679193883 2.478036195
Co 8.112899593114012 1.8578289231140126 3.717054292500001
Co 4.397241746885988 10.65231241688599 3.717054292500001
Co 8.112899593114012 10.65231241688599 1.2390180975
Co 4.397241746885988 1.8578289231140126 1.2390180975
Co 4.397241746885988 10.65231241688599 1.2390180975
Co 8.112899593114012 1.8578289231140126 1.2390180975
Co 4.397241746885988 1.8578289231140126 3.717054292500001
Co 8.112899593114012 10.65231241688599 3.717054292500001
Co 1.8578289231140126 8.112899593114012 1.2390180975
Co 10.65231241688599 4.397241746885988 1.2390180975
Co 1.8578289231140126 4.397241746885988 3.717054292500001
Co 10.65231241688599 8.112899593114012 3.717054292500001
Co 10.65231241688599 4.397241746885988 3.717054292500001
Co 1.8578289231140126 8.112899593114012 3.717054292500001
Co 10.65231241688599 8.112899593114012 1.2390180975
Co 1.8578289231140126 4.397241746885988 1.2390180975
Si 3.633888685097276 3.633888685097276 0.0
Si 2.6211819849027247 2.6211819849027247 2.478036195
Si 9.888959355097276 2.6211819849027247 2.478036195
Si 8.876252654902725 3.633888685097276 0.0
Si 7.436793633146008 0.0 2.478036195
Si 5.073347706853992 0.0 2.478036195
Si 6.25507067 11.328418376853994 0.0
Si 6.25507067 1.1817229631460084 0.0
Si 0.0 0.0 1.236131730500788
Si 6.25507067 6.25507067 1.241904464499212
Si 3.74986995525759 0.0 0.0
Si 8.760271384742412 0.0 0.0
Si 6.25507067 2.5052007147424113 2.478036195
Si 6.25507067 10.00494062525759 2.478036195
Si 9.888959355097276 9.888959355097276 2.478036195
Si 8.876252654902725 8.876252654902725 0.0
Si 3.633888685097276 8.876252654902725 0.0
Si 2.6211819849027247 9.888959355097276 2.478036195
Si 1.1817229631460084 6.25507067 0.0
Si 11.328418376853994 6.25507067 0.0
Si 0.0 5.073347706853992 2.478036195
Si 0.0 7.436793633146008 2.478036195
Si 6.25507067 6.25507067 3.714167925500788
Si 0.0 0.0 3.7199406594992124
Si 10.00494062525759 6.25507067 2.478036195
Si 2.5052007147424113 6.25507067 2.478036195
Si 0.0 8.760271384742412 0.0
Si 0.0 3.74986995525759 0.0
