mp-972914.cif
Sc 5.189320635 5.189320635 1.7297735449999996
Sc 1.7297735449999996 5.189320635 1.7297735449999996
Sc 5.189320635 1.7297735449999996 5.189320635
Sc 1.7297735449999996 1.7297735449999996 5.189320635
Sc 1.7297735449999996 5.189320635 5.189320635
Sc 5.189320635 5.189320635 5.189320635
Sc 1.7297735449999996 1.7297735449999996 1.7297735449999996
Sc 5.189320635 1.7297735449999996 1.7297735449999996
Al 0.0 3.459547089999999 0.0
Al 0.0 0.0 3.459547089999999
Al 3.459547089999999 3.459547089999999 3.459547089999999
Al 3.459547089999999 0.0 0.0
Cd 0.0 0.0 0.0
Cd 0.0 3.459547089999999 3.459547089999999
Cd 3.459547089999999 0.0 3.459547089999999
Cd 3.459547089999999 3.459547089999999 0.0
