mp-998787.cif
Ca 0.0 0.0 0.0
Ca 0.0 5.16936462 0.0
Tl 2.0340125763864583 2.58468231 3.2737230666263617
Tl 0.010823961663572834 7.7540469299999994 3.500360883719502
Cl 2.036677159007828 9.850870867536669 1.7934891927794971
Cl 0.008159379042203187 4.681506247536669 4.980594757566366
Cl 2.036677159007828 5.657222992463329 1.7934891927794971
Cl 0.008159379042203187 0.48785837246333036 4.980594757566366
Cl 0.0019701561382213916 2.58468231 0.8668465333369221
Cl 2.04286638191181 7.7540469299999994 5.907237417008941
