mp-977356.cif
Zn 0.0 0.0 0.0
Zn 0.0 3.01221497 3.01221497
Zn 3.01221497 0.0 3.01221497
Zn 3.01221497 3.01221497 0.0
Ga 0.0 3.01221497 0.0
Ga 0.0 0.0 3.01221497
Ga 3.01221497 3.01221497 3.01221497
Ga 3.01221497 0.0 0.0
Ir 4.518322455 4.518322455 1.506107485
Ir 1.506107485 4.518322455 1.506107485
Ir 4.518322455 1.506107485 4.518322455
Ir 1.506107485 1.506107485 4.518322455
Ir 1.506107485 4.518322455 4.518322455
Ir 4.518322455 4.518322455 4.518322455
Ir 1.506107485 1.506107485 1.506107485
Ir 4.518322455 1.506107485 1.506107485
