mp-972861.cif
Sc 5.08538523 5.08538523 1.6951284099999995
Sc 1.6951284099999995 5.08538523 1.6951284099999995
Sc 5.08538523 1.6951284099999995 5.08538523
Sc 1.6951284099999995 1.6951284099999995 5.08538523
Sc 1.6951284099999995 5.08538523 5.08538523
Sc 5.08538523 5.08538523 5.08538523
Sc 1.6951284099999995 1.6951284099999995 1.6951284099999995
Sc 5.08538523 1.6951284099999995 1.6951284099999995
Tl 0.0 0.0 0.0
Tl 0.0 3.390256819999999 3.390256819999999
Tl 3.390256819999999 0.0 3.390256819999999
Tl 3.390256819999999 3.390256819999999 0.0
Tc 0.0 3.390256819999999 0.0
Tc 0.0 0.0 3.390256819999999
Tc 3.390256819999999 3.390256819999999 3.390256819999999
Tc 3.390256819999999 0.0 0.0
