mp-977435.cif
Zr 0.0 0.0 0.0
Zr 0.0 3.14897125 3.14897125
Zr 3.14897125 0.0 3.14897125
Zr 3.14897125 3.14897125 0.0
Al 0.0 3.14897125 0.0
Al 0.0 0.0 3.14897125
Al 3.14897125 3.14897125 3.14897125
Al 3.14897125 0.0 0.0
Rh 4.723456875 4.723456875 1.574485625
Rh 1.574485625 4.723456875 1.574485625
Rh 4.723456875 1.574485625 4.723456875
Rh 1.574485625 1.574485625 4.723456875
Rh 1.574485625 4.723456875 4.723456875
Rh 4.723456875 4.723456875 4.723456875
Rh 1.574485625 1.574485625 1.574485625
Rh 4.723456875 1.574485625 1.574485625
