mp-971891.cif
Zn 4.637475569999999 4.637475569999999 1.54582519
Zn 1.54582519 4.637475569999999 1.54582519
Zn 4.637475569999999 1.54582519 4.637475569999999
Zn 1.54582519 1.54582519 4.637475569999999
Zn 1.54582519 4.637475569999999 4.637475569999999
Zn 4.637475569999999 4.637475569999999 4.637475569999999
Zn 1.54582519 1.54582519 1.54582519
Zn 4.637475569999999 1.54582519 1.54582519
Pd 0.0 0.0 0.0
Pd 0.0 3.09165038 3.09165038
Pd 3.09165038 0.0 3.09165038
Pd 3.09165038 3.09165038 0.0
Au 0.0 3.09165038 0.0
Au 0.0 0.0 3.09165038
Au 3.09165038 3.09165038 3.09165038
Au 3.09165038 0.0 0.0
