mp-9579.cif
Al 4.08196772 0.0 4.7869217850000005
Al 4.08196772 0.0 1.595640595
Al 0.0 4.08196772 1.595640595
Al 0.0 4.08196772 4.7869217850000005
Tl 0.0 0.0 1.595640595
Tl 0.0 0.0 4.7869217850000005
Tl 4.08196772 4.08196772 4.7869217850000005
Tl 4.08196772 4.08196772 1.595640595
Se 2.800211323786551 6.882179043786553 3.19128119
Se 2.800211323786551 1.2817563962134486 0.0
Se 5.363724116213448 1.2817563962134486 3.19128119
Se 5.363724116213448 6.882179043786553 0.0
Se 6.882179043786553 2.800211323786551 0.0
Se 6.882179043786553 5.363724116213448 3.19128119
Se 1.2817563962134486 5.363724116213448 0.0
Se 1.2817563962134486 2.800211323786551 3.19128119
