mp-9145.cif
Rb 8.136993153318212 4.306408679410287 5.814519458411273
Rb 5.132112128656028 4.375647697092968 2.6402289708222297
Rb 11.592642151117282 7.0358717697621405 7.410351448931924
Rb 1.6764631308569589 1.6461846067411157 1.044396980301576
Sn 8.490965857082523 7.280268576789209 2.6252280488741775
Sn 4.778139424891716 1.401787799714047 5.829520380359322
Se 6.338842940753872 7.645530637443639 4.038434006876532
Se 6.930262341220367 1.0365257390596183 4.4163144223569715
Se 7.922505895246462 7.226611276346534 7.821410749125721
Se 5.346599386727778 1.4554451001567215 0.6333376801077797
Se 4.4545203662129556 3.8416275175437313 6.084130901931477
Se 8.814584915761285 4.840428858959527 2.3706175273020254
