mp-9884.cif
K -0.5284998763752599 4.168780766771417 1.2828435938520555
K -1.5854996291257795 7.312546943228584 3.8485307815561667
K 3.1386332886247392 9.909444621771415 1.2828435938520555
K 2.0816335358742197 1.571883088228584 3.8485307815561667
Fe -0.5284998763752599 11.436903697571358 1.2828435938520555
Fe -1.5854996291257795 0.04442401242864039 3.8485307815561667
Fe 3.1386332886247392 5.69623984257136 1.2828435938520555
Fe 2.0816335358742197 5.785087867428641 3.8485307815561667
Se 0.31127934982553734 4.425798209675885 4.5910137139622655
Se 3.851987721922904 4.425798209675885 3.106047849150068
Se 4.908987474673424 7.0555295003241145 0.5403606614459566
Se 1.3682791025760568 7.0555295003241145 2.025326526258154
Se 3.978412514825537 10.166462179489164 4.5910137139622655
Se 0.18485455692290315 10.166462179489164 3.106047849150068
Se 1.241854309673423 1.314865645324114 0.5403606614459566
Se 5.0354122675760555 1.314865645324114 2.025326526258154
