mp-9481.cif
Tc 4.950383547672972 2.8355666663442065 3.1784251113767534
Tc 6.14161040337867 5.252037533237281 3.154160290588626
Tc 7.752041838501226 2.9799990684702626 3.2134983256031
Tc 3.3399521125504172 5.107605131111223 3.1190870763622787
S 3.1095248791512864 1.7440014771042371 1.98650747016518
S 7.982469071900357 6.343602722477249 4.346077931800199
S 6.435722655923458 1.593016384470182 1.8317988625473403
S 4.656271295128185 6.494587815111305 4.500786539418039
S 4.803437195731493 4.389313960902705 1.4571787516530115
S 6.288556755320149 3.6982902386787813 4.875406650312367
S 7.8968187335948965 4.614704175488641 1.6234691513642134
S 3.1951752174567463 3.472900024092845 4.7091162506011655
