mp-9938.cif
Hf 2.250256199169609 1.025096025830391 2.582823395
Hf 2.250256199169609 5.525608424169608 0.0
Hf 4.300448250830391 5.525608424169608 2.582823395
Hf 4.300448250830391 1.025096025830391 0.0
Hf 5.525608424169608 4.300448250830391 0.0
Hf 5.525608424169608 2.250256199169609 2.582823395
Hf 1.025096025830391 2.250256199169609 0.0
Hf 1.025096025830391 4.300448250830391 2.582823395
Si 0.0 0.0 3.8742350925
Si 0.0 0.0 1.2914116975
Si 3.275352225 3.275352225 1.2914116975
Si 3.275352225 3.275352225 3.8742350925
