mp-976920.cif
Ni 1.1605174173346144 6.510192425438422 3.4764812589076497
Ni 8.042219662665387 4.568238154561577 3.4764812589076497
Ni 1.1605174173346144 4.568238154561577 5.8374177410923505
Ni 8.042219662665387 6.510192425438422 5.8374177410923505
Ni 0.0 5.53921529 0.0
Ni 0.0 0.0 1.9968795481611898
Ni 0.0 0.0 7.317019451838809
Ni 6.64509278889642 5.53921529 0.0
Ni 2.5576442911035806 5.53921529 0.0
Ni 0.0 0.0 4.6569495
Ni 8.041860847946637 2.0267587706923003 1.13319359079906
Ni 1.1608762320533634 9.051671809307699 1.13319359079906
Ni 8.041860847946637 9.051671809307699 8.18070540920094
Ni 1.1608762320533634 2.0267587706923003 8.18070540920094
Ni 2.30068427 2.769607645 2.51081090166522
Ni 6.902052810000001 2.769607645 6.80308809833478
Ni 0.0 2.620149535103972 4.6569495
Ni 0.0 8.458281044896028 4.6569495
Ni 5.761885957334615 0.9709771354384233 3.4764812589076497
Ni 3.4408511226653857 10.107453444561576 3.4764812589076497
Ni 5.761885957334615 10.107453444561576 5.8374177410923505
Ni 3.4408511226653857 0.9709771354384233 5.8374177410923505
Ni 4.60136854 0.0 0.0
Ni 4.60136854 5.53921529 1.9968795481611898
Ni 4.60136854 5.53921529 7.317019451838809
Ni 2.0437242488964196 0.0 0.0
Ni 7.15901283110358 0.0 0.0
Ni 4.60136854 5.53921529 4.6569495
Ni 3.4404923079466365 7.565974060692301 1.13319359079906
Ni 5.762244772053363 3.5124565193076998 1.13319359079906
Ni 3.4404923079466365 3.5124565193076998 8.18070540920094
Ni 5.762244772053363 7.565974060692301 8.18070540920094
Ni 6.902052810000001 8.308822934999998 2.51081090166522
Ni 2.30068427 8.308822934999998 6.80308809833478
Ni 4.60136854 8.159364825103971 4.6569495
Ni 4.60136854 2.9190657548960277 4.6569495
S 8.1115351384888 9.400875905894326 1.1122508232026098
S 1.0912019415112004 1.677554674105674 1.1122508232026098
S 8.1115351384888 1.677554674105674 8.20164817679739
S 1.0912019415112004 9.400875905894326 8.20164817679739
S 3.3837145490936438 6.816542715286881 3.3571917278243397
S 5.819022530906356 4.261887864713118 3.3571917278243397
S 3.3837145490936438 4.261887864713118 5.9567072721756595
S 5.819022530906356 6.816542715286881 5.9567072721756595
S 1.2174957038285805 6.829306285942406 1.2503092578557697
S 7.985241376171418 4.2491242940575935 1.2503092578557697
S 1.2174957038285805 4.2491242940575935 8.063589742144229
S 7.985241376171418 6.829306285942406 8.063589742144229
S 1.1001293326977668 4.196932035046321 3.5980393763703895
S 8.102607747302233 6.881498544953677 3.5980393763703895
S 1.1001293326977668 6.881498544953677 5.715859623629609
S 8.102607747302233 4.196932035046321 5.715859623629609
S 3.5101665984887997 3.861660615894326 1.1122508232026098
S 5.692570481511201 7.216769964105673 1.1122508232026098
S 3.5101665984887997 7.216769964105673 8.20164817679739
S 5.692570481511201 3.861660615894326 8.20164817679739
S 7.985083089093644 1.2773274252868823 3.3571917278243397
S 1.2176539909063566 9.801103154713116 3.3571917278243397
S 7.985083089093644 9.801103154713116 5.9567072721756595
S 1.2176539909063566 1.2773274252868823 5.9567072721756595
S 5.818864243828581 1.2900909959424058 1.2503092578557697
S 3.38387283617142 9.788339584057592 1.2503092578557697
S 5.818864243828581 9.788339584057592 8.063589742144229
S 3.38387283617142 1.2900909959424058 8.063589742144229
S 5.701497872697765 9.736147325046321 3.5980393763703895
S 3.501239207302233 1.3422832549536787 3.5980393763703895
S 5.701497872697765 1.3422832549536787 5.715859623629609
S 3.501239207302233 9.736147325046321 5.715859623629609
