mp-977427.cif
Zn 4.521803115 4.521803115 1.507267705
Zn 1.507267705 4.521803115 1.507267705
Zn 4.521803115 1.507267705 4.521803115
Zn 1.507267705 1.507267705 4.521803115
Zn 1.507267705 4.521803115 4.521803115
Zn 4.521803115 4.521803115 4.521803115
Zn 1.507267705 1.507267705 1.507267705
Zn 4.521803115 1.507267705 1.507267705
Pt 0.0 3.01453541 0.0
Pt 0.0 0.0 3.01453541
Pt 3.01453541 3.01453541 3.01453541
Pt 3.01453541 0.0 0.0
Rh 0.0 0.0 0.0
Rh 0.0 3.01453541 3.01453541
Rh 3.01453541 0.0 3.01453541
Rh 3.01453541 3.01453541 0.0
