mp-9856.cif
Cs 6.3539117713411795 2.0565095325344807 1.795654015
Cs 3.23234797865882 11.190502077465515 5.386962045
Cs 3.23234797865882 2.0565095325344807 5.386962045
Cs 6.3539117713411795 11.190502077465515 1.795654015
Cs 1.5607818963411801 8.68001533753448 1.795654015
Cs 8.02547785365882 4.566996272465518 5.386962045
Cs 8.02547785365882 8.68001533753448 5.386962045
Cs 1.5607818963411801 4.566996272465518 1.795654015
Zr 0.7883925033213175 0.0 1.795654015
Zr 8.797867246678683 0.0 5.386962045
Zr 5.581522378321318 6.623505804999998 1.795654015
Zr 4.004737371678682 6.623505804999998 5.386962045
Se 6.311640392072775 0.0 5.386962045
Se 3.2746193579272247 0.0 1.795654015
Se 4.793129875 8.424634281382373 3.59130803
Se 4.793129875 8.424634281382373 0.0
Se 4.793129875 4.822377328617625 3.59130803
Se 4.793129875 4.822377328617625 0.0
Se 1.5185105170727748 6.623505804999998 5.386962045
Se 8.067749232927225 6.623505804999998 1.795654015
Se 0.0 1.801128476382373 3.59130803
Se 0.0 1.801128476382373 0.0
Se 0.0 11.445883133617627 3.59130803
Se 0.0 11.445883133617627 0.0
