mp-998750.cif
K -3.591408016889223e-08 4.147000927759128 15.894829128358909
K -3.591408016889223e-08 4.147000927759128 7.302705978358909
K 0.0 0.0 4.438664871078087
K 0.0 0.0 13.03078802107809
K 3.5914081709140824 2.0735004327770574 10.166746913797267
K 3.5914081709140824 2.0735004327770574 1.5746237637972662
Ag -3.591408016889223e-08 4.147000927759128 11.541130216529005
Ag -3.591408016889223e-08 4.147000927759128 2.9490070665290045
Ag 0.0 0.0 0.08496595924818301
Ag 0.0 0.0 8.677089109248184
Ag 3.5914081709140824 2.0735004327770574 5.8130480019673625
Ag 3.5914081709140824 2.0735004327770574 14.40517115196736
Cl -1.9477140441360905 3.380495945320622 4.383455496407911
Cl 0.3100441812778334 6.217023229405456 4.383455496407911
Cl 1.6376697551160166 2.8434836085513084 4.383455496407911
Cl -0.3100442171919124 2.0700223016463277 1.519414389127089
Cl 1.9537383439699028 4.916984041328366 1.519414389127089
Cl -1.6436941267779894 5.4539963780976795 1.519414389127089
Cl 1.6436941267779897 5.4539963780976795 10.11153753912709
Cl 0.3100442171919136 2.0700223016463277 10.11153753912709
Cl -1.953738343969902 4.916984041328366 10.11153753912709
Cl 3.28136395372217 4.143522734423384 7.247496431846269
Cl 1.9537383798839845 0.7699831135692373 7.247496431846269
Cl 5.539122179136092 1.3069954503385506 7.247496431846269
Cl 1.6436941626920718 1.3069954503385506 15.83961958184627
Cl 3.9014523881059957 4.143522734423384 15.83961958184627
Cl 5.229077961944179 0.7699831135692373 15.83961958184627
Cl -0.3100442531059924 6.217023229405456 12.97557864640791
Cl -1.6376698269441776 2.8434836085513084 12.97557864640791
Cl 1.9477139723079293 3.380495945320622 12.97557864640791
