mp-984761.cif
Cs 0.0 4.46567461 0.0
Cs 0.0 0.0 4.46567461
Cs 4.46567461 4.46567461 4.46567461
Cs 4.46567461 0.0 0.0
Rb 6.698511914999999 6.698511914999999 2.232837305
Rb 2.232837305 6.698511914999999 2.232837305
Rb 6.698511914999999 2.232837305 6.698511914999999
Rb 2.232837305 2.232837305 6.698511914999999
Rb 2.232837305 6.698511914999999 6.698511914999999
Rb 6.698511914999999 6.698511914999999 6.698511914999999
Rb 2.232837305 2.232837305 2.232837305
Rb 6.698511914999999 2.232837305 2.232837305
Sb 0.0 0.0 0.0
Sb 0.0 4.46567461 4.46567461
Sb 4.46567461 0.0 4.46567461
Sb 4.46567461 4.46567461 0.0
