mp-9383.cif
Sr 0.0 0.0 0.0
Sr 1.6783631217836317 0.9690033807796521 5.922027944113054
Sr -1.6783630663409447e-08 1.938006790629406 11.844056065886948
Hf -1.6783630663409447e-08 1.938006790629406 2.9610140608869466
Hf 1.6783631049999999 2.907010171409058 8.883042005
Hf 1.6783631217836317 0.9690033807796521 14.805069949113053
N 0.0 0.0 4.13295965541432
N 1.6783631217836317 0.9690033807796521 1.7890682886987335
N 1.6783631217836317 0.9690033807796521 10.054987599527374
N -1.6783630663409447e-08 1.938006790629406 7.711096410472627
N -1.6783630663409447e-08 1.938006790629406 15.977015721301266
N 0.0 0.0 13.63312435458568
