mp-977568.cif
Zr 0.0 0.0 0.0
Zr 0.0 3.29923366 3.29923366
Zr 3.29923366 0.0 3.29923366
Zr 3.29923366 3.29923366 0.0
Sn 0.0 3.29923366 0.0
Sn 0.0 0.0 3.29923366
Sn 3.29923366 3.29923366 3.29923366
Sn 3.29923366 0.0 0.0
Pd 4.94885049 4.94885049 1.64961683
Pd 1.64961683 4.94885049 1.64961683
Pd 4.94885049 1.64961683 4.94885049
Pd 1.64961683 1.64961683 4.94885049
Pd 1.64961683 4.94885049 4.94885049
Pd 4.94885049 4.94885049 4.94885049
Pd 1.64961683 1.64961683 1.64961683
Pd 4.94885049 1.64961683 1.64961683
