mp-977434.cif
Nb 4.847781465000001 4.847781465000001 1.615927155
Nb 1.615927155 4.847781465000001 1.615927155
Nb 0.0 3.23185431 0.0
Nb 4.847781465000001 1.615927155 4.847781465000001
Nb 1.615927155 1.615927155 4.847781465000001
Nb 0.0 0.0 3.23185431
Nb 1.615927155 4.847781465000001 4.847781465000001
Nb 4.847781465000001 4.847781465000001 4.847781465000001
Nb 3.23185431 3.23185431 3.23185431
Nb 1.615927155 1.615927155 1.615927155
Nb 4.847781465000001 1.615927155 1.615927155
Nb 3.23185431 0.0 0.0
Ru 0.0 0.0 0.0
Ru 0.0 3.23185431 3.23185431
Ru 3.23185431 0.0 3.23185431
Ru 3.23185431 3.23185431 0.0
