mp-978.cif
Sr 1.3443018625 4.049808167509628 3.23382620735584
Sr 4.0329055875 4.409205962490372 6.867187822644159
Sr 1.3443018625 8.279315232509628 1.8166808076441598
Sr 4.0329055875 0.17969889749037238 8.28433322235584
Sr 4.0329055875 1.3105858499723333 4.305322078680882
Sr 1.3443018625 7.148428280027667 5.795691951319119
Sr 4.0329055875 5.540092914972333 0.7451849363191184
Sr 1.3443018625 2.918921215027667 9.355829093680882
Sn 1.3443018625 6.330241473382351 9.025566136935721
Sn 4.0329055875 2.128772656617649 1.075447893064279
Sn 1.3443018625 2.100734408382351 6.125954908064279
Sn 4.0329055875 6.358279721617649 3.975059121935721
