mp-985584.cif
Na 3.47333428 0.0 0.0
Na 0.0 0.0 3.47333428
Na 0.0 3.47333428 0.0
Na 0.0 3.47333428 3.47333428
Na 3.47333428 3.47333428 0.0
Na 3.47333428 0.0 3.47333428
P 0.0 0.0 0.0
P 3.47333428 3.47333428 3.47333428
S 5.75993269988526 1.18673586011474 1.18673586011474
S 2.28659841988526 2.28659841988526 2.28659841988526
S 1.18673586011474 1.18673586011474 5.75993269988526
S 1.18673586011474 5.75993269988526 1.18673586011474
S 2.28659841988526 4.6600701401147395 4.6600701401147395
S 5.75993269988526 5.75993269988526 5.75993269988526
S 4.6600701401147395 4.6600701401147395 2.28659841988526
S 4.6600701401147395 2.28659841988526 4.6600701401147395
