mp-977115.cif
Na 0.0 3.84464672 0.0
Na 0.0 0.0 3.84464672
Na 3.84464672 3.84464672 3.84464672
Na 3.84464672 0.0 0.0
Sr 0.0 0.0 0.0
Sr 0.0 3.84464672 3.84464672
Sr 3.84464672 0.0 3.84464672
Sr 3.84464672 3.84464672 0.0
Hg 5.76697008 5.76697008 1.92232336
Hg 1.92232336 5.76697008 1.92232336
Hg 5.76697008 1.92232336 5.76697008
Hg 1.92232336 1.92232336 5.76697008
Hg 1.92232336 5.76697008 5.76697008
Hg 5.76697008 5.76697008 5.76697008
Hg 1.92232336 1.92232336 1.92232336
Hg 5.76697008 1.92232336 1.92232336
