mp-971739.cif
Zn 3.01771062 3.01771062 3.01771062
Zn 3.01771062 0.0 0.0
Zn 0.0 3.01771062 0.0
Zn 0.0 0.0 3.01771062
Cu 0.0 0.0 0.0
Cu 0.0 3.01771062 3.01771062
Cu 3.01771062 0.0 3.01771062
Cu 3.01771062 3.01771062 0.0
Pt 4.52656593 4.52656593 4.52656593
Pt 1.50885531 1.50885531 1.50885531
Pt 4.52656593 1.50885531 1.50885531
Pt 1.50885531 4.52656593 4.52656593
Pt 1.50885531 4.52656593 1.50885531
Pt 4.52656593 1.50885531 4.52656593
Pt 1.50885531 1.50885531 4.52656593
Pt 4.52656593 4.52656593 1.50885531
