mp-1101885.cif
Na 10.36390033 5.813074362521124 0.0
Na 10.36390033 13.361668097478875 0.0
Na 9.270117937572731 7.529863121099602 3.5957250765360445
Na 9.270117937572731 11.644879338900399 3.5957250765360445
Na 7.0 11.400445592521123 0.0
Na 7.0 7.774296867478877 0.0
Na 5.9062176075727315 13.1172343510996 3.5957250765360445
Na 5.9062176075727315 6.057508108900398 3.5957250765360445
P 11.521359171929138 4.0 6.056661540498286
P 7.018876703216327 4.0 1.1347886125738027
P 8.157458841929138 9.587371229999999 6.056661540498286
P 10.382777033216327 9.587371229999999 1.1347886125738027
S 6.726046627281018 4.0 5.445512186173295
S 11.814189247864446 4.0 1.7459379668987927
S 10.544983935116852 13.483868711418234 5.53212939179847
S 10.544983935116852 5.690873748581766 5.53212939179847
S 7.995251940028614 5.690873748581766 1.6593207612736205
S 7.995251940028614 13.483868711418234 1.6593207612736205
S 10.089946957281018 9.587371229999999 5.445512186173295
S 8.450288917864446 9.587371229999999 1.7459379668987927
S 7.18108360511685 7.896497481418234 5.53212939179847
S 7.18108360511685 11.278244978581764 5.53212939179847
S 11.359152270028613 11.278244978581764 1.6593207612736205
S 11.359152270028613 7.896497481418234 1.6593207612736205
