mp-1221737.cif
Mn 10.465443251749596 5.692774 10.246505916853577
Mn 7.520730525683451 5.692774 5.146117574350955
Mn 8.192500526505018 5.692774 2.1028166884624606
Fe 11.129742167244988 5.692774 7.219589630178902
Fe 11.149769631201334 5.692774 3.0413322732169963
Fe 8.184211894406946 5.692774 8.150989500381254
Fe 8.470155284496235 4.0 10.239349189537403
Fe 11.433083119193048 4.0 5.138120085372996
Fe 9.195515224842302 4.0 3.8340679883707276
Fe 12.12115863616668 4.0 8.939101026395166
Fe 12.147457754221417 4.0 1.2975003079549396
Fe 9.1816753460664 4.0 6.434359250835257
P 12.878406344206539 4.0 3.4420782433497448
P 9.919536669150407 4.0 8.536960622286772
P 9.934058895230475 4.0 1.7151948028063637
P 12.86992520113214 4.0 6.8457172736502985
P 7.003062340600615 5.692774 10.18738601756266
P 9.970736757421209 5.692774 5.141329334155176
