mp-1217325.cif
Te 12.476692634375 4.760110365625 3.8785118656249997
Te 7.760110365625 7.878511865625 5.476692634375
Te 10.878511865625 9.476692634375 0.760110365625
Te 9.358291134375 6.3582911343749995 2.358291134375
As 7.768112183874 9.468690816126 2.350289316126
As 12.468690816126 6.350289316126 0.768112183874
As 9.350289316126 4.768112183874 5.468690816126
As 10.886513683874 7.886513683874 3.886513683874
Rh 10.183033489489 7.053769510511 6.172171010511
Rh 10.053769510511 10.172171010511 3.183033489489
Rh 13.172171010511 7.1830334894890004 3.053769510511
Rh 7.064631989489 4.064631989489 0.06463198948900001
