mp-1025291.cif
Ti 7.0 4.0 0.0
Ti 13.986475 5.753037 0.0
Nb 8.554784181722166 5.753037 3.9127760237941103
Nb 9.704843818306145 4.0 1.8667959765339692
Nb 15.541259181722166 4.0 3.9127760237941103
Nb 16.691318818306144 5.753037 1.8667959765339692
Se 7.203572908624611 4.0 2.5748224444341608
Se 11.0560550914037 5.753037 3.204749555893919
Se 12.003365495932712 4.0 0.14532155837624924
Se 6.256262504095599 5.753037 5.6342504419518304
Se 14.190047908624612 5.753037 2.5748224444341608
Se 18.042530091403698 4.0 3.204749555893919
Se 18.98984049593271 5.753037 0.14532155837624924
Se 13.242737504095597 4.0 5.6342504419518304
