mp-1184587.cif
Hf 8.600613975 8.801841925 4.801841925
Hf 8.600613975 5.600613975 4.801841925
Hf 8.600613975 5.600613975 1.600613975
Hf 8.600613975 8.801841925 1.600613975
Hf 11.801841925 8.801841925 1.600613975
Hf 11.801841925 5.600613975 1.600613975
Hf 11.801841925 5.600613975 4.801841925
Hf 11.801841925 8.801841925 4.801841925
Mn 10.20122795 4.0 0.0
Mn 10.20122795 7.20122795 3.20122795
Mn 7.0 4.0 3.20122795
Mn 7.0 7.20122795 0.0
Os 7.0 4.0 0.0
Os 7.0 7.20122795 3.20122795
Os 10.20122795 4.0 3.20122795
Os 10.20122795 7.20122795 0.0
