mp-1224092.cif
In 11.143361504094976 9.714052603141544 4.180265925049598
In 11.172344125 4.141809297581175 0.0
In 11.143361504094976 4.023072243737111 4.180265925049598
In 13.126666162478752 6.936454843454381 2.034229430255926
In 9.160056845711198 6.936454843454381 6.3263024198432705
In 6.971017379094976 15.564517333141543 4.180265925049598
In 7.0 9.992274027581175 0.0
In 6.971017379094976 9.873536973737112 4.180265925049598
In 8.954322037478752 12.78691957345438 2.034229430255926
In 13.332400970711198 12.78691957345438 6.3263024198432705
Ag 11.172344125 9.809794054336459 0.0
Ag 7.0 15.66025878433646 0.0
Se 9.064999483708482 5.601836181400972 0.15727498095132605
Se 13.267304574219615 5.553833703337794 4.317205667987246
Se 13.221723524481472 5.601836181400972 8.20325686914787
Se 9.019418433970335 5.553833703337794 4.04332618211195
Se 11.366814681598285 8.238042366688681 6.259801328217167
Se 11.25183235816507 14.152554240255295 2.077604287520833
Se 10.919908326591667 8.238042366688681 2.100730521882029
Se 11.034890650024881 14.152554240255295 6.282927562578363
Se 13.237343608708478 11.452300911400972 0.15727498095132605
Se 9.094960449219617 11.404298433337797 4.317205667987246
Se 9.04937939948147 11.452300911400972 8.20325686914787
Se 13.191762558970336 11.404298433337797 4.04332618211195
Se 7.194470556598285 14.088507096688682 6.259801328217167
Se 7.07948823316507 8.302089510255295 2.077604287520833
Se 15.092252451591667 14.088507096688682 2.100730521882029
Se 15.207234775024883 8.302089510255295 6.282927562578363
