mp-1100809.cif
Zr 7.106725715185239 9.581091192878532 3.290209125210254
Zr 9.84877081968789 9.713721610023114 9.786737921896574
Zr 12.88855915276329 4.181709916342475 6.491297945648858
Cu 10.49095964341794 8.521794343920625 3.9224562787049986
Cu 12.46811791299513 13.417832128942203 0.8354283768824671
Cu 9.571774084686643 10.975642903588373 2.449834733483381
Cu 10.409640464036872 2.6854892747644046 7.446376440815904
Cu 7.415453948352439 0.25538616731911157 8.874875820757227
Cu 10.370230832571597 5.608167824736364 7.4418532695148025
Cl 8.582778110823101 5.7015415471072455 1.0707221855812883
Cl 11.712140847529419 7.856062229351171 2.206039946455648
Cl 8.514489472204755 9.455241547305443 1.2233556685090774
Cl 8.665442797948323 13.143335324034139 1.047570668444322
Cl 11.761956861744409 11.40426448628271 2.1330573861208375
Cl 8.43892531077629 7.824245962422543 4.390603871260948
Cl 11.456443268387968 4.070063602621538 1.9838682059542376
Cl 8.47725131153495 11.397595067503534 4.323418109719523
Cl 11.682018409129483 9.787521696033444 5.287514914745747
Cl 8.331080135063113 4.136277522405453 4.679701237289892
Cl 11.467312418433476 2.408973356153842 5.513570562387514
Cl 8.45864143120523 9.618053414278364 7.726082053800691
Cl 11.45056039183816 5.946584340946441 5.518984214354106
Cl 8.191250504755102 2.3372755186682483 7.697084337512013
Cl 11.22495327137347 0.5130661349013321 8.688272338251847
Cl 11.503966858869283 4.170072163980718 8.755497404443451
Cl 8.187187497374271 5.919440662004819 7.702926321950612
Cl 11.26368522410508 7.913568863453904 8.659914474223415
