mp-1211440.cif
K 3.6458904347845293 10.92863165041328 7.542088698914711
K 10.470437784988771 4.517274389586719 2.4944886179111054
K 6.94659902987542 7.20567863041328 7.512777276324014
K 7.169729189897879 8.24022740958672 2.523800040501803
Pb 3.4761612448866495 7.72295302 5.018288658412908
Pb 7.0 4.0 0.0
Cl 5.547077117364124 9.1613610414676 5.434407562747063
Cl 8.569251102409176 6.284544998532398 4.602169754078754
Cl 5.0454123472958265 5.438408021467602 9.620458412491661
Cl 9.070915872477475 10.007498018532395 0.41611890433415444
Cl 4.857130565545527 5.599864154530238 5.368116571764068
Cl 9.259197654227773 9.84604188546976 4.66846074506175
Cl 5.735358899114423 9.322817174530236 9.686749403474657
Cl 8.380969320658878 6.123088865469761 0.34982791335115887
Cl 2.951942997593634 7.785884403127932 7.497115598884199
Cl 11.164385222179666 7.6600216368720675 2.5394617179416166
Cl 7.640546467066315 4.062931383127933 7.557750376354526
Cl 6.475781752706984 11.382974656872069 2.4788269404712917
