mp-1188725.cif
Y 6.9999999577290115 8.881033457752537 3.99069817617408
Y 6.9999999577290115 8.881033457752537 0.17390990711808
Y 7.0 4.0 8.155306134527999
Y 7.0 4.0 4.338517865471999
Y 11.22709899227099 6.440516692268518 12.31991409288192
Y 11.22709899227099 6.440516692268518 8.50312582382592
Ga 6.9999999577290115 8.881033457752537 7.04441365060608
Ga 6.9999999577290115 8.881033457752537 9.61401843268608
Ga 7.0 4.0 11.20902160896
Ga 7.0 4.0 1.28480239104
Ga 11.22709899227099 6.440516692268518 2.87980556731392
Ga 11.22709899227099 6.440516692268518 5.44941034939392
Fe 7.00000004227099 6.440516692268518 10.411519958353919
Fe 13.340648382729011 5.22025838274201 2.08230404164608
Fe 9.11354943272901 5.22025838274201 2.08230404164608
Fe 13.75799840080239 6.440516692268518 4.16460795835392
Fe 9.9616492457343 9.129726967809852 0.0
Fe 5.734550295734301 6.191823182211204 0.0
Fe 8.2654497042657 6.191823182211204 0.0
Fe 4.038350754265702 9.129726967809852 0.0
Fe 8.69619958373959 6.440516692268518 4.16460795835392
Fe 7.00000004227099 6.446915727099636 2.18121339835392
Fe 4.891992293994441 10.098092249863486 2.18121339835392
Fe 9.10800779054754 10.098092249863486 2.18121339835392
Fe 7.000000000000002 11.315151115189936 1.98339456
Fe 9.10800774827655 7.6639745924260865 1.98339456
Fe 4.891992251723451 7.6639745924260865 1.98339456
Fe 11.227098907729012 8.881033457752537 2.08230404164608
Fe 9.113549475000001 7.660775075010527 6.246912
Fe 4.886450525000001 7.660775075010527 6.246912
Fe 9.530899366260412 8.881033457752537 8.329216041646081
Fe 9.96164928800529 4.248693510057315 4.16460795835392
Fe 9.96164928800529 8.63233987447972 4.16460795835392
Fe 12.49254869653669 8.63233987447972 4.16460795835392
Fe 12.49254869653669 4.248693510057315 4.16460795835392
Fe 4.469100549197611 8.881033457752537 8.329216041646081
Fe 11.22709890772901 8.887432492583656 6.345821481646079
Fe 13.346190109452461 5.21705886532645 6.345821481646079
Fe 9.10800770600556 5.21705886532645 6.345821481646079
Fe 7.00000004227099 6.434117657437399 6.14800251835392
Fe 4.88090884054754 10.104491284694603 6.14800251835392
Fe 9.119091243994438 10.104491284694603 6.14800251835392
Fe 11.22709895 4.0 6.246912
Fe 4.886450567270991 10.101291767279044 10.411519958353919
Fe 9.113549517270991 10.101291767279044 10.411519958353919
Fe 9.5308994085314 4.0 0.0
Fe 5.734550253463311 6.689210275541334 8.329216041646081
Fe 5.734550253463311 11.07285663996374 8.329216041646081
Fe 8.265449661994712 11.07285663996374 8.329216041646081
Fe 8.265449661994712 6.689210275541334 8.329216041646081
Fe 12.9232984914686 4.0 0.0
Fe 11.227098949999998 4.0063990348311185 10.510429440000001
Fe 9.11909120172345 7.657575557594968 10.510429440000001
Fe 13.335106698276551 7.657575557594968 10.510429440000001
Fe 11.227098907729012 8.874634422921417 10.31261060164608
Fe 13.33510665600556 5.223457900157569 10.31261060164608
Fe 9.11909115945246 5.223457900157569 10.31261060164608
