mp-17597.cif
Ca 9.80660911 12.777404313717485 4.498037646029957
Ca 7.93553637 6.767964546282517 9.012588113970043
Ca 9.80660911 7.004719883717483 2.2572752339700433
Ca 7.93553637 12.540648976282515 11.253350526029957
Sc 7.93553637 4.9853616724649115 5.448252385506456
Sc 9.80660911 14.560007187535088 8.062373374493545
Sc 7.93553637 10.758046102464911 1.307060494493544
Sc 9.80660911 8.787322757535089 12.203565265506455
Sc 9.80660911 9.106211849040097 5.243056784438789
Sc 7.93553637 10.439157010959903 8.267568975561211
Sc 9.80660911 14.878896279040097 1.5122560955612112
Sc 7.93553637 4.666472580959904 11.998369664438789
S 7.93553637 5.055223969427345 1.013132372578243
S 9.80660911 14.490144890572655 12.497493387421756
S 7.93553637 10.827908399427347 5.742180507421757
S 9.80660911 8.717460460572653 7.7684452525782435
S 7.93553637 15.16937914500196 9.65855720706336
S 9.80660911 4.375989714998041 3.8520685529366396
S 7.93553637 9.39669471500196 10.60738143293664
S 9.80660911 10.14867414499804 2.90324432706336
S 7.93553637 8.322063095974642 0.44206956635480643
S 9.80660911 11.223305764025358 13.068556193645193
S 7.93553637 14.094747525974643 6.313243313645193
S 9.80660911 5.4506213340253575 7.197382446354807
S 9.80660911 6.3351698846879465 11.224655578190808
S 7.93553637 13.210198975312053 2.285970181809192
S 9.80660911 12.107854314687946 9.041283061809192
S 7.93553637 7.4375145453120535 4.469342698190808
