mp-17449.cif
Tc 10.305278603978277 4.021919107031047 2.4375598101274054
Tc 11.762969152031047 5.435771441021723 4.810610469872595
Tc 11.719130937968952 12.046328648978276 4.810610469872595
Tc 13.176821486021723 13.460180982968952 2.4375598101274054
Tc 13.652998898317392 10.700138021062816 1.4293974545050512
Tc 8.959087976062817 11.570151236682605 0.9866593054949488
Tc 14.523012113937181 5.9119488533173925 0.9866593054949488
Tc 9.829101191682607 6.781962068937183 1.4293974545050512
Tc 15.542155153543447 12.552166070355467 1.4871602495963199
Tc 10.811116025355467 9.68099498145655 0.9288965104036799
Tc 12.670984064644532 7.801105108543449 0.9288965104036799
Tc 7.939944936456552 4.9299340196445325 1.4871602495963199
Tc 15.046328648978276 8.762969152031047 0.0215030501274056
Tc 7.021919107031047 10.176821486021723 2.3945537098725946
Tc 16.46018098296895 7.305278603978277 2.3945537098725946
Tc 8.435771441021723 8.719130937968952 0.0215030501274056
Tc 8.911948853317393 5.959087976062817 3.8454542145050516
Tc 13.700138021062816 6.829101191682607 3.402716065494948
Tc 9.781962068937183 10.652998898317392 3.402716065494948
Tc 14.570151236682605 11.523012113937181 3.8454542145050516
Tc 10.80110510854345 7.811116025355467 3.90321700959632
Tc 15.552166070355467 4.939944936456552 3.34495327040368
Tc 7.9299340196445325 12.542155153543447 3.34495327040368
Tc 12.68099498145655 9.670984064644532 3.90321700959632
P 13.721192076102653 13.456459258683628 4.830595511537692
P 11.715409213683628 11.501958058897346 2.417574768462308
P 11.766690876316371 5.980142031102654 2.417574768462308
P 9.760908013897346 4.025640831316371 4.830595511537692
P 8.980142031102654 8.715409213683628 2.414538751537692
P 16.45645925868363 6.760908013897346 0.0015180084623080002
P 7.025640831316371 10.721192076102653 0.0015180084623080002
P 14.501958058897346 8.766690876316371 2.414538751537692
