mp-1191428.cif
Sc 11.478398534783985 6.585604547883868 0.0
Sc 7.0 4.0 1.7686515
Co 13.722461320544124 4.327378882852607 0.0
Co 12.312047935298995 9.658132760555056 0.0
Co 8.400686348508835 5.77130200024394 0.0
Co 8.927972986721436 8.234757442711233 0.0
Co 6.847004517170117 11.30910850660691 0.0
Co 5.225022630460406 7.9697614155532035 0.0
Co 10.668995183693834 8.741711760275273 1.7686515
Co 10.015856591115256 4.806587077735842 1.7686515
Co 13.750343829542867 6.208514805640491 1.7686515
Co 8.500330714911335 10.195586869670931 1.7686515
Co 5.362697556839986 9.958344722007425 1.7686515
Co 7.136971862600635 7.359695773192993 1.7686515
P 10.143271506554246 10.080281833705 0.0
P 4.641084251349306 11.438825702466868 0.0
P 6.215644376448406 5.994519828699481 0.0
P 9.346152402522165 6.899972694377462 1.7686515
P 12.272270799910814 4.581841156977221 1.7686515
P 12.816772401918975 8.27499979229692 1.7686515
P 6.999999955216016 9.171209173335873 0.0
