mp-1226820.cif
Cd 9.151233 6.1512329999999995 9.334646135712001
Cd 7.0 4.0 5.749017864288
Cd 9.151233 6.1512329999999995 2.893710436416
Cd 7.0 4.0 0.0
Cd 7.0 4.0 12.189953563584
Cd 7.0 4.0 24.418310135711998
Cd 9.151233 6.1512329999999995 20.832681864288002
Cd 7.0 4.0 17.977374436416
Cd 9.151233 6.1512329999999995 15.083664
Cd 9.151233 6.1512329999999995 27.273617563584008
Te 7.0 6.1512329999999995 7.541832
Te 9.151233 4.0 22.625496000000002
S 9.151233 4.0 4.320202708224
S 7.0 6.1512329999999995 1.455241735392
S 7.0 6.1512329999999995 13.628422264608002
S 9.151233 4.0 10.763461291776
S 7.0 6.1512329999999995 19.403866708224
S 9.151233 4.0 16.538905735392007
S 9.151233 4.0 28.712086264608
S 7.0 6.1512329999999995 25.847125291776003
