mp-1217816.cif
Ta 7.0 4.0 0.0
Ta 8.55367091053671 4.897012300490214 5.072520819274793
Ta 6.999999984463291 5.794024627890797 10.145041790725212
V 6.999999984463291 5.794024627890797 2.5362604857252085
V 8.553670895 6.69103692838101 7.608781305
V 8.55367091053671 4.897012300490214 12.68130212427479
H 6.999999984463291 5.794024627890797 4.36003545092835
H 7.0 4.0 1.9636691052231126
H 8.55367091053671 4.897012300490214 3.1088517140516787
H 6.999999984463291 5.794024627890797 0.7124855205220697
H 7.0 4.0 9.432556270203138
H 8.55367091053671 4.897012300490214 7.036189924497903
H 6.999999984463291 5.794024627890797 8.181372685502096
H 7.0 4.0 5.78500633979686
H 8.55367091053671 4.897012300490214 14.505077089477929
H 6.999999984463291 5.794024627890797 12.108710895948326
H 7.0 4.0 13.253893504776887
H 8.55367091053671 4.897012300490214 10.857527159071656
