mp-1220483.cif
Nb 6.311851335308161 5.889332160401541 0.0
Nb 4.1041054219641655 12.097077322245575 0.0
Nb 10.584043389013036 10.905168787380736 0.0
Nb 7.655281952750691 7.740905900044168 1.69887263
Nb 5.035900008753568 10.007845409497218 1.69887263
Nb 8.308818184781103 11.142826960486468 1.69887263
Tl 11.876178703761788 6.815263030928326 0.0
S 8.762758868685705 6.322754689641343 0.0
S 13.006363886169567 9.757817871394064 0.0
S 13.859413356430093 4.365216531749574 0.0
S 5.193873081021737 7.310107139670169 1.69887263
S 5.893521774215317 12.354887401701882 1.69887263
S 9.912605291048308 9.226583728655802 1.69887263
S 6.999999951238214 9.630526146314546 0.0
S 7.0 4.0 1.69887263
