mp-1219419.cif
Sc 6.9999999371542625 11.256800919418705 0.0
Sc 13.284573977845742 7.628400405283346 0.0
Sc 17.32101974242498 4.0 1.9480157849999995
Sc 1.8394901287875127 12.938265289900757 1.9480157849999995
Sc 8.124064043787511 5.946936034801295 1.9480157849999995
P 9.217132317643284 4.0 0.0
P 5.891433841178358 5.9200929106305535 0.0
P 12.176007756178358 12.9651084140715 0.0
P 6.108067314692931 9.267447214391286 1.9480157849999995
P 9.168797094051369 11.47904146241683 1.9480157849999995
P 5.723135402718485 13.023914081448003 1.9480157849999995
P 12.392641355384411 9.617754110310766 1.9480157849999995
P 15.453371134742847 7.4061598622852225 1.9480157849999995
P 12.007709443409965 5.861287243254049 1.9480157849999995
P 15.131798725835951 4.0 0.0
P 2.934100637082026 11.042344275035862 0.0
P 9.218674552082026 7.842857049666189 0.0
Ir 12.858972011392021 4.0 0.0
Ir 4.07051399430399 9.074018601927502 0.0
Ir 10.35508790930399 9.81118272277455 0.0
Ir 8.397225688524031 9.39220435725792 1.9480157849999995
Ir 7.916175052109748 13.399132196007118 1.9480157849999995
Ir 4.686599070829008 10.979066204991078 1.9480157849999995
Ir 14.681799729215507 9.492996967444132 1.9480157849999995
Ir 14.200749092801225 5.4860691286949335 1.9480157849999995
Ir 10.971173111520486 7.9061351197109735 1.9480157849999995
Ir 6.937497084357064 8.04424209118625 0.0
Ir 9.813408919954135 12.808951275203562 0.0
Ir 4.249093807151587 12.917209391866306 0.0
Ir 13.22207112504854 10.840959233515802 0.0
Ir 16.097982960645613 6.076250049498491 0.0
Ir 10.533667847843063 5.967991932835746 0.0
Ir 10.581962661624706 4.0 1.9480157849999995
Ir 5.209018669187648 7.10207066037432 1.9480157849999995
Ir 11.493592584187649 11.783130664327732 1.9480157849999995
Ir 7.0 4.0 0.0
