mp-1191256.cif
Ca 15.45367752938981 6.148187565000001 5.207658970380485
Ca 11.831184843681822 6.148187565000001 6.731951924276869
Ca 12.52791915455758 6.148187565000001 3.1093578679777476
Ca 12.496354320598332 4.0 10.637990549288103
Ca 15.402337222057827 4.0 0.8627983226262145
Ca 8.991764011042362 4.0 10.900016504416689
Ca 8.661656964539638 4.0 5.680682793406019
Ca 9.430215670366149 4.0 1.9974079320262592
Ca 5.168209282406712 4.0 11.840797681195035
Ca 6.166394871986128 4.0 8.55499054013313
Ca 26.203352999389814 4.0 5.207658970380485
Ca 22.580860313681818 4.0 6.731951924276869
Ca 23.27759462455758 4.0 3.1093578679777476
Ca 23.246029790598335 6.148187565000001 10.637990549288103
Ca 26.152012692057834 6.148187565000001 0.8627983226262145
Ca 19.741439481042363 6.148187565000001 10.900016504416689
Ca 19.411332434539638 6.148187565000001 5.680682793406019
Ca 20.17989114036615 6.148187565000001 1.9974079320262592
Ca 15.917884752406712 6.148187565000001 11.840797681195035
Ca 16.916070341986128 6.148187565000001 8.55499054013313
Cd 12.838934007673904 6.148187565000001 13.502555233329462
Cd 7.951116174856718 6.148187565000001 13.06751000288732
Cd 8.668875076996885 6.148187565000001 8.327588264614393
Cd 7.089493336810773 6.148187565000001 3.647903034691321
Cd 14.402984831016447 4.0 7.5857859864199
Cd 23.588609477673906 4.0 13.502555233329462
Cd 18.700791644856714 4.0 13.06751000288732
Cd 19.418550546996883 4.0 8.327588264614393
Cd 17.839168806810772 4.0 3.647903034691321
Cd 25.152660301016443 6.148187565000001 7.5857859864199
As 16.673162506607532 6.148187565000001 2.563682751569529
As 14.044979736174064 6.148187565000001 9.128726168638652
As 10.636337895168687 6.148187565000001 12.07470573027173
As 9.750701903591638 6.148187565000001 4.032749216695236
As 6.914370162707067 6.148187565000001 10.512899007301796
As 6.4869233100044585 6.148187565000001 6.495401187441882
As 3.6657327905255905 6.148187565000001 13.215670403457224
As 13.342396817610139 4.0 5.116358558051045
As 10.236124135896478 4.0 8.23418088645099
As 12.324345628881963 4.0 0.9745142372576369
As 27.422837976607536 4.0 2.563682751569529
As 24.794655206174063 4.0 9.128726168638652
As 21.386013365168687 4.0 12.07470573027173
As 20.50037737359164 4.0 4.032749216695236
As 17.664045632707065 4.0 10.512899007301796
As 17.236598780004456 4.0 6.495401187441882
As 14.415408260525588 4.0 13.215670403457224
As 24.09207228761014 6.148187565000001 5.116358558051045
As 20.98579960589648 6.148187565000001 8.23418088645099
As 23.07402109888196 6.148187565000001 0.9745142372576369
