mp-13992.cif
Cs 10.231661265 4.0 2.1385587760258096
Cs 7.0 4.0 4.8009128989741905
Cs 10.231661265 9.498343994999999 9.07803045102581
Cs 7.0 9.498343994999999 11.74038457397419
Cs 7.0 4.0 9.07803045102581
Cs 10.231661265 4.0 11.74038457397419
Cs 7.0 9.498343994999999 2.1385587760258096
Cs 10.231661265 9.498343994999999 4.8009128989741905
Pt 11.847491897500001 6.7491719974999995 0.0
Pt 7.0 4.0 0.0
Pt 11.847491897500001 12.2475159925 0.0
Pt 11.847491897500001 12.2475159925 6.939471675
Pt 7.0 9.498343994999999 6.939471675
Pt 11.847491897500001 6.7491719974999995 6.939471675
Pt 8.6158306325 6.7491719974999995 6.939471675
Pt 10.231661265 4.0 6.939471675
Pt 8.6158306325 12.2475159925 6.939471675
Pt 8.6158306325 12.2475159925 0.0
Pt 10.231661265 9.498343994999999 0.0
Pt 8.6158306325 6.7491719974999995 0.0
S 7.0 11.34507191286561 5.470146664787447
S 7.0 7.651616077134389 5.470146664787447
S 10.231661265 7.651616077134389 1.4693250102125535
S 10.231661265 11.34507191286561 1.4693250102125535
S 7.0 5.846727917865611 12.409618339787446
S 7.0 13.14996007213439 12.409618339787446
S 10.231661265 13.14996007213439 8.408796685212554
S 10.231661265 5.846727917865611 8.408796685212554
S 10.231661265 11.34507191286561 12.409618339787446
S 10.231661265 7.651616077134389 12.409618339787446
S 7.0 7.651616077134389 8.408796685212554
S 7.0 11.34507191286561 8.408796685212554
S 10.231661265 5.846727917865611 5.470146664787447
S 10.231661265 13.14996007213439 5.470146664787447
S 7.0 13.14996007213439 1.4693250102125535
S 7.0 5.846727917865611 1.4693250102125535
