mp-14434.cif
K 12.680005297889771 4.0 2.3114580872679356
K 6.388478857160223 4.0 5.034171999567267
K 9.17747656 7.1027721175 0.0
K 9.17747656 13.3083163525 0.0
K 9.534242077524997 14.327955283075314 3.6728150434176015
K 9.534242077524997 6.083133186924684 3.6728150434176015
K 8.325052177889772 10.205544235 2.3114580872679356
K 10.743431977160224 10.205544235 5.034171999567267
K 13.53242968 13.3083163525 0.0
K 13.53242968 7.1027721175 0.0
K 5.179288957524997 8.122411048075316 3.6728150434176015
K 5.179288957524997 12.288677421924685 3.6728150434176015
Ge 7.462036180417605 4.0 1.1458171442199965
Ge 11.606447974632388 4.0 6.199812942615207
Ge 11.816989300417605 10.205544235 1.1458171442199965
Ge 7.251494854632389 10.205544235 6.199812942615207
S 7.96594799375388 12.027240325521827 5.1394245213731935
S 11.102536161296115 12.027240325521827 2.20620556546201
S 9.691707941098917 4.0 1.0465223691522985
S 9.376776213951077 4.0 6.2991077176829045
S 11.102536161296115 8.383848144478172 2.20620556546201
S 7.96594799375388 8.383848144478172 5.1394245213731935
S 12.32090111375388 5.8216960905218285 5.1394245213731935
S 6.747583041296115 5.8216960905218285 2.20620556546201
S 14.046661061098916 10.205544235 1.0465223691522985
S 5.0218230939510775 10.205544235 6.2991077176829045
S 6.747583041296115 14.589392379478172 2.20620556546201
S 12.32090111375388 14.589392379478172 5.1394245213731935
