mp-1193856.cif
Zr 15.987971705 12.987971705 1.76864619
Zr 24.114190883919893 11.4865819035996 1.76864619
Zr 7.861752526080106 14.489361506400398 1.76864619
Zr 23.4745536085996 13.849724231080106 0.0
Zr 8.5013898014004 12.126219178919893 0.0
Zr 7.606026575370012 17.056796476028005 0.0
Zr 24.369916834629986 8.919146933971994 0.0
Zr 11.068824771028005 12.381945129629989 1.76864619
Zr 20.907118638971994 13.59399828037001 1.76864619
Zr 10.442008298066591 14.857162431007689 0.0
Zr 21.53393511193341 11.118780978992312 0.0
Zr 8.86919072600769 9.545963406933407 1.76864619
Zr 23.106752683992312 16.42998000306659 1.76864619
Zr 19.578678085510717 9.487811589520927 1.76864619
Zr 12.397265324489283 16.488131820479076 1.76864619
Zr 21.475783294520923 18.385237029489282 0.0
Zr 10.500160115479073 7.590706380510716 0.0
Zr 13.552819905332242 13.802640202025161 0.0
Zr 18.423123504667757 12.173303207974838 0.0
Zr 7.814668497025162 6.435151799667757 1.76864619
Zr 24.16127491297484 19.540791610332246 1.76864619
Zr 7.0 4.0 0.0
Zr 15.126219178919893 20.4745536085996 0.0
Zr 16.849724231080106 5.5013898014004 0.0
Zr 14.4865819035996 4.861752526080106 1.76864619
Zr 17.4893615064004 21.114190883919893 1.76864619
Zr 16.59399828037001 8.068824771028005 1.76864619
Zr 15.381945129629989 17.907118638971994 1.76864619
Zr 20.056796476028005 21.369916834629986 0.0
Zr 11.919146933971994 4.606026575370012 0.0
Zr 19.42998000306659 5.869190726007689 1.76864619
Zr 12.545963406933407 20.106752683992312 1.76864619
Zr 17.857162431007687 18.53393511193341 0.0
Zr 14.118780978992312 7.442008298066591 0.0
Zr 10.590706380510717 18.475783294520923 0.0
Zr 21.385237029489282 7.500160115479074 0.0
Zr 12.487811589520927 9.397265324489283 1.76864619
Zr 19.488131820479076 16.578678085510717 1.76864619
Zr 22.540791610332246 4.814668497025162 1.76864619
Zr 9.435151799667757 21.16127491297484 1.76864619
Zr 16.80264020202516 15.423123504667755 0.0
Zr 15.173303207974838 10.552819905332242 0.0
S 8.208324580557921 19.588991226435212 0.0
S 23.76761882944208 6.386952183564787 0.0
S 13.601019521435212 11.77964712444208 1.76864619
S 18.374923888564787 14.196296285557922 1.76864619
S 22.34879918722287 9.306952926481404 1.76864619
S 9.62714422277713 16.6689904835186 1.76864619
S 21.294924631481404 15.615115927777131 0.0
S 10.681018778518595 10.36082748222287 0.0
S 17.19629628555792 10.601019521435212 1.76864619
S 14.77964712444208 15.374923888564787 1.76864619
S 22.588991226435212 20.76761882944208 0.0
S 9.386952183564787 5.208324580557922 0.0
S 13.36082748222287 18.294924631481404 0.0
S 18.615115927777133 7.681018778518595 0.0
S 12.306952926481404 6.6271442227771304 1.76864619
S 19.6689904835186 19.34879918722287 1.76864619
