mp-19905.cif
Co 9.778601455 8.018009071591333 3.926212240208077
Co 7.926200485 4.837668588408665 3.040290699791923
Co 9.778601455 5.590170241591334 6.523542169791923
Co 7.926200485 7.265507418408665 0.44296077020807717
Co 7.926200485 6.601751286330634 5.025625467811884
Co 9.778601455 6.2539263736693655 1.940877472188116
Co 7.926200485 4.173912407773858 5.424128942188115
Co 9.778601455 8.681765203669364 1.542373997811884
Si 7.926200485 4.975438584985516 0.7222694692317913
Si 9.778601455 7.880239075014485 6.244233470768209
Si 7.926200485 7.403277414985515 2.760982000768209
Si 9.778601455 5.452400245014484 4.205520939231791
