mp-17094.cif
Ge 7.0 4.0 1.2409136075
Ge 7.0 4.0 3.7227408225
Ge 13.578696422273843 12.194021642726158 0.0
Ge 13.578696422273843 5.654457067273842 2.481827215
Ge 10.269782287726159 12.194021642726158 2.481827215
Ge 10.269782287726159 5.654457067273842 0.0
Ge 11.924239355000001 8.924239355000001 3.7227408225
Ge 11.924239355000001 8.924239355000001 1.2409136075
Ge 8.654457067273842 7.269782287726158 2.481827215
Ge 8.654457067273842 10.578696422273843 0.0
Ge 15.194021642726158 7.269782287726158 0.0
Ge 15.194021642726158 10.578696422273843 2.481827215
Mo 14.58564703707312 13.087420085877433 2.481827215
Mo 9.262831672926879 4.761058624122566 2.481827215
Mo 11.924239355000001 4.0 3.7227408225
Mo 11.924239355000001 4.0 1.2409136075
Mo 11.163180730877434 11.18707102792688 0.0
Mo 12.685297979122566 6.661407682073121 0.0
Mo 9.262831672926879 13.087420085877433 0.0
Mo 12.685297979122566 11.18707102792688 2.481827215
Mo 11.163180730877434 6.661407682073121 2.481827215
Mo 14.58564703707312 4.761058624122566 0.0
Mo 9.661407682073122 8.163180730877434 0.0
Mo 14.18707102792688 9.685297979122566 0.0
Mo 7.0 8.924239355000001 1.2409136075
Mo 7.0 8.924239355000001 3.7227408225
Mo 16.087420085877433 6.262831672926879 2.481827215
Mo 7.761058624122566 11.58564703707312 2.481827215
Mo 14.18707102792688 8.163180730877434 2.481827215
Mo 7.761058624122566 6.262831672926879 0.0
Mo 16.087420085877433 11.58564703707312 0.0
Mo 9.661407682073122 9.685297979122566 2.481827215
