mp-1357.cif
P 9.84894053952273 5.1166651193821675 0.0
P 8.116665119382168 4.0 5.170608030477271
P 11.009774284999999 10.858714824522728 2.8931091656178323
P 9.893109165617833 8.009774284999999 1.1608337454772706
P 7.0 9.170608030477272 1.1166651193821673
P 9.893109165617833 8.009774284999999 6.858714824522728
P 11.009774284999999 5.16083374547727 2.8931091656178323
P 7.0 6.848940539522729 1.1166651193821673
P 8.116665119382168 4.0 2.848940539522729
P 12.170608030477272 5.1166651193821675 0.0
P 13.858714824522728 6.893109165617832 4.009774285
P 8.160833745477271 6.893109165617832 4.009774285
P 13.858714824522728 9.126439404382168 4.009774285
P 12.126439404382168 8.009774284999999 1.1608337454772706
P 7.0 6.848940539522729 6.902883450617832
P 13.902883450617832 4.0 5.170608030477271
P 11.009774284999999 5.16083374547727 5.126439404382169
P 13.902883450617832 4.0 2.848940539522729
P 7.0 9.170608030477272 6.902883450617832
P 11.009774284999999 10.858714824522728 5.126439404382169
P 12.126439404382168 8.009774284999999 6.858714824522728
P 8.160833745477271 9.126439404382168 4.009774285
P 9.84894053952273 10.902883450617832 0.0
P 12.170608030477272 10.902883450617832 0.0
Rh 9.0048871425 6.004887142499999 2.0048871425
Rh 13.014661427500002 6.004887142499999 2.0048871425
Rh 9.0048871425 10.014661427500002 2.0048871425
Rh 9.0048871425 6.004887142499999 6.014661427500002
Rh 13.014661427500002 10.014661427500002 6.014661427500002
Rh 9.0048871425 10.014661427500002 6.014661427500002
Rh 13.014661427500002 6.004887142499999 6.014661427500002
Rh 13.014661427500002 10.014661427500002 2.0048871425
