mp-1102976.cif
Zr 7.9790842925 4.127878696838355 5.994408674175506
Zr 7.9790842925 7.357101206838355 4.954633470824494
Zr 9.937252877499999 10.330566323161646 1.3049527558244949
Zr 9.937252877499999 7.101343813161645 2.3447279591755064
P 7.9790842925 9.0254447222868 2.755370178964217
P 7.9790842925 5.796222212286798 0.8943105360357844
P 9.937252877499999 5.4330002977132015 4.543991251035784
P 9.937252877499999 8.662222807713203 6.405050893964216
Os 7.9790842925 4.988382988059246 3.2043740467610626
Os 7.9790842925 8.217605498059246 0.4453066682389375
Os 9.937252877499999 9.470062031940753 4.094987383238938
Os 9.937252877499999 6.240839521940754 6.854054761761064
