mp-1246302.cif
Sr 11.549042138163669 8.21573713814758 1.34416406
Sr 12.235147403231476 4.636067011214031 1.34416406
Sr 8.792009503604854 5.831717485461828 1.34416406
Sr 6.309690876836331 6.4677844966758595 4.03249218
Sr 5.623585611768525 10.047454623609408 4.03249218
Sr 9.066723511395148 8.85180414936161 4.03249218
V 10.858733053587331 6.22784052266274 4.03249218
V 6.99999996141267 8.455681112160697 1.34416406
N 11.500814651084283 7.921941891595766 4.03249218
N 12.004826999746186 4.824730863461371 4.03249218
N 9.07055739416953 5.936848879766303 4.03249218
N 6.357918363915715 6.761579743227673 1.34416406
N 5.853906015253816 9.858790771362068 1.34416406
N 8.788175620830472 8.746672755057137 1.34416406
