mp-10469.cif
Nb 9.870588475 7.066112356271825 2.485031267905137
Nb 7.956862825 4.1734682687281754 6.179974507905138
Nb 9.870588475 10.305692981271825 1.2099119720948626
Nb 7.956862825 7.413048893728175 4.904855212094863
Si 7.956862825 5.751830824195675 0.9317203606450455
Si 7.956862825 8.991411449195674 2.7632228793549536
Si 9.870588475 8.727330425804324 6.458166119354953
Si 9.870588475 5.487749800804325 4.6266636006450454
Pt 7.956862825 8.217406181274576 0.48439878209114245
Pt 7.956862825 4.977825556274575 3.210544457908857
Pt 9.870588475 9.501335693725425 4.179342022091143
Pt 9.870588475 6.261755068725424 6.905487697908856
