mp-1101995.cif
Nb 7.93955844 4.1088294485484225 1.265874685554343
Nb 7.93955844 7.265742073548423 2.3298651894456577
Nb 9.81867532 10.204995801451577 5.9256050644456595
Nb 9.81867532 7.048083176451577 4.861614560554345
Ni 7.93955844 5.000106510134365 4.0982191366077325
Ni 7.93955844 8.157019135134366 6.689000488392267
Ni 9.81867532 9.313718739865635 3.0932606133922675
Ni 9.81867532 6.156806114865635 0.5024792616077325
Ge 7.93955844 8.941239859716841 4.430710011369235
Ge 7.93955844 5.784327234716843 6.356509613630769
Ge 9.81867532 5.372585390283158 2.7607697386307675
Ge 9.81867532 8.529498015283156 0.8349701363692327
