mp-1246556.cif
Sr 7.187773609234302 4.552137023823 3.806874854253595
Sr 7.2141477158206 8.244521523823002 1.9856566188561167
Sr 10.0779055258206 10.832631976177 1.9856566188561167
Sr 10.051531419234303 7.140247476177001 3.806874854253595
V 7.28300489614665 8.75542199755 5.089630948973742
V 7.1189164289082525 5.063037497550001 0.702900524135971
V 9.982674238908253 6.62934700245 0.702900524135971
V 10.14676270614665 10.321731502450001 5.089630948973742
N 10.367004958832238 4.72060575902 4.583450586196048
N 9.762431986222666 8.412990259019999 1.2090808869136633
N 6.898674176222665 10.664163240980002 1.2090808869136633
N 7.503247148832237 6.97177874098 4.583450586196048
N 5.75462558962659 9.368616291464999 4.27250749671952
N 8.647295735428312 5.676231791465001 1.5200239763901928
N 11.511053545428313 6.0161527085349995 1.5200239763901928
N 8.618383399626591 9.708537208535002 4.27250749671952
