mp-1208267.cif
Ti 3.936606998872091 9.305952321504444 1.36008
Ti 5.972771246127911 5.779212392702125 4.08024
Ti 8.027228753872091 5.779212392702125 1.36008
Ti 10.063393001127912 9.305952321504444 4.08024
Ti 13.12678600225582 4.0 1.36008
Ti 9.054457507744182 4.0 4.08024
Ti 11.09062179590622 6.361721547784974 0.0
Ti 6.999999959093784 8.723443166421594 0.0
Ti 6.999999959093784 8.723443166421594 2.72016
Ti 11.09062179590622 6.361721547784974 2.72016
Co 7.0 4.0 0.0
Co 7.0 4.0 2.72016
Sb 5.405778345910871 6.761272903408869 1.36008
Sb 4.5035998990891315 8.323891810797697 4.08024
Sb 9.49640010091087 8.323891810797697 1.36008
Sb 8.59422165408913 6.761272903408869 4.08024
Sb 10.188443308178261 4.0 1.36008
Sb 11.99280020182174 4.0 4.08024
