mp-1228500.cif
Al 7.0 4.0 3.669884101776001
Al 7.0 4.0 7.159123972464
Al 7.0 4.0 10.703452027536
Al 7.0 4.0 14.192691898224002
Ni 8.7999045 5.7999045 0.0
Ni 8.7999045 5.7999045 3.643322451264001
Ni 8.7999045 5.7999045 7.1582665688160025
Ni 8.7999045 5.7999045 10.704309431184004
Ni 8.7999045 5.7999045 14.219253548736004
Ni 8.7999045 4.0 1.8977915245440007
Ni 8.7999045 4.0 5.40557274912
Ni 8.7999045 4.0 8.931288
Ni 8.7999045 4.0 12.45700325088
Ni 8.7999045 4.0 15.964784475456
Ni 7.0 5.7999045 1.8977915245440007
Ni 7.0 5.7999045 5.40557274912
Ni 7.0 5.7999045 8.931288
Ni 7.0 5.7999045 12.45700325088
Ni 7.0 5.7999045 15.964784475456
Sb 7.0 4.0 0.0
