mp-1245988.cif
Sr 9.882079055671964 5.399949729287395 4.8975819151434425
Sr 6.74584110739278 7.07125861616014 3.294080400233112
Sr 8.0421275392621 7.696371928913768 7.300311155515798
Sr 8.585792623802645 4.774836416533768 0.8913511598607534
Sr 10.009229239666588 8.168621963513319 1.6584429940595597
Sr 6.618690923398155 4.302586381934217 6.533219321316993
Sc 9.848982384787844 3.230732286697913 7.9084847407963
Sc 6.7789377782769 9.240476058749623 0.2831775745802521
Sc 8.964328564574409 9.555255095685338 4.7019732107145655
Sc 7.663591598490335 2.9159532497621985 3.489689104661989
Sc 5.128891335216764 8.399968065970961 5.80685643215024
Sc 11.49902882784798 4.071240279476571 2.384805883226315
N 11.091863348201567 2.083297199831999 6.580116588072525
N 5.536056814863178 10.387911145615536 1.6115457273040295
N 10.070144082423578 7.817381027641506 4.2105471967528105
N 6.557776080641167 4.65382731780603 3.9811151186237437
N 9.018334065269537 5.0742724205618455 7.278283775549753
N 7.609586097795208 7.396935924885691 0.9133785398268011
N 6.932000625211483 9.137031260520065 4.975984315163911
N 9.69591953785326 3.3341770849274694 3.2156780002126433
N 5.633725043130614 6.97148221971391 7.224997012188228
N 10.99419511993413 5.499726125733625 0.9666653031883257
