mp-1212409.cif
Hf 7.1702636168 9.7395925 3.253316831568
Hf 10.521909616799999 9.7395925 2.503095168432
Hf 8.11757284224 9.7395925 0.015876184296
Hf 11.46921884224 9.7395925 5.740535815704
Hf 10.649111285792 5.9131975 2.277570459096
Hf 7.297465285792 5.9131975 3.4788415409040003
Hf 10.521909616799999 5.9131975 9.009728831568
Hf 7.1702636168 5.9131975 8.259507168432
Hf 11.46921884224 5.9131975 5.772288184296
Hf 8.11757284224 5.9131975 11.496947815704
Hf 7.297465285792 9.7395925 8.033982459096
Hf 10.649111285792 9.7395925 9.235253540903999
As 8.674546022874 9.7395925 5.448691483716
As 12.026192022874 9.7395925 0.307720516284
As 8.650169501516 7.7884830783400005 1.9155381955920001
As 12.001815501515999 4.03791192166 3.840873804408
As 12.001815501515999 7.7884830783400005 3.840873804408
As 8.650169501516 4.03791192166 1.9155381955920001
As 12.026192022874 5.9131975 11.205103483716
As 8.674546022874 5.9131975 6.064132516284
As 12.001815501515999 11.61487807834 7.671950195591999
As 8.650169501516 7.864306921660001 9.597285804408001
As 8.650169501516 11.61487807834 9.597285804408001
As 12.001815501515999 7.864306921660001 7.671950195591999
Ru 10.361419399736 7.826395 0.0
Ru 10.361419399736 4.0 0.0
Ru 9.480523039786 7.613016082824999 4.347420791172
Ru 12.832169039786 4.213378917175 1.4089912088279999
Ru 12.832169039786 7.613016082824999 1.4089912088279999
Ru 9.480523039786 4.213378917175 4.347420791172
Ru 7.009773399736 4.0 5.756412
Ru 7.009773399736 7.826395 5.756412
Ru 12.832169039786 11.439411082825 10.103832791172
Ru 9.480523039786 8.039773917175001 7.165403208828
Ru 9.480523039786 11.439411082825 7.165403208828
Ru 12.832169039786 8.039773917175001 10.103832791172
