mp-17092.cif
Sc 9.943879315277638 4.094185859212795 1.8104160725
Sc 9.350773734116725 7.8832878261629915 1.8104160725
Sc 12.928785085605636 6.502381343099575 1.8104160725
Sc 6.202733270277638 10.385669169262567 5.4312482175
Sc 9.187639040605635 7.977473685375786 5.4312482175
Sc 5.609627689116727 6.59656720231237 5.4312482175
Sn 12.42799557531362 4.0 0.0
Sn 8.02714825734319 5.779072968624237 3.620832145
Sn 4.286002212343191 8.700782059851125 3.620832145
Sn 4.286002212343191 8.700782059851125 0.0
Sn 8.02714825734319 5.779072968624237 0.0
Sn 12.42799557531362 4.0 3.620832145
Pd 6.999999962588539 8.319903373916425 0.2306163029799104
Pd 6.999999962588539 8.319903373916425 3.3902158420200896
Pd 10.74114608241146 6.159951654558936 7.01104798702009
Pd 10.74114608241146 6.159951654558936 3.85144844797991
Pd 7.0 4.0 1.8104160725
Pd 7.0 4.0 5.4312482175
