mp-12906.cif
Sr 9.177528162517511 8.89943021264962 3.922163745
Sr 11.632302503035191 8.335509812521023 1.307387915
Sr 12.33179510948232 4.5639204001285965 1.307387915
Sr 5.561489615517683 10.17944655190323 3.922163745
Sr 6.26098222196481 6.407857139510801 3.922163745
Sr 8.71575656248249 5.8439367393822055 1.307387915
Cr 10.893284763932847 6.247788961532718 3.922163745
Cr 6.999999961067154 8.495577990499108 1.307387915
N 8.716493210885307 8.614119638148875 1.307387915
N 11.64887123270507 7.793586545124633 3.922163745
N 11.85419142818024 4.820533093024241 3.922163745
N 6.039093296819762 9.922833859007584 1.307387915
N 6.244413492294933 6.949780406907192 1.307387915
N 9.176791514114694 6.129247313882951 3.922163745
