mp-1102441.cif
Re 9.149071 5.6642598508 5.841819831093999
Re 9.149071 4.4129491492 1.0419468310939999
Re 7.716357 6.4901581492 3.757926168905999
Re 7.716357 7.7414688508 8.557799168906
N 7.716357 4.180430528158 6.468664045402
N 7.716357 5.896778471842 1.6687910454019999
N 9.149071 7.973987471841999 3.1310819545979998
N 9.149071 6.257639528158 7.930954954598
N 7.716357 7.161375002205999 5.710975293114
N 7.716357 7.070251997794 0.9111022931139999
N 9.149071 4.993042997794 3.888770706885999
N 9.149071 5.0841660022060005 8.688643706886
