mp-1202025.cif
Zr 10.258752567390943 8.551865751309037 11.563151644554152
Zr 13.582646407390941 9.593889463690962 7.573817260445847
Zr 10.38903511260906 6.211971058690963 5.184162009554154
Zr 7.065141272609059 5.169947346309038 1.1948276254458472
Zr 10.38903511260906 6.211971058690963 1.1948276254458472
Zr 7.065141272609059 5.169947346309038 5.184162009554154
Zr 10.258752567390943 8.551865751309037 7.573817260445847
Zr 13.582646407390941 9.593889463690962 11.563151644554152
V 9.231252687499158 4.064943317323055 9.5684844525
V 12.555146527499158 7.316975087676944 9.5684844525
V 11.416534992500843 10.698893492676945 3.1894948175
V 8.092641152500843 7.446861722323055 3.1894948175
V 11.38741688472792 5.109760088477302 11.161901841911103
V 8.06352304472792 6.272158316522699 7.975067063088898
V 9.260370795272081 9.6540767215227 4.782912206911104
V 12.584264635272081 8.491678493477302 1.5960774280888974
V 9.260370795272081 9.6540767215227 1.5960774280888974
V 12.584264635272081 8.491678493477302 4.782912206911104
V 11.38741688472792 5.109760088477302 7.975067063088898
V 8.06352304472792 6.272158316522699 11.161901841911103
Ge 11.60066315541367 9.813474449639415 9.5684844525
Ge 8.27676931541367 8.332280765360585 9.5684844525
Ge 9.04712452458633 4.950362360360584 3.1894948175
Ge 12.37101836458633 6.431556044639417 3.1894948175
Ge 11.505103999584495 10.458448225261137 0.5385432655996429
Ge 8.181210159584497 7.687306989738862 5.840446369400357
Ge 9.142683680415505 4.305388584738862 6.917532900599643
Ge 12.466577520415505 7.076529820261138 12.219436004400356
Ge 9.142683680415505 4.305388584738862 12.219436004400356
Ge 12.466577520415505 7.076529820261138 6.917532900599643
Ge 11.505103999584495 10.458448225261137 5.840446369400357
Ge 8.181210159584497 7.687306989738862 0.5385432655996429
Ge 10.091104336614709 6.5265840287945664 9.5684844525
Ge 13.41499817661471 4.855334376205434 9.5684844525
Ge 10.556683343385291 8.237252781205434 3.1894948175
Ge 7.232789503385291 9.908502433794567 3.1894948175
