mp-1223749.cif
In 9.184343505000001 6.589279435 3.0004361134095134
In 9.184343505000001 4.0 7.536103175355325
In 9.184343505000001 4.0 1.500820567487021
Ni 7.0 6.589279435 4.523622440560135
Ni 7.0 4.0 0.0008258751314208
Ni 7.0 7.883316627175475 2.2604194226287873
Ni 7.0 5.30016088982484 6.756227114211818
Ni 7.0 5.295242242824525 2.2604194226287873
Ni 7.0 7.87839798017516 6.756227114211818
Sn 9.184343505000001 6.589279435 6.012800992892922
Sn 7.0 6.589279435 0.014473342123408001
Sn 7.0 4.0 4.493036096869619
