mp-14091.cif
Al 9.987602915 6.987602915 0.0
Al 7.0 6.987602915 8.266558589999999
Al 7.0 4.0 5.51103906
Al 9.987602915 4.0 2.75551953
Ag 9.987602915 4.0 8.266558589999999
Ag 7.0 4.0 0.0
Ag 7.0 6.987602915 2.75551953
Ag 9.987602915 6.987602915 5.51103906
Se 8.27002115586187 5.4938014575 6.888798825000001
Se 11.4814043725 5.717581759138128 9.644318355
Se 11.70518467413813 8.4814043725 6.888798825000001
Se 8.4938014575 8.257624070861873 9.644318355
Se 11.257624070861873 8.4814043725 1.377759765
Se 8.4938014575 8.70518467413813 4.1332792949999995
Se 8.717581759138127 5.4938014575 1.377759765
Se 11.4814043725 5.270021155861872 4.1332792949999995
