mp-1224427.cif
Hf 9.432656114326562 5.404494634362336 3.45314077235
Hf 6.999999975673441 6.808989310859511 4.492877227649999
Ta 6.999999975673441 6.808989310859511 7.478100838033997
Ta 9.432656114326562 5.404494634362336 0.46791716196599986
Fe 7.0 4.0 3.973008999999999
Fe 7.0 4.0 0.0
Fe 8.205137826986 7.504775945635531 1.9492297295619994
Fe 5.794862173014001 7.504775945635531 1.9492297295619994
Fe 7.0 5.417415999172629 1.9492297295619994
Fe 8.227518263014 4.708707999586315 5.996788270437998
Fe 10.637793916986 4.708707999586315 5.996788270437998
Fe 9.432656090000002 6.796067946049218 5.996788270437998
