mp-18474.cif
Ag 9.14986728795985 4.0 5.681315784903288
Ag 12.59769788204015 7.97995083 0.2322088949032868
Ag 13.528415675035712 5.596290698347906 9.205324702948683
Ag 8.219149494964288 6.383660131652094 3.756217812948684
Ag 8.219149494964288 9.576241528347907 3.756217812948684
Ag 13.528415675035712 10.363610961652093 9.205324702948683
Ag 10.584819942390173 5.560967759142474 7.96566051422333
Ag 11.162745227609827 6.418983070857526 2.51655362422333
Ag 11.162745227609827 9.540918589142475 2.51655362422333
Ag 10.584819942390173 10.398933900857525 7.96566051422333
Ag 13.941556911995512 5.673823961269104 1.4758551819617152
Ag 7.806008258004487 6.306126868730897 6.9249620719617155
Ag 7.806008258004487 9.653774791269104 6.9249620719617155
Ag 13.941556911995512 10.286077698730896 1.4758551819617152
Ag 11.794855124212821 7.97995083 4.9679526043093425
Ag 9.952710045787178 4.0 10.417059494309344
Ge 12.818878006685468 4.0 5.22708106808847
Ge 8.928687163314532 7.97995083 10.67618795808847
Se 12.812439082748332 9.990762720377347 6.537080366871463
Se 8.935126087251668 9.949089769622653 1.0879734768714633
Se 10.799879877929449 7.97995083 9.252048287941266
Se 10.94768529207055 4.0 3.8029413979412645
Se 7.029381246345494 7.97995083 9.253547446228842
Se 14.718183923654506 4.0 3.8044405562288413
Se 13.325126227880958 7.97995083 2.7837136356297654
Se 8.422438942119042 4.0 8.232820525629766
Se 9.222848189726474 7.97995083 5.495832218706785
Se 12.524716980273524 4.0 0.046725328706785405
Se 12.812439082748332 5.969138939622651 6.537080366871463
Se 8.935126087251668 6.010811890377349 1.0879734768714633
