mp-15670.cif
Y 13.619696409765478 5.90491937 4.731761118937988
Y 16.710582582355414 4.0 6.493544290705848
Y 16.73299226430799 5.90491937 2.1075131491283456
Y 13.597286727812905 4.0 9.11779226051549
Y 7.0 4.0 0.0
Y 7.195689049765478 4.0 4.731761118937988
Y 10.286575222355415 5.90491937 6.493544290705848
Y 10.308984904307986 4.0 2.1075131491283456
Y 7.173279367812905 5.90491937 9.11779226051549
Y 13.424007360000001 5.90491937 0.0
S 14.852929068301492 5.90491937 7.262760364456665
S 15.477349923819402 4.0 3.962545045187171
S 18.68381239049541 4.0 2.4121179853370065
S 11.64646660162548 5.90491937 8.813187424306829
S 15.312888761771251 4.0 0.5769598189876313
S 5.529128456060446 5.90491937 5.612652704821918
S 15.017390230349642 5.90491937 10.648345590656206
S 8.428921708301491 4.0 7.262760364456665
S 9.0533425638194 5.90491937 3.962545045187171
S 12.259805030495412 5.90491937 2.4121179853370065
S 5.222459241625479 4.0 8.813187424306829
S 8.88888140177125 5.90491937 0.5769598189876313
S 11.953135816060446 4.0 5.612652704821918
S 8.593382870349641 4.0 10.648345590656206
