mp-1014358.cif
Cr 7.0 6.9462115 0.0
Cr 9.4060665 4.0 4.9741815
Cr 7.0 4.0 0.0
Cr 9.4060665 6.9462115 4.9741815
Cr 7.049892194944 8.419317249999999 7.343513477169002
Cr 9.356174305056001 8.419317249999999 2.3693319771690002
Cr 11.762240805055999 5.47310575 2.604849522831
Cr 9.455958694944 5.47310575 7.579031022831
Cr 9.817667484022 8.419317249999999 9.040942965681001
Cr 11.400532015978001 8.419317249999999 4.066761465681
Cr 8.994465515978 5.47310575 0.9074200343190001
Cr 7.411600984022 5.47310575 5.8816015343190005
N 8.061922261908 8.419317249999999 9.099548772114
N 8.344144238092 8.419317249999999 4.1253672721140004
N 10.750210738092001 5.47310575 0.848814227886
N 10.467988761908 5.47310575 5.822995727886
N 10.636533720233 8.419317249999999 5.679779094138
N 10.581665779767 8.419317249999999 0.705597594138
N 8.175599279767 5.47310575 4.268583905862
N 8.230467220233 5.47310575 9.242765405862
N 10.607391442785 7.029654102103 8.285175776934
N 10.610808057215 9.808980397896999 3.310994276934
N 8.204741557215 4.083442602103 1.663187223066
N 8.201324942785 6.862768897897 6.637368723066001
N 8.204741557215 6.862768897897 1.663187223066
N 8.201324942785 4.083442602103 6.637368723066001
N 10.607391442785 9.808980397896999 8.285175776934
N 10.610808057215 7.029654102103 3.310994276934
