mp-17186.cif
Ca 8.0499796375 8.309035034909172 13.431130939884072
Ca 8.0499796375 14.431279904909173 6.718817470115927
Ca 10.1499389125 11.935454705090828 0.0021680001159266006
Ca 10.1499389125 12.918685272094468 9.57225542577973
Ca 10.1499389125 15.427566893767475 12.00055284393269
Ca 8.0499796375 4.816922846232527 1.432746096067312
Ca 10.1499389125 9.305322023767474 8.14939556606731
Ca 8.0499796375 10.939167716232527 5.283903373932689
Ca 8.0499796375 13.44804933790553 2.8556059557797298
Ca 10.1499389125 6.796440402094468 10.577692984220272
Ca 8.0499796375 7.325804467905531 3.86104351422027
Ca 10.1499389125 5.813209835090827 6.714481469884075
Al 10.1499389125 9.377534881568304 2.718658577740027
Al 8.0499796375 10.866954858431697 10.714640362259974
Al 8.0499796375 4.744709988431698 9.435308047740026
Al 10.1499389125 15.499779751568303 3.997990892259973
As 10.1499389125 15.749802681357107 8.720255828824646
As 8.0499796375 4.494687058642895 4.713043111175353
As 10.1499389125 9.627557811357105 11.429692581175358
As 8.0499796375 10.616931928642895 2.003606358824647
As 10.1499389125 14.981610700281626 1.5505288581742636
As 8.0499796375 5.262879039718374 11.882770081825736
As 10.1499389125 8.859365830281625 5.166120611825737
As 8.0499796375 11.385123909718374 8.267178328174264
As 10.1499389125 13.230574833188493 5.0365701455143554
As 8.0499796375 7.0139149068115065 8.396728794485645
As 10.1499389125 7.108329963188494 1.6800793244856442
As 8.0499796375 13.136159776811507 11.753219615514357
