mp-1101841.cif
P 10.724215636231545 6.215999069812 3.471500265460678
P 5.828420865784157 9.208538069812 4.984244230029944
P 6.974815365112256 7.769078930188 2.1656627315330703
P 11.870610135559645 4.776539930188 0.6529187669638038
Os 9.789200585798259 4.073233414408 3.99886250099244
Os 6.763435916217443 7.065772414408 4.456881994498183
Os 7.909830415545542 9.911844585592 1.6383004960013081
Os 10.935595085126359 6.919305585591999 1.1802810024955661
Se 9.134257445639339 7.7436543188439995 4.5445455162644315
Se 7.418379056376361 4.751115318844 3.91119897922619
Se 8.56477355570446 6.241423681156 1.0926174807293163
Se 10.280651944967438 9.233962681156001 1.7259640177675577
