mp-1189472.cif
Al 8.39933600399336 4.8079070024341615 17.82300225
Al 6.999999986006641 5.615814029105533 5.94100075
V 8.39933600399336 4.8079070024341615 22.466060684145997
V 6.999999986006641 5.615814029105533 1.297942315854
V 6.999999986006641 5.615814029105533 10.584059184146
V 8.39933600399336 4.8079070024341615 13.179943815854001
V 8.39933600399336 4.8079070024341615 8.083183036432
V 6.999999986006641 5.615814029105533 15.680819963567998
V 6.999999986006641 5.615814029105533 19.965184536431998
V 8.39933600399336 4.8079070024341615 3.798818463568
N 7.0 4.0 0.0
N 7.0 4.0 11.8820015
N 7.0 4.0 21.186202774574998
N 7.0 4.0 2.577800225425
N 7.0 4.0 9.304201274575
N 7.0 4.0 14.459801725424999
