mp-1215385.cif
Zr 14.135039838406545 9.985278074076579 6.923168911870458
Zr 7.014446251593454 5.164208015923419 0.3674005968704571
Zr 12.985278074076579 4.014446251593454 3.645284754370457
Zr 8.16420801592342 11.135039838406545 10.201053069370458
Zr 11.69002169400012 7.595940913782545 12.743975810151921
Zr 9.459464395999877 7.553545176217454 6.188207495151923
Zr 10.595940913782545 6.459464395999877 9.466091652651924
Zr 10.553545176217455 8.69002169400012 2.910323337651924
Zr 11.68974758270343 4.012698845698197 11.515572594938744
Zr 9.459738507296569 11.136787244301802 4.959804279938743
Zr 7.012698845698197 6.459738507296569 8.237688437438742
Zr 14.136787244301802 8.68974758270343 1.6819201224387446
Zr 12.950967189866644 8.794766884343467 9.82614585554859
Zr 8.198518900133356 6.354719205656532 3.2703775405485915
Zr 11.794766884343467 5.198518900133356 6.548261698048592
Zr 9.354719205656533 9.950967189866644 13.104030013048593
Ta 10.624535497884084 10.01645705440993 8.155251486492748
Ta 10.524950592115916 5.133029035590069 1.5994831714927475
Ta 13.01645705440993 7.524950592115916 4.877367328992746
Ta 8.13302903559007 7.624535497884084 11.433135643992744
Ge 12.012331322661318 7.861176838441019 7.395656770330602
Ge 9.137154767338682 7.28830925155898 0.8398884553306023
Ge 10.861176838441018 6.137154767338682 4.117772612830602
Ge 10.28830925155898 9.012331322661318 10.673540927830603
Ge 13.882144355708576 9.721994316594978 12.23907964214194
Ge 7.267341734291422 5.427491773405019 5.683311327141943
Ge 12.721994316594978 4.267341734291422 8.961195484641943
Ge 8.42749177340502 10.882144355708576 2.4054271696419427
Ge 11.574629202992103 9.655951725282076 5.539969321819101
Ge 9.574856887007895 5.493534364717925 12.095737636819102
Ge 12.655951725282076 6.574856887007895 2.262085164319102
Ge 8.493534364717924 8.574629202992103 8.8178534793191
Ge 11.982712574677386 10.205223577241844 1.0525415833945138
Ge 9.166773515322612 4.944262512758156 7.608309898394512
Ge 13.205223577241844 6.166773515322612 10.886194055894514
Ge 7.944262512758156 8.982712574677386 4.330425740894513
