mp-1106289.cif
Ga 11.39428702 4.0 6.59143053
Ga 11.39428702 10.59143053 0.0
Ga 13.59143053 4.0 4.39428702
Ga 7.0 10.59143053 4.39428702
Ga 7.0 8.39428702 6.59143053
Ga 13.59143053 8.39428702 0.0
Ga 12.832944072624052 9.832944072624052 2.955629967375948
Ga 12.832944072624052 6.955629967375948 5.832944072624052
Ga 9.955629967375948 9.832944072624052 5.832944072624052
Ga 14.349916987375948 11.349916987375948 7.349916987375949
Ga 14.349916987375948 11.349916987375948 1.4386570526240519
Ga 14.349916987375948 5.438657052624052 7.349916987375949
Ga 8.438657052624052 11.349916987375948 7.349916987375949
Ga 12.832944072624052 9.832944072624052 5.832944072624052
Ga 7.0 8.39428702 2.19714351
Ga 7.0 6.19714351 4.39428702
Ga 9.19714351 8.39428702 0.0
Ga 11.39428702 6.19714351 0.0
Ga 11.39428702 4.0 2.19714351
Ga 9.19714351 4.0 4.39428702
Ga 8.438657052624052 5.438657052624052 7.349916987375949
Ga 8.438657052624052 11.349916987375948 1.4386570526240519
Ga 14.349916987375948 5.438657052624052 1.4386570526240519
Ga 9.955629967375948 6.955629967375948 2.955629967375948
Ga 9.955629967375948 6.955629967375948 5.832944072624052
Ga 9.955629967375948 9.832944072624052 2.955629967375948
Ga 12.832944072624052 6.955629967375948 2.955629967375948
Ga 8.438657052624052 5.438657052624052 1.4386570526240519
Pd 7.0 4.0 5.767133120954762
Pd 7.0 7.021440919045238 0.0
Pd 10.021440919045238 4.0 0.0
Pd 7.0 4.0 3.021440919045238
Pd 7.0 9.767133120954762 0.0
Pd 12.767133120954762 4.0 0.0
Pd 11.39428702 8.39428702 1.3728461009547626
Pd 11.39428702 11.41572793904524 4.39428702
Pd 14.41572793904524 8.39428702 4.39428702
Pd 11.39428702 8.39428702 7.41572793904524
Pd 11.39428702 5.372846100954763 4.39428702
Pd 8.372846100954762 8.39428702 4.39428702
