mp-1205390.cif
Nb 16.32456085372 13.507279468204002 1.345817261968
Nb 8.02835514628 4.845636531796 1.345817261968
Nb 11.330821468204 10.20481314628 1.237270738032
Nb 13.022094531796 8.148102853720001 1.237270738032
Nb 11.986425050362 5.475533823526 0.077136173856
Nb 12.366490949637999 12.877382176474 0.077136173856
Nb 13.651991823526004 4.190032949638 2.505951826144
Nb 10.700924176474 14.162883050362002 2.505951826144
Nb 15.106674874228 12.406443557008 3.863005520912
Nb 9.246241125772 5.946472442992 3.863005520912
Nb 10.229985557008 11.422699125772 3.886258479088
Nb 14.122930442992 6.930216874228 3.886258479088
Nb 11.148102853720001 8.330821468204 3.928905261967999
Nb 13.20481314628 10.022094531796 3.928905261967999
Nb 16.507279468204004 5.02835514628 3.8203587380320005
Nb 7.845636531796 13.32456085372 3.8203587380320005
Nb 17.162883050362 10.651991823526004 2.660224173856
Nb 7.190032949638 7.700924176474 2.660224173856
Nb 8.475533823526 9.366490949637999 5.089039826144
Nb 15.877382176474 8.986425050362 5.089039826144
Nb 9.930216874228 7.229985557008 1.2799175209120002
Nb 14.422699125772 11.122930442992 1.2799175209120002
Nb 15.406443557008 6.246241125772 1.3031704790879999
Nb 8.946472442992 12.106674874228 1.3031704790879999
Si 11.850351498916 6.1507354756720005 2.684636938544
Si 12.502564501084 12.202180524328 2.684636938544
Si 14.327193475672 4.326106501084 5.064627061456
Si 10.025722524328 14.026809498916 5.064627061456
Si 17.026809498916002 11.327193475672 0.101548938544
Si 7.326106501084 7.025722524328 0.101548938544
Si 9.150735475672 9.502564501084 2.481539061456
Si 15.202180524328 8.850351498916 2.481539061456
