mp-1101870.cif
Ti 7.8996752425 4.1340148808708 2.1916311020014425
Ti 7.8996752425 7.1098656658707995 1.2304745529985577
Ti 9.6990257275 9.8176866891292 4.652580207998557
Ti 9.6990257275 6.8418359041292 5.613736757001443
Fe 7.8996752425 4.874674620817513 6.430102989109582
Fe 7.8996752425 7.850525405817513 3.836213975890419
Fe 9.6990257275 9.077026949182487 0.41410832089041905
Fe 9.6990257275 6.101176164182487 3.0079973341095814
P 7.8996752425 8.606956143135458 6.0035903565251445
P 7.8996752425 5.631105358135459 4.262726608474856
P 9.6990257275 5.344745426864542 0.8406209534748559
P 9.6990257275 8.32059621186454 2.5814847015251443
