mp-1182950.cif
Ag 18.761374945278565 4.032266161585 13.524391795025819
Ag 20.3010801969498 6.864523919425 6.743288276676946
Ag 18.768873195865677 6.931966080575 13.529943278817571
Ag 20.29358194636269 9.764223838414999 6.737736792885193
Ag 11.306863945278565 6.930511161585001 13.524391795025819
Ag 12.846569196949805 9.762768919425 6.743288276676946
Ag 11.31436219586568 4.033721080575 13.529943278817571
Ag 12.839070946362689 6.865978838415 6.737736792885193
Sb 16.980872909333904 4.45323914608 1.9036567281004453
Sb 17.75405203438928 7.313528729560001 4.636941310282569
Sb 15.44866590824978 9.34325085392 8.690311730241065
Sb 16.221845033305154 6.482961270440001 11.423596312423193
Sb 9.526361909333902 7.351484146080001 1.9036567281004453
Sb 10.299541034389279 4.4152837295600005 4.636941310282569
Sb 7.9941549082497785 6.44500585392 8.690311730241065
Sb 8.767334033305152 9.38120627044 11.423596312423193
S 14.811276512776598 4.51973068287 10.876198293260531
S 13.180340487021374 8.3067341051 8.63024983347212
S 18.495146383209104 5.484408632875001 11.630507850128453
S 20.027353384293228 8.312081367125 4.843852847987831
S 16.921916012902543 7.423879407935 9.242677580865296
S 18.454123013986667 6.372610592065 2.45602257872467
S 16.343483513860722 9.27675931713 4.08954329111991
S 14.712547488105496 5.4897558949 1.8435948313315003
S 7.356765512776597 7.417975682870001 10.876198293260531
S 5.725829487021373 5.4084891051 8.63024983347212
S 11.0406353832091 8.382653632875002 11.630507850128453
S 12.572842384293224 5.4138363671250005 4.843852847987831
S 9.46740501290254 4.525634407935 9.242677580865296
S 10.999612013986667 9.270855592065 2.45602257872467
S 8.888972513860722 6.37851431713 4.08954329111991
S 7.258036488105498 8.3880008949 1.8435948313315003
