mp-1219917.cif
Pd 7.0 4.0 0.0
Pd 10.417582249999999 7.417582249999999 2.94313342
Rh 7.0 4.0 2.94313342
Rh 10.417582249999999 7.417582249999999 0.0
Pb 11.53629430723145 5.11871205723145 1.47156671
Pb 9.29887019276855 9.71645244276855 1.47156671
Pb 12.71645244276855 8.53629430723145 1.47156671
Pb 8.11871205723145 6.29887019276855 1.47156671
Pb 8.11871205723145 8.53629430723145 4.41470013
Pb 12.71645244276855 6.29887019276855 4.41470013
Pb 9.29887019276855 5.11871205723145 4.41470013
Pb 11.53629430723145 9.71645244276855 4.41470013
