mp-1077503.cif
Ti 8.765105025 12.153289803137307 2.6738804775
Ti 7.0 16.1245548018627 0.8912934925
Ti 7.0 5.394008268137306 2.6738804775
Ti 8.765105025 9.365273266862697 0.8912934925
Si 8.765105025 16.731087169256053 2.6738804775
Si 7.0 11.546757435743952 0.8912934925
Si 7.0 14.1431782165257 2.6738804775
Si 8.765105025 14.134666388474306 0.8912934925
Si 7.0 9.97180563425605 2.6738804775
Si 8.765105025 4.787475900743951 0.8912934925
Si 8.765105025 7.383896681525698 2.6738804775
Si 7.0 7.375384853474303 0.8912934925
