mp-1078331.cif
Sb 22.242667030776907 4.0 2.198447654092923
Sb 14.430814075839564 6.12957019 8.266033850955367
Sb 18.447756071694812 6.12957019 1.8717617150034982
Sb 18.22572503492165 4.0 8.592719790044793
Sb 14.351553385776901 6.12957019 2.198447654092923
Sb 6.539700430839565 4.0 8.266033850955367
Sb 10.556642426694815 4.0 1.8717617150034982
Sb 10.334611389921651 6.12957019 8.592719790044793
Te 19.76774158990509 4.0 3.6088848994874834
Te 16.90573951671137 6.12957019 6.855596605560806
Te 21.05007678076447 6.12957019 6.780668092574656
Te 15.623404325851991 4.0 3.683813412473636
Te 16.086273873836596 4.0 10.447017959733406
Te 20.587207232779868 6.12957019 0.01746354531488479
Te 11.876627944905094 6.12957019 3.6088848994874834
Te 9.014625871711376 4.0 6.855596605560806
Te 13.15896313576447 4.0 6.780668092574656
Te 7.732290680851995 6.12957019 3.683813412473636
Te 8.195160228836599 6.12957019 10.447017959733406
Te 12.696093587779869 4.0 0.01746354531488479
