mp-1216045.cif
Zr 9.569793 11.335113368518 6.835000054575002
Zr 9.569793 5.497727623654 5.721465951047
Zr 9.569793 5.497727623654 2.739525048953
Zr 9.569793 11.335113368518 1.6259909454250001
Zr 7.0 6.940656368518001 6.835000054575002
Zr 7.0 9.892184623654 5.721465951047
Zr 7.0 9.892184623654 2.739525048953
Zr 7.0 6.940656368518001 1.6259909454250001
Mn 9.569793 6.946606463296002 0.0
Mn 8.439541503154 11.954134159366 4.2304955
Mn 10.700044496846001 11.954134159366 4.2304955
Mn 9.569793 9.935259091168001 4.2304955
Mn 7.0 11.341063463295999 0.0
Mn 11.009334503154001 7.559677159366 4.2304955
Mn 8.130251496846 7.559677159366 4.2304955
Mn 7.0 5.5408020911680005 4.2304955
Ga 9.569793 8.346566207614 6.199080432006
Ga 9.569793 8.346566207614 2.261910567994
Ga 10.821659950571 4.785865139767 0.0
Ga 8.317926049429 4.785865139767 0.0
Ga 7.0 12.741023207613999 6.199080432006
Ga 7.0 12.741023207613999 2.261910567994
Ga 8.251866950571 9.180322139767 0.0
Ga 10.887719049429 9.180322139767 0.0
