mp-1188052.cif
Zr 7.0 4.0 0.0
Zr 7.0 7.0127684299999995 3.01276843
Zr 10.01276843 4.0 3.01276843
Zr 10.01276843 7.0127684299999995 0.0
Ga 10.01276843 4.0 0.0
Ga 10.01276843 7.0127684299999995 3.01276843
Ga 7.0 4.0 3.01276843
Ga 7.0 7.0127684299999995 0.0
Co 8.506384215 5.506384215 4.519152645000001
Co 8.506384215 8.519152645000002 4.519152645000001
Co 8.506384215 8.519152645000002 1.506384215
Co 8.506384215 5.506384215 1.506384215
Co 11.519152645000002 5.506384215 1.506384215
Co 11.519152645000002 8.519152645000002 1.506384215
Co 11.519152645000002 8.519152645000002 4.519152645000001
Co 11.519152645000002 5.506384215 4.519152645000001
