mp-1220738.cif
Nb 9.460801164608013 5.420744186393696 7.313647976142001
Nb 6.999999975391989 6.841488415409718 0.46406502385799986
Nb 6.999999975391989 6.841488415409718 3.4247914761419995
Nb 9.460801164608013 5.420744186393696 4.352921523857998
Ga 7.0 4.0 0.0
Ga 7.0 4.0 3.8888564999999993
Ni 7.0 5.465491959943272 5.833284750000001
Ni 8.19164787364728 7.529486621831779 5.833284750000001
Ni 5.8083521263527205 7.529486621831779 5.833284750000001
Ni 9.460801140000001 6.796740641860143 1.9444282499999996
Ni 8.26915326635272 4.732745979971636 1.9444282499999996
Ni 10.65244901364728 4.732745979971636 1.9444282499999996
