mp-15837.cif
Nb 8.947116253491858 5.26219363646665 1.7329276249999996
Nb 10.72908497353335 10.938394863491858 0.0
Nb 13.25347224646665 7.044162356508144 0.0
Nb 15.035440966508142 12.72036358353335 1.7329276249999996
Nb 7.0 4.0 0.0
Nb 13.938394863491858 10.25347224646665 0.0
Nb 15.72036358353335 5.947116253491857 1.7329276249999996
Nb 8.26219363646665 12.035440966508142 1.7329276249999996
Nb 10.044162356508144 7.72908497353335 0.0
Nb 11.99127861 8.99127861 1.7329276249999996
Se 11.402833116006489 6.185979681256594 1.7329276249999996
Se 9.805298928743406 13.39411172600649 0.0
Se 14.177258291256596 4.588445493993511 0.0
Se 12.579724103993513 11.796577538743406 1.7329276249999996
Se 16.39411172600649 11.177258291256596 0.0
Se 14.796577538743406 8.402833116006489 1.7329276249999996
Se 9.185979681256594 9.579724103993513 1.7329276249999996
Se 7.588445493993511 6.805298928743406 0.0
