mp-1226111.cif
Co 8.952926536277344 5.73260107 0.432066752613796
Co 11.734164089120554 5.73260107 2.832180706568873
Co 10.504894494007022 4.0 6.078739807896912
Co 7.805930606912454 4.0 3.689185710397598
Co 12.290559849574985 5.73260107 5.443796836653806
Co 9.968698559981288 4.0 2.176449283387789
Co 7.139891371518346 4.0 1.0881364141157037
Ni 9.584812516814033 5.73260107 4.327842847493323
P 11.105478821731932 5.73260107 0.7936290412100641
P 8.35589488975786 5.73260107 2.457137987405969
P 8.339393385520323 4.0 5.749585275930056
P 11.1821876470473 4.0 4.056561237826502
