mp-14444.cif
Hf 6.995873878049289 4.006765506703769 3.2513977077226763
Hf 5.807638310146681 7.274982477014409 8.67294885015002
P 7.075437293205586 2.8859322559057063 6.772688513229978
P 9.406548398485002 3.699075908034972 1.3535859793311413
P 11.551110468937164 4.312896912982909 1.3516180259978832
P 6.919699600590053 5.111747867828016 6.777055404496206
S 8.30587314800627 5.383722756467785 1.546062790573293
S 10.270806416241733 9.176039714806034 1.5484073945142005
S 3.812759338691716 8.922623010193087 5.01685389202102
S 7.804611511381811 5.628279007466681 5.022269288347644
S 9.441132399154707 2.0445042742161066 10.439301707994014
S 4.5502872636959175 5.968908328452615 10.444583601038744
S 7.923389744033238 5.88961801595282 8.338717690247638
S 6.070687013599897 2.1065640508991677 8.333668641675878
S 6.639007831046953 9.039853471183239 2.9167685323494994
S 11.93895566499907 5.5245058292117175 2.912618434796111
S 9.03514594940432 2.4263094657064688 6.9661741364365275
S 4.9603698487081695 5.570527670856352 6.970583974331213
