mp-1223503.cif
K 17.02273594238803 6.59183419 0.9890877313055312
K 4.642615960135467 6.59183419 8.653798676798512
K 14.406459550340173 4.0 3.1960955625810112
K 7.297470989014611 4.0 6.436808453586758
K 5.055027927360369 6.59183419 4.846945453847143
K 11.188208492388032 4.0 0.9890877313055312
K 10.477143526826016 4.0 8.653798676798512
K 8.571932100340174 6.59183419 3.1960955625810112
K 13.13199843901461 6.59183419 6.436808453586758
K 10.889555377360368 4.0 4.846945453847143
As 13.536344305490097 6.59183419 1.0439335036396875
As 8.130718145979642 6.59183419 8.58769655490756
As 6.274976305904954 4.0 2.999736580147602
As 15.4012938044608 4.0 6.636346519710671
As 7.701816855490097 4.0 1.0439335036396875
As 13.965245595979642 4.0 8.58769655490756
As 12.109503755904955 6.59183419 2.999736580147602
As 9.566766354460796 6.59183419 6.636346519710671
