mp-17926.cif
Zr 11.546312109999999 10.819468165 7.9560461925
Zr 13.819468165 11.9560461925 4.54631211
Zr 9.273156055 9.6828901375 4.54631211
Zr 12.6828901375 8.546312109999999 2.273156055
Zr 10.4097340825 4.0 2.273156055
Zr 7.0 10.819468165 1.1365780275
Zr 7.0 6.273156054999999 3.4097340825
Zr 9.273156055 7.4097340825 0.0
Zr 13.819468165 5.1365780275 0.0
Zr 8.1365780275 4.0 6.819468165
Zr 14.9560461925 8.546312109999999 6.819468165
Zr 11.546312109999999 6.273156054999999 5.682890137499999
Ni 9.273156055 11.9560461925 0.0
Ni 7.0 10.819468165 5.682890137499999
Ni 13.819468165 9.6828901375 0.0
Ni 8.1365780275 8.546312109999999 2.273156055
Ni 14.9560461925 4.0 2.273156055
Ni 11.546312109999999 10.819468165 3.4097340825
Ni 13.819468165 7.4097340825 4.54631211
Ni 11.546312109999999 6.273156054999999 1.1365780275
Ni 9.273156055 5.1365780275 4.54631211
Ni 12.6828901375 4.0 6.819468165
Ni 10.4097340825 8.546312109999999 6.819468165
Ni 7.0 6.273156054999999 7.9560461925
Sb 13.078882196569037 5.53257008656904 3.0137420234309595
Sb 12.286898078430958 9.286898078430958 5.286898078430959
Sb 14.56005413343096 5.53257008656904 6.078882196569038
Sb 13.078882196569037 11.56005413343096 1.5325700865690401
Sb 7.74058596843096 12.35203825156904 3.80572614156904
Sb 15.35203825156904 9.286898078430958 3.80572614156904
Sb 15.35203825156904 7.80572614156904 0.7405859684309598
Sb 14.56005413343096 11.56005413343096 7.56005413343096
Sb 8.53257008656904 10.078882196569037 7.56005413343096
Sb 7.74058596843096 4.74058596843096 0.7405859684309598
Sb 10.013742023430959 10.078882196569037 1.5325700865690401
Sb 8.53257008656904 7.013742023430959 6.078882196569038
Sb 12.286898078430958 7.80572614156904 8.35203825156904
Sb 10.805726141569039 4.74058596843096 8.35203825156904
Sb 10.805726141569039 12.35203825156904 5.286898078430959
Sb 10.013742023430959 7.013742023430959 3.0137420234309595
