mp-15953.cif
P 11.541868000454695 4.694227754770768 0.7208484146692289
P 7.106131935013308 7.595848094770767 1.9860526931526374
P 5.992720880481312 9.109012925229234 4.692953800974504
P 10.4284569459227 6.207392585229233 3.427749522491095
P 9.025689624396403 7.610226726171197 4.399852335574283
P 7.39548820200761 4.708606386171197 3.720850987891316
P 8.508899256539605 6.193013953828803 1.0139498800694495
P 10.139100678928399 9.094634293828802 1.6929512277524168
Rh 10.725366948190512 6.911770788273388 1.1382417378909295
Rh 7.922632987277493 4.010150448273388 1.568659369930937
Rh 6.809221932745498 6.8914698917266115 4.275560477752803
Rh 9.611955893658514 9.793090231726612 3.845142845712796
