mp-1195257.cif
H 9.116962229523999 6.155896173282001 1.3097924881719998
H 17.498533770476 14.789435826718 1.3097924881719998
H 17.498533770476 6.155896173282001 1.3313335118280003
H 9.116962229523999 14.789435826718 1.3313335118280003
H 17.498533770476 14.789435826718 3.9724595118279997
H 9.116962229523999 6.155896173282001 3.9724595118279997
H 9.116962229523999 14.789435826718 3.9509184881720003
H 17.498533770476 6.155896173282001 3.9509184881720003
H 10.958042484772 6.037420494818001 2.641126
H 15.657453515228001 14.907911505182001 2.641126
H 15.657453515228001 6.037420494818001 0.0
H 10.958042484772 14.907911505182001 0.0
H 15.232834843112002 14.462028962440002 0.0
H 11.382661156888 6.483303037560001 0.0
H 11.382661156888 14.462028962440002 2.641126
H 15.232834843112002 6.483303037560001 2.641126
H 7.0 4.0 1.694932045996
H 7.0 4.0 0.946193954004
H 7.0 4.0 3.5873199540040006
H 7.0 4.0 4.336058045995999
H 12.933193923760001 4.0 1.320563
H 13.68230207624 4.0 1.320563
H 13.68230207624 4.0 3.961689
H 12.933193923760001 4.0 3.961689
H 15.424710229523999 12.628562173282 1.3097924881719998
H 11.190785770476 8.316769826718001 1.3097924881719998
H 11.190785770476 12.628562173282 1.3313335118280003
H 15.424710229523999 8.316769826718001 1.3313335118280003
H 11.190785770476 8.316769826718001 3.9724595118279997
H 15.424710229523999 12.628562173282 3.9724595118279997
H 15.424710229523999 8.316769826718001 3.9509184881720003
H 11.190785770476 12.628562173282 3.9509184881720003
H 17.265790484771998 12.510086494818 2.641126
H 9.349705515228 8.435245505182 2.641126
H 9.349705515228 12.510086494818 0.0
H 17.265790484771998 8.435245505182 0.0
H 8.925086843112 7.9893629624399995 0.0
H 17.690409156888002 12.955969037559997 0.0
H 17.690409156888002 7.9893629624399995 2.641126
H 8.925086843112 12.955969037559997 2.641126
H 13.307748 10.472666 1.694932045996
H 13.307748 10.472666 0.946193954004
H 13.307748 10.472666 3.5873199540040006
H 13.307748 10.472666 4.336058045995999
H 19.240941923759998 10.472666 1.320563
H 7.37455407624 10.472666 1.320563
H 7.37455407624 10.472666 3.961689
H 19.240941923759998 10.472666 3.961689
S 9.777541138824 5.37116956544 2.641126
S 16.837954861176 15.574162434559998 2.641126
S 16.837954861176 5.37116956544 0.0
S 9.777541138824 15.574162434559998 0.0
S 14.6230711517 13.252591902342001 0.0
S 11.9924248483 7.6927400976580005 0.0
S 11.9924248483 13.252591902342001 2.641126
S 14.6230711517 7.6927400976580005 2.641126
S 16.085289138824 11.84383556544 2.641126
S 10.530206861176 9.101496434560001 2.641126
S 10.530206861176 11.84383556544 0.0
S 16.085289138824 9.101496434560001 0.0
S 8.3153231517 6.779925902342001 0.0
S 18.3001728483 14.165406097658 0.0
S 18.3001728483 6.779925902342001 2.641126
S 8.3153231517 14.165406097658 2.641126
