mp-1217934.cif
Ta 6.99999997639039 6.726203038025972 3.357219262422
Ta 9.36096109860961 5.363101498566463 4.454754737578002
Ti 9.36096109860961 5.363101498566463 7.325327079670002
Ti 6.99999997639039 6.726203038025972 0.48664692033
Fe 7.0 4.0 3.905987
Fe 7.0 4.0 0.0
Fe 10.515858214681689 4.696321337715926 1.9393616053700005
Fe 9.36096105139039 6.696661902053628 1.9393616053700005
Fe 8.20606388809909 4.696321337715926 1.9393616053700005
Fe 5.8451028603183115 7.392983198876509 5.87261239463
Fe 7.000000023609611 5.392642634538807 5.87261239463
Fe 8.15489718690091 7.392983198876509 5.87261239463
