mp-1246346.cif
Sr 6.998842250958367 7.378584955685746 3.162207413062163
Sr 6.998842250958367 11.027435704314254 3.162207413062163
Sr 7.0 9.20301033 0.0
Sr 10.199427690958366 12.581595285685745 3.162207413062163
Sr 10.199427690958366 5.824425374314253 3.162207413062163
Sr 10.20058544 4.0 0.0
Zn 7.910420602383128 12.715866979887304 5.452165573506173
Zn 7.910420602383128 5.690153680112695 5.452165573506173
Zn 12.488434779533605 5.690153680112695 0.872249252618153
Zn 12.488434779533605 12.715866979887304 0.872249252618153
Zn 9.358279873714746 9.20301033 4.106258885595973
Zn 11.040575508201988 9.20301033 2.218155940528352
Zn 11.111006042383126 7.512856649887304 5.452165573506173
Zn 11.111006042383126 10.893164010112695 5.452165573506173
Zn 9.287849339533606 10.893164010112695 0.872249252618153
Zn 9.287849339533606 7.512856649887304 0.872249252618153
Zn 12.558865313714744 4.0 4.106258885595973
Zn 7.839990068201987 4.0 2.218155940528352
N 8.952035469422404 10.944920747249956 5.078836441470575
N 8.952035469422404 7.4610999127500435 5.078836441470575
N 11.44681991249433 7.4610999127500435 1.2455783846537516
N 11.44681991249433 10.944920747249956 1.2455783846537516
N 11.72656751809135 9.20301033 4.28971453839722
N 8.672287863825382 9.20301033 2.0347002877271056
N 12.152620909422403 5.741910417249957 5.078836441470575
N 12.152620909422403 12.664110242750043 5.078836441470575
N 8.24623447249433 12.664110242750043 1.2455783846537516
N 8.24623447249433 5.741910417249957 1.2455783846537516
N 8.525982078091353 4.0 4.28971453839722
N 11.872873303825381 4.0 2.0347002877271056
