mp-1029771.cif
Ca 7.0 14.209299556720351 1.6240970339238672
Ca 9.803035865 9.927034833279649 10.723675086076133
Ca 7.0 9.927034833279649 7.797983093923868
Ca 9.803035865 14.209299556720351 4.549789026076132
Ca 7.0 10.899903577575568 1.0003007985376355
Ca 9.803035865 13.23643081242443 11.347471321462361
Ca 7.0 13.23643081242443 7.174186858537635
Ca 9.803035865 10.899903577575568 5.173585261462364
Ca 9.803035865 8.83052131914479 1.6240970339238672
Ca 7.0 4.548256810855211 10.723675086076133
Ca 9.803035865 4.548256810855211 7.797983093923868
Ca 7.0 8.83052131914479 4.549789026076132
Ca 9.803035865 5.521125447575569 1.0003007985376355
Ca 7.0 7.857652682424431 11.347471321462361
Ca 9.803035865 7.857652682424431 7.174186858537635
Ca 7.0 5.521125447575569 5.173585261462364
Re 7.0 12.171428332086363 4.269172939488407
Re 9.803035865 11.964906057913636 8.078599180511594
Re 7.0 11.964906057913636 10.443058999488407
Re 9.803035865 12.171428332086363 1.9047131205115928
Re 9.803035865 6.792650202086364 4.269172939488407
Re 7.0 6.586127927913635 8.078599180511594
Re 9.803035865 6.586127927913635 10.443058999488407
Re 7.0 6.792650202086364 1.9047131205115928
N 7.0 11.030060218945373 5.7843608946257765
N 9.803035865 13.106274171054627 6.563411225374224
N 7.0 13.106274171054627 11.958246954625775
N 9.803035865 11.030060218945373 0.3895251653742228
N 7.0 13.98060090304432 4.64519890299244
N 9.803035865 10.155733486955679 7.7025732170075605
N 7.0 10.155733486955679 10.819084962992436
N 9.803035865 13.98060090304432 1.5286871570075602
N 11.204553797500001 11.683248815374125 3.086943029999999
N 8.4015179325 12.453085574625874 9.260829089999998
N 11.204553797500001 12.453085574625874 9.260829089999998
N 8.4015179325 11.683248815374125 3.086943029999999
N 9.803035865 5.651282088945372 5.7843608946257765
N 7.0 7.727496041054628 6.563411225374224
N 9.803035865 7.727496041054628 11.958246954625775
N 7.0 5.651282088945372 0.3895251653742228
N 9.803035865 8.601822773044322 4.64519890299244
N 7.0 4.776955356955679 7.7025732170075605
N 9.803035865 4.776955356955679 10.819084962992436
N 7.0 8.601822773044322 1.5286871570075602
N 8.4015179325 6.304470685374126 3.086943029999999
N 11.204553797500001 7.074307444625875 9.260829089999998
N 8.4015179325 7.074307444625875 9.260829089999998
N 11.204553797500001 6.304470685374126 3.086943029999999
