mp-1102961.cif
Al 7.534472839538717 4.899246115471718 6.83850113318728
Al 10.8679755363138 6.823498986626037 2.460201318578053
Cd 7.5968511175181295 8.753332689044383 3.3433069943192906
Cd 10.805597258334387 2.9694124130533712 5.955395457446042
Cl 6.27198967743128 7.047891505411012 1.6919673495487475
Cl 12.130458698421238 4.6748535966867415 7.606735102216586
Cl 9.675221043570348 8.43574803426641 1.6483800537541955
Cl 8.727227332282169 3.286997067831342 7.650322398011138
Cl 7.557458003305585 4.893507965774529 4.728735178583632
Cl 10.844990372546933 6.829237136323226 4.5699672731817005
Cl 10.075122536591612 4.972803298561742 1.6689524100714563
Cl 8.327325839260906 6.749941803536011 7.629750041693876
