mp-1193800.cif
Hf 11.329632929999999 8.627526916020752 8.198033029956001
Hf 9.486893529029771 5.435808648431276 8.198033029956001
Hf 13.17237233097023 5.435808648431276 8.198033029956001
Hf 7.000000000000001 6.871617296862553 0.417970970044
Hf 8.842739400970231 10.063335564452029 0.417970970044
Hf 5.1572605990297715 10.063335564452029 0.417970970044
Hf 7.000000000000001 6.871617296862553 3.890031029956
Hf 8.842739400970231 10.063335564452029 3.890031029956
Hf 5.1572605990297715 10.063335564452029 3.890031029956
Hf 11.329632929999999 8.627526916020752 4.725972970044
Hf 9.486893529029771 5.435808648431276 4.725972970044
Hf 13.17237233097023 5.435808648431276 4.725972970044
Hf 7.000000000000002 10.840524373242616 6.462003
Hf 5.405565047565271 8.078882026261997 6.462003
Hf 8.594434952434732 8.078882026261997 6.462003
Hf 11.329632929999999 4.658619839640689 2.154001
Hf 12.92406788243473 7.420262186621308 2.154001
Hf 9.73519797756527 7.420262186621308 2.154001
Re 7.0 5.657475852219894 6.462003
Re 9.894216735818311 10.670406286773357 6.462003
Re 4.105783264181692 10.670406286773357 6.462003
Re 11.32963293 9.84166836066341 2.154001
Re 8.43541619418169 4.828737926109947 2.154001
Re 14.22384966581831 4.828737926109947 2.154001
Re 7.0 4.0 0.0
Re 7.0 4.0 4.308002
Se 11.32963297329633 6.49971471263062 6.462003
Se 6.999999956703672 8.999429500252685 2.154001
