mp-1224391.cif
Hf 6.9999999841272915 5.832822514212805 1.2969543620228086
Hf 6.9999999841272915 5.832822514212805 9.218868785547834
Hf 7.0 4.0 6.615305770076272
Hf 8.587270865872709 4.916411243360233 4.0114342623171355
Hf 7.0 4.0 11.832893039996755
Hf 7.0 4.0 19.75480746352178
Hf 8.587270865872709 4.916411243360233 17.151244448050218
Hf 6.9999999841272915 5.832822514212805 14.547373256369244
Hf 8.587270865872709 4.916411243360233 22.3688317179707
Hf 8.587270865872709 4.916411243360233 30.290746141495724
Hf 6.9999999841272915 5.832822514212805 27.687183442102334
Hf 7.0 4.0 25.0833119343432
N 6.9999999841272915 5.832822514212805 5.233734438981043
N 8.587270865872709 4.916411243360233 10.474713389469505
N 7.0 4.0 2.71143859620513
N 7.0 4.0 15.769673116954989
N 6.9999999841272915 5.832822514212805 21.010652383521613
N 8.587270865872709 4.916411243360233 13.247377274179076
N 8.587270865872709 4.916411243360233 26.305611794928932
N 7.0 4.0 31.54659106149556
N 6.9999999841272915 5.832822514212805 23.78331626823119
