mp-1227463.cif
Bi 6.999999978117212 6.52680674998545 21.98826747243
Bi 6.999999978117212 6.52680674998545 3.17353738034
Bi 9.188278846882788 5.263403356041674 11.792755523379999
Sb 7.0 4.0 13.424269091320001
Sb 6.999999978117212 6.52680674998545 17.82651541963
Sb 6.999999978117212 6.52680674998545 7.32974983094
Te 9.188278846882788 5.263403356041674 5.33486353869
Te 7.0 4.0 19.86838761054
Te 9.188278846882788 5.263403356041674 23.75217753295
Te 7.0 4.0 1.42249430493
Te 9.188278846882788 5.263403356041674 16.14081447017
Te 7.0 4.0 9.0262781847
