mp-1183777.cif
Co 7.0 11.131256095161106 0.0
Co 10.11950966 11.131256095161106 3.12309532
Co 10.11950966 5.354992124838895 0.0
Co 7.0 5.354992124838895 3.12309532
Co 10.11950966 19.6175043151611 0.0
Co 7.0 19.6175043151611 3.12309532
Co 7.0 13.841240344838896 0.0
Co 10.11950966 13.841240344838896 3.12309532
Sn 11.136878839266618 12.48624822 1.0154910581651022
Sn 8.01736917926662 12.48624822 2.1076042618348976
Sn 12.22165014073338 12.48624822 4.138586378165102
Sn 9.10214048073338 12.48624822 5.230699581834898
Sn 8.945207433048147 9.687008836318574 1.1924396426532882
Sn 12.064717093048147 9.687008836318574 1.930655677346712
Sn 8.174302226951852 9.687008836318574 4.315534962653288
Sn 11.293811886951852 9.687008836318574 5.053750997346712
Sn 12.064717093048147 6.799239383681427 1.1924396426532882
Sn 8.945207433048147 6.799239383681427 1.930655677346712
Sn 11.293811886951852 6.799239383681427 4.315534962653288
Sn 8.174302226951852 6.799239383681427 5.053750997346712
Sn 8.01736917926662 4.0 1.0154910581651022
Sn 11.136878839266618 4.0 2.1076042618348976
Sn 9.10214048073338 4.0 4.138586378165102
Sn 12.22165014073338 4.0 5.230699581834898
Sn 12.064717093048147 18.173257056318572 1.1924396426532882
Sn 8.945207433048147 18.173257056318572 1.930655677346712
Sn 11.293811886951852 18.173257056318572 4.315534962653288
Sn 8.174302226951852 18.173257056318572 5.053750997346712
Sn 8.945207433048147 15.285487603681428 1.1924396426532882
Sn 12.064717093048147 15.285487603681428 1.930655677346712
Sn 8.174302226951852 15.285487603681428 4.315534962653288
Sn 11.293811886951852 15.285487603681428 5.053750997346712
