mp-1095427.cif
Hf 7.9123766475 4.123550398676127 5.7447961212612455
Hf 7.9123766475 7.239819228676127 4.808637988738757
Hf 9.737129942500001 10.108987261323874 1.2908266187387567
Hf 9.737129942500001 6.992718431323873 2.2269847512612446
Co 7.9123766475 4.864525083902726 3.080911017692203
Co 7.9123766475 7.980793913902726 0.4369003523077969
Co 9.737129942500001 9.368012576097275 3.9547117223077977
Co 9.737129942500001 6.251743746097274 6.598722387692204
P 7.9123766475 8.816707536471197 2.7108795456608714
P 7.9123766475 5.700438706471196 0.8069318243391297
P 9.737129942500001 5.415830123528803 4.3247431943391295
P 9.737129942500001 8.532098953528802 6.22869091566087
