mp-1551.cif
Te 14.588011143748474 6.013702405 1.5492111248766516
Te 9.401377335049439 4.0 3.8562693093111244
Te 12.601938035474248 6.013702405 4.117562882046371
Te 7.8789514354782035 6.013702405 1.1995667582531488
Te 16.11043704331971 4.0 4.205913675934627
Te 11.387450443323669 4.0 1.2879175521414048
Te 24.612967403748474 4.0 1.5492111248766516
Te 19.42633359504944 6.013702405 3.8562693093111244
Te 22.626894295474244 4.0 4.117562882046371
Te 17.903907695478203 4.0 1.1995667582531488
Te 26.13539330331971 6.013702405 4.205913675934627
Te 21.41240670332367 6.013702405 1.2879175521414048
Ir 6.982216109398957 4.0 2.702740217093888
Ir 13.831097642699795 4.0 0.010723283975733027
Ir 10.15829083609812 6.013702405 5.394757150212043
Ir 17.00717236939896 6.013702405 2.702740217093888
Ir 23.856053902699795 6.013702405 0.010723283975733027
Ir 20.18324709609812 4.0 5.394757150212043
