mp-1187704.cif
Y 8.801463195 5.801463195 5.404389585
Y 8.801463195 9.404389585 5.404389585
Y 8.801463195 9.404389585 1.801463195
Y 8.801463195 5.801463195 1.801463195
Y 12.404389585 5.801463195 1.801463195
Y 12.404389585 9.404389585 1.801463195
Y 12.404389585 9.404389585 5.404389585
Y 12.404389585 5.801463195 5.404389585
Zn 7.0 4.0 0.0
Zn 7.0 7.60292639 3.60292639
Zn 10.60292639 4.0 3.60292639
Zn 10.60292639 7.60292639 0.0
Ag 10.60292639 4.0 0.0
Ag 10.60292639 7.60292639 3.60292639
Ag 7.0 4.0 3.60292639
Ag 7.0 7.60292639 0.0
