mp-11007.cif
Ca 7.340781513597956 6.9208602006488 2.389070035897591
Ca 4.057714103130973 4.8707839043512 7.228992100035258
Ca 10.28532167593506 10.712504305648801 2.4508520282400736
Ca 7.002254265468078 8.6624280093512 7.290774092377737
P 6.705686425534685 10.776815897971346 4.22365440051725
P 7.63734935353135 4.806472312028652 5.456189727758078
P 10.920416763998332 6.985171792971348 0.6162676636204142
P 3.4226190150677023 8.598116417028653 9.063576464654915
Se 6.235516020723724 4.087618449471572 2.286586718956743
Se 9.387266547679321 5.523136879279506 4.35398837138709
Se 8.238836641853695 9.314780984279507 0.48593369275057463
Se 4.955769231386711 10.060151330720494 5.325855756888239
Se 4.970176801343357 10.140482543553784 9.059367862024823
Se 6.089791567255693 6.348838438553784 5.460398330388172
Se 9.372858977722675 5.442805666446216 0.6204762662505056
Se 8.25324421181034 9.234449771446215 4.219445797887159
Se 11.390587168809292 7.8792625544715715 2.553335345180922
Se 8.10751975834231 11.495669760528429 7.393257409318586
Se 2.9524486102567415 7.7040256555284286 7.126508783094407
Se 6.104199137212338 6.268507225720494 9.193910435524755
