mp-13512.cif
Ca 9.10624386 10.683374357214037 1.0138862875
Ca 7.0 5.860660647785965 3.0416588625000003
Ca 7.0 19.227409362214033 1.0138862875
Ca 9.10624386 14.40469565278597 3.0416588625000003
Ni 7.0 9.49188201837757 3.0416588625000003
Ni 9.10624386 7.052152986622431 1.0138862875
Ni 9.10624386 18.035917023377568 3.0416588625000003
Ni 7.0 15.59618799162243 1.0138862875
Ge 9.10624386 8.27152041054341 3.0416588625000003
Ge 7.0 8.272514423575892 1.0138862875
Ge 9.10624386 4.733714563156172 1.0138862875
Ge 7.0 11.810320270963128 3.0416588625000003
Ge 7.0 16.81555558642411 3.0416588625000003
Ge 9.10624386 16.81654942857589 1.0138862875
Ge 7.0 13.277749568156171 1.0138862875
Ge 9.10624386 20.35435527596313 3.0416588625000003
