mp-1103180.cif
Ta 7.9286816825 7.30567708907212 5.932492103083876
Ta 7.9286816825 4.1530253640721195 4.8123318819161245
Ta 9.7860450475 6.999626360927881 1.2307238869161237
Ta 9.7860450475 10.152278085927879 2.3508841080838767
P 7.9286816825 5.690112755725459 2.6876181526502685
P 7.9286816825 8.84276448072546 0.8939898423497314
P 9.7860450475 8.61519069427454 4.475597837349731
P 9.7860450475 5.462538969274541 6.2692261476502695
Ru 7.9286816825 8.068561112995553 3.1261777423074704
Ru 7.9286816825 4.915909387995552 0.45543025269252985
Ru 9.7860450475 6.236742337004448 4.03703824769253
Ru 9.7860450475 9.389394062004449 6.7077857373074705
