mp-17148.cif
Na 8.795212433787352 11.007352437301247 9.3890128008405
Na 1.6523034724969161 7.391665267301247 10.317317317204855
Na 5.324587347068827 4.224021902698754 3.748540611189736
Na 12.467496308359262 7.839709072698755 2.8202360948253826
Na 5.849211313627919 11.220598362899763 11.73410247591085
Na 4.5983045926563495 7.604911192899763 7.972227642134507
Na 8.27058846722826 4.010775977100238 1.4034509361193876
Na 9.521495188199829 7.626463147100237 5.165325769895731
Na 4.898334203147176 11.208790613308693 7.933930360183096
Na 5.549181703137091 7.593103443308694 11.77239975786226
Na 9.221465577709 4.022583726691307 5.203623051847141
Na 8.570618077719088 7.638270896691306 1.365153654167978
Ga 7.701920797427792 6.563651717444429 7.647794709620147
Ga 2.7455951088564765 10.17933888744443 12.05853540842521
Ga 6.417878983428388 8.667722622555573 5.489758702410091
Ga 11.374204671999703 5.052035452555571 1.0790180036050276
Se 2.7776796788695783 5.426650002747391 12.17168863046089
Se 7.66983622741469 9.042337172747391 7.534641487584467
Se 11.3421201019866 9.804724337252612 0.9658647815693475
Se 6.4499635534414885 6.189037167252609 5.602911924445771
Se 3.9018406053489834 9.4321760799647 10.129770465589477
Se 6.545675300935285 5.816488909964701 9.576559652455883
Se 10.217959175507195 5.7991982600353 3.007782946440764
Se 7.574124479920894 9.414885430035302 3.560993759574355
Se 9.915462451247981 5.73766244620661 7.516967668354796
Se 0.5320534550362837 9.35334961620661 12.189362449690561
Se 4.204337329608195 9.49371189379339 5.620585743675441
Se 13.587746325819893 5.878024723793391 0.9481909623396775
