mp-1218893.cif
Sr 7.0 5.9847079999999995 0.0
Sr 13.102336999999999 4.0 0.0
Ca 15.025942735287062 5.9847079999999995 2.7852002400871236
Ca 16.850998264124513 4.0 5.536580762181032
Ca 8.923605735287062 4.0 2.7852002400871236
Ca 10.748661264124516 5.9847079999999995 5.536580762181032
Si 18.093913776538194 4.0 2.14692795899416
Si 13.90277581800628 4.0 4.804497043849495
Si 15.72398669637956 5.9847079999999995 7.614920602154496
Si 17.974165181405297 5.9847079999999995 3.5172839584186586
Si 13.783027222873384 5.9847079999999995 6.174853043273996
Si 16.15295430303202 4.0 0.7068604001136592
Si 11.991576776538194 5.9847079999999995 2.14692795899416
Si 7.800438818006279 5.9847079999999995 4.804497043849495
Si 9.621649696379558 4.0 7.614920602154496
Si 11.871828181405299 4.0 3.5172839584186586
Si 7.680690222873384 4.0 6.174853043273996
Si 10.05061730303202 5.9847079999999995 0.7068604001136592
