mp-1187876.cif
Y 7.0 4.0 0.0
Y 7.0 7.35366183 3.35366183
Y 10.35366183 4.0 3.35366183
Y 10.35366183 7.35366183 0.0
Rh 8.676830915 9.030492745 5.030492745
Rh 8.676830915 5.676830915 5.030492745
Rh 8.676830915 5.676830915 1.676830915
Rh 8.676830915 9.030492745 1.676830915
Rh 12.030492745 9.030492745 1.676830915
Rh 12.030492745 5.676830915 1.676830915
Rh 12.030492745 5.676830915 5.030492745
Rh 12.030492745 9.030492745 5.030492745
Pb 10.35366183 4.0 0.0
Pb 10.35366183 7.35366183 3.35366183
Pb 7.0 4.0 3.35366183
Pb 7.0 7.35366183 0.0
