mp-10849.cif
As 7.709459773826732 9.432069636173267 2.361304931173268
As 12.432069636173267 6.361304931173268 0.7094597738267321
As 10.780224478826732 7.7802244788267325 3.7802244788267325
As 9.361304931173269 4.709459773826732 5.432069636173268
Pd 13.096672231927007 7.115621883072993 3.025907526927007
Pd 10.115621883072993 7.025907526927007 6.096672231927007
Pd 10.025907526927007 10.096672231927007 3.115621883072993
Pd 7.044857178072993 4.044857178072993 0.0448571780729931
Se 7.693493332743085 7.764258037743085 5.448036077256916
Se 12.448036077256916 4.693493332743085 3.764258037743085
Se 10.764258037743085 9.448036077256916 0.6934933327430848
Se 9.377271372256915 6.377271372256915 2.3772713722569154
