mp-1079695.cif
V 7.0 4.352142357101505 5.810244089999999
V 8.51551435 8.655866607898496 1.93674803
V 7.0 7.729053819820729 7.391782382738323
V 8.51551435 5.278955145179271 0.3552097372616772
V 7.0 7.729053819820729 4.228705797261677
V 8.51551435 5.278955145179271 3.518286322738323
V 8.51551435 9.360151322101505 5.810244089999999
V 7.0 13.663875572898496 1.93674803
V 8.51551435 12.73706278482073 7.391782382738323
V 7.0 10.28696411017927 0.3552097372616772
V 8.51551435 12.73706278482073 4.228705797261677
V 7.0 10.28696411017927 3.518286322738323
Ge 8.51551435 6.422226801067108 5.810244089999999
Ge 7.0 6.585782163932892 1.93674803
Ge 7.0 11.43023576606711 5.810244089999999
Ge 8.51551435 11.593791128932892 1.93674803
N 7.0 4.0 0.0
N 7.0 4.0 3.87349606
N 8.51551435 9.008008965 0.0
N 8.51551435 9.008008965 3.87349606
