mp-1245505.cif
Mn 11.00858157687912 10.667839022913281 3.018386249999999
Mn 11.00858157687912 7.410393137086721 3.018386249999999
Mn 9.01236186312088 7.410393137086721 1.00612875
Mn 9.01236186312088 10.667839022913281 1.00612875
Mn 7.99810985687912 5.62872294291328 3.018386249999999
Mn 7.99810985687912 12.449509217086721 3.018386249999999
Mn 12.02283358312088 12.449509217086721 1.00612875
Mn 12.02283358312088 5.62872294291328 1.00612875
V 8.068639188335279 9.03911608 3.018386249999999
V 11.95230425166472 9.03911608 1.00612875
V 11.07911090833528 4.0 3.018386249999999
V 8.94183253166472 4.0 1.00612875
N 7.9971736001742 5.69355117128248 1.00612875
N 7.9971736001742 12.38468098871752 1.00612875
N 12.0237698398258 12.38468098871752 3.018386249999999
N 12.0237698398258 5.69355117128248 3.018386249999999
N 7.89345983894848 9.03911608 1.00612875
N 12.127483601051521 9.03911608 3.018386249999999
N 11.0076453201742 10.732667251282482 1.00612875
N 11.0076453201742 7.34556490871752 1.00612875
N 9.0132981198258 7.34556490871752 3.018386249999999
N 9.0132981198258 10.732667251282482 3.018386249999999
N 10.903931558948479 4.0 1.00612875
N 9.11701188105152 4.0 3.018386249999999
