mp-1222586.cif
Na 11.22083253853754 6.3632275 24.506396638291868
Na 11.260334758718699 6.3632275 15.43041168314117
Na 11.272926453511918 6.3632275 6.209392433417856
Na 7.197417847301146 6.3632275 25.77791436090895
Na 7.193431315208576 6.3632275 16.70687844329817
Na 7.271273558462419 6.3632275 7.497269474569669
Na 10.848504575249502 4.0 21.21756873044497
Na 10.829405625568484 4.0 12.17487980007672
Na 10.857947205921253 4.0 2.982180042942943
Na 14.978853540833525 4.0 19.975800222373397
Na 15.013679412333582 4.0 10.916257069716426
Na 15.04209819974222 4.0 1.7211377831186871
In 12.216549749380562 6.3632275 9.838109241645162
In 12.213293433805134 6.3632275 0.6418351796214418
In 14.062017136085073 4.0 23.474879741707834
In 14.064104856583274 4.0 14.49100187410562
In 14.197309159983561 4.0 5.179910141155791
In 9.703628445021184 4.0 26.765054887551713
In 9.849432103627041 4.0 17.628746663720005
In 9.77705528762912 4.0 8.459967254695833
Bi 9.242993996131633 6.3632275 19.42975641380238
Bi 9.143528645300059 6.3632275 10.303841168804501
Bi 9.174840432972344 6.3632275 1.1388560218942656
Bi 13.253637284594266 6.3632275 21.816099831592123
Bi 13.328924679548967 6.3632275 12.695216108093161
Bi 13.278734946654719 6.3632275 3.5569832585514876
Bi 12.978997373355234 4.0 26.473666555062508
Bi 12.911078537916756 4.0 17.2582012252451
Bi 13.032188788778122 4.0 8.112902249882541
Bi 8.82565246541597 4.0 23.893155897789956
Bi 8.833365767851724 4.0 14.754978037554281
Bi 8.926559884312185 4.0 5.593182270391992
