mp-1185972.cif
Mn 11.5087525 8.5087525 1.5029175
Mn 8.5029175 8.5087525 1.5029175
Mn 11.5087525 5.5029175 4.508752500000001
Mn 8.5029175 5.5029175 4.508752500000001
Mn 8.5029175 8.5087525 4.508752500000001
Mn 11.5087525 8.5087525 4.508752500000001
Mn 8.5029175 5.5029175 1.5029175
Mn 11.5087525 5.5029175 1.5029175
Nb 7.0 4.0 0.0
Nb 7.0 7.005834999999999 3.005835
Nb 10.005835 4.0 3.005835
Nb 10.005835 7.005834999999999 0.0
Ga 7.0 7.005834999999999 0.0
Ga 7.0 4.0 3.005835
Ga 10.005835 7.005834999999999 3.005835
Ga 10.005835 4.0 0.0
