mp-1186954.cif
Sc 8.605461685 8.816385055000001 4.8163850550000005
Sc 8.605461685 5.605461685 4.8163850550000005
Sc 8.605461685 5.605461685 1.605461685
Sc 8.605461685 8.816385055000001 1.605461685
Sc 11.816385055000001 8.816385055000001 1.605461685
Sc 11.816385055000001 5.605461685 1.605461685
Sc 11.816385055000001 5.605461685 4.8163850550000005
Sc 11.816385055000001 8.816385055000001 4.8163850550000005
Ir 10.21092337 4.0 0.0
Ir 10.21092337 7.21092337 3.21092337
Ir 7.0 4.0 3.21092337
Ir 7.0 7.21092337 0.0
Os 7.0 4.0 0.0
Os 7.0 7.21092337 3.21092337
Os 10.21092337 4.0 3.21092337
Os 10.21092337 7.21092337 0.0
