mp-1104215.cif
Ca 7.0 4.0 0.0
Ca 7.0 4.0 3.90373
Ca 9.463636834999999 8.391407605 0.0
Ca 9.463636834999999 8.391407605 3.90373
Ni 7.0 6.759920634405609 0.0
Ni 9.463636834999999 5.63148697059439 0.0
Ni 9.463636834999999 4.0 1.9000625029
Ni 10.6954552525 6.1957038025 2.00121595466
Ni 8.2318184175 6.1957038025 2.00121595466
Ni 7.0 7.007877073414329 3.90373
Ni 9.463636834999999 5.38353053158567 3.90373
Ni 9.463636834999999 4.0 5.9073974971
Ni 10.6954552525 6.1957038025 5.80624404534
Ni 8.2318184175 6.1957038025 5.80624404534
Ni 9.463636834999999 11.151328239405608 0.0
Ni 7.0 10.02289457559439 0.0
Ni 7.0 8.391407605 1.9000625029
Ni 8.2318184175 10.587111407499998 2.00121595466
Ni 10.6954552525 10.587111407499998 2.00121595466
Ni 9.463636834999999 11.399284678414329 3.90373
Ni 7.0 9.774938136585671 3.90373
Ni 7.0 8.391407605 5.9073974971
Ni 8.2318184175 10.587111407499998 5.80624404534
Ni 10.6954552525 10.587111407499998 5.80624404534
H 9.463636834999999 4.0 0.0
H 7.0 8.391407605 0.0
