mp-1029354.cif
Mn 7.906229826337045 4.0 0.20438400378502397
Mn 11.588931633662956 4.0 2.797099928785024
Mn 10.653810556337046 8.733566889999999 0.20438400378502397
Mn 8.841350903662956 8.733566889999999 2.797099928785024
Zn 8.830460317923455 5.558797279873257 2.7330218362220635
Zn 8.830460317923455 11.908336500126744 2.7330218362220635
Zn 10.664701142076545 11.908336500126744 0.14030591122206348
Zn 10.664701142076545 5.558797279873257 0.14030591122206348
Zn 11.578041047923456 10.292364169873256 2.7330218362220635
Zn 11.578041047923456 7.174769610126743 2.7330218362220635
Zn 7.917120412076545 7.174769610126743 0.14030591122206348
Zn 7.917120412076545 10.292364169873256 0.14030591122206348
N 8.745366149118531 5.44353521011577 0.719313046494211
N 8.745366149118531 12.02359856988423 0.719313046494211
N 10.749795310881469 12.02359856988423 3.3120289714942106
N 10.749795310881469 5.44353521011577 3.3120289714942106
N 7.7688796943863245 4.0 3.5497861553942425
N 11.726281765613676 4.0 0.9570702303942424
N 11.49294687911853 10.17710210011577 0.719313046494211
N 11.49294687911853 7.29003167988423 0.719313046494211
N 8.00221458088147 7.29003167988423 3.3120289714942106
N 8.00221458088147 10.17710210011577 3.3120289714942106
N 10.516460424386324 8.733566889999999 3.5497861553942425
N 8.978701035613676 8.733566889999999 0.9570702303942424
