mp-17173.cif
Rh 11.512899218119692 4.199668715849286 3.3494577732905073
Rh 11.512899218119692 6.881382824150714 5.160926406709493
Rh 11.497339616880309 7.280720255849285 0.9057343167094929
Rh 11.497339616880309 9.962434364150715 7.60464986329051
Rh 8.493926671880308 9.962434364150715 5.160926406709493
Rh 8.493926671880308 7.280720255849285 3.3494577732905073
Rh 8.509486273119693 6.881382824150714 7.60464986329051
Rh 8.509486273119693 4.199668715849286 0.9057343167094929
S 9.716503093394817 5.54052577 4.25519209
S 7.286909851605183 8.62157731 0.0
S 10.290322796605183 8.62157731 4.25519209
S 12.719916038394818 5.54052577 0.0
S 12.35124265434491 6.423722504083653 2.9671783795437765
S 12.35124265434491 4.657329035916347 5.5432058004562235
S 10.658996180655091 9.504774044083653 1.2880137104562235
S 10.658996180655091 7.738380575916347 7.22237046954378
S 9.347829709344907 6.423722504083653 1.2880137104562235
S 9.347829709344907 4.657329035916347 7.22237046954378
S 7.655583235655092 9.504774044083653 2.9671783795437765
S 7.655583235655092 7.738380575916347 5.5432058004562235
