mp-1079559.cif
Cd 10.28141789281418 5.894527465849371 3.4607076394138487
Cd 7.0 4.0 3.5550838570949015
Cd 6.999999967185822 7.789054988534566 10.476499346396347
Cd 10.28141789281418 5.894527465849371 10.57087535360365
Cd 7.0 4.0 17.492290842905092
Cd 6.999999967185822 7.789054988534566 17.586667060586148
P 6.999999967185822 7.789054988534566 4.63918866556255
P 6.999999967185822 7.789054988534566 2.376603041419948
P 7.0 4.0 11.6549801620713
P 7.0 4.0 9.392394537928697
P 10.28141789281418 5.894527465849371 18.67077165858005
P 10.28141789281418 5.894527465849371 16.40818603443745
Se 5.92336939245411 5.9912702235817195 5.281806688955455
Se 9.095242564351658 7.755557885966462 5.281806688955455
Se 5.981388043194235 9.620336799219693 5.281806688955455
Se 8.07663064036007 9.586839696651587 1.7339848075532949
Se 4.904757468462522 7.822552034266846 1.7339848075532949
Se 8.018611989619945 5.957773121013616 1.7339848075532949
Se 9.204787285268289 7.88579768943109 12.297598185464206
Se 5.813824737165837 9.650085351815832 12.297598185464206
Se 5.981388076008413 5.831281810685127 12.297598185464206
Se 8.076630574731713 5.797784764952847 8.749776514535792
Se 11.467593122834163 4.033497102568105 8.749776514535792
Se 11.30002978399159 7.852300643698811 8.749776514535792
Se 9.20478721963993 4.096742757732349 19.313389892446704
Se 12.376660391537477 5.861030420117091 19.313389892446704
Se 9.262805870380054 7.7258093333703215 19.313389892446704
Se 11.358048467545892 7.692312230802218 15.765568011044543
Se 8.186175295648344 5.9280245684174755 15.765568011044543
Se 11.300029816805765 4.063245655164245 15.765568011044543
