mp-1078751.cif
Na 8.8546042 4.678311519891984 7.090080080925194
Na 7.0 8.664347060108017 1.4412126159251943
Na 7.0 5.8690691595837325 10.240254851975628
Na 8.8546042 7.473589420416268 4.591387386975625
Na 7.0 10.020970099891983 7.090080080925194
Na 8.8546042 14.007005640108016 1.4412126159251943
Na 8.8546042 11.211727739583733 10.240254851975628
Na 7.0 12.816248000416268 4.591387386975625
Pd 8.8546042 7.894479148102774 8.455165056594222
Pd 7.0 5.448179431897226 2.8062975915942205
Pd 7.0 13.237137728102775 8.455165056594222
Pd 8.8546042 10.790838011897225 2.8062975915942205
Se 7.0 6.96769393430144 7.082322378258161
Se 8.8546042 6.37496464569856 1.4334549132581604
Se 7.0 8.838137546231465 9.81500890005187
Se 8.8546042 4.504521033768537 4.166141435051871
Se 8.8546042 12.31035251430144 7.082322378258161
Se 7.0 11.71762322569856 1.4334549132581604
Se 8.8546042 14.180796233084635 9.81500890005187
Se 7.0 9.847179506915365 4.166141435051871
