mp-1220442.cif
Nb 5.068902319770631 9.26580994606755 0.8457541910719999
Nb 7.686236414909951 11.421972905975267 0.8457541910719999
Nb 8.244861265319422 8.077213609439603 0.8457541910719999
Nb 13.770735290229371 7.116688284673658 2.543077808928001
Nb 11.15340119509005 4.960525324765943 2.543077808928001
Nb 10.594776344680582 8.30528462130161 2.543077808928001
Zn 7.0 4.0 1.694416
S 11.839637658396377 6.794166048972077 0.8470385584000002
S 6.999999951603625 9.588332181769136 2.5417934416000008
S 5.220073240156593 11.905827468850113 0.8496954026880001
S 9.89697319588273 9.971046287216272 0.8496954026880001
S 5.8829535639606805 6.8881227054160385 0.8496954026880001
S 13.61956436984341 4.476670761891099 2.539136597312001
S 8.94266441411727 6.4114519435249395 2.539136597312001
S 12.956684046039321 9.494375525325172 2.539136597312001
