mp-1186938.cif
Sc 8.723318814999999 9.169956445 5.169956445
Sc 8.723318814999999 5.723318815 5.169956445
Sc 8.723318814999999 5.723318815 1.7233188149999996
Sc 8.723318814999999 9.169956445 1.7233188149999996
Sc 12.169956445 9.169956445 1.7233188149999996
Sc 12.169956445 5.723318815 1.7233188149999996
Sc 12.169956445 5.723318815 5.169956445
Sc 12.169956445 9.169956445 5.169956445
Cd 7.0 4.0 0.0
Cd 7.0 7.44663763 3.4466376299999992
Cd 10.44663763 4.0 3.4466376299999992
Cd 10.44663763 7.44663763 0.0
Au 10.44663763 4.0 0.0
Au 10.44663763 7.44663763 3.4466376299999992
Au 7.0 4.0 3.4466376299999992
Au 7.0 7.44663763 0.0
