mp-1207417.cif
Zr 9.261098439439 4.809150255151 2.786546
Zr 15.896747560561 14.348695744849 2.786546
Zr 13.388073255151 7.317824560561 0.0
Zr 9.261098439439 14.348695744849 0.0
Zr 11.769772744849 11.840021439438999 0.0
Zr 15.896747560561 4.809150255151 0.0
Zr 13.388073255151 11.840021439438999 2.786546
Zr 11.769772744849 7.317824560561 2.786546
Zr 12.578923 4.0 4.179819
Zr 12.578923 4.0 1.393273
Zr 14.840021439438999 10.388073255151 0.0
Zr 10.317824560561 8.769772744849 0.0
Zr 7.809150255151 12.896747560561 2.786546
Zr 14.840021439438999 8.769772744849 2.786546
Zr 17.348695744849 6.2610984394389995 2.786546
Zr 10.317824560561 10.388073255151 2.786546
Zr 7.809150255151 6.2610984394389995 0.0
Zr 17.348695744849 12.896747560561 0.0
Zr 7.0 9.578923 1.393273
Zr 7.0 9.578923 4.179819
Cr 7.0 4.0 4.179819
Cr 7.0 4.0 1.393273
Cr 12.578923 9.578923 1.393273
Cr 12.578923 9.578923 4.179819
Sb 14.400313044270998 5.821390044271 2.786546
Sb 10.757532955729 13.336455955729 2.786546
Sb 14.400313044270998 13.336455955729 0.0
Sb 10.757532955729 5.821390044271 0.0
Sb 8.821390044271 11.400313044270998 0.0
Sb 16.336455955729 7.757532955728999 0.0
Sb 8.821390044271 7.757532955728999 2.786546
Sb 16.336455955729 11.400313044270998 2.786546
