mp-1025340.cif
Cu 9.78005282 4.0 0.0
Cu 7.0 6.78005282 0.0
Cu 7.0 6.78005282 5.60676479
Cu 9.78005282 4.0 5.60676479
W 7.0 4.0 0.0
W 9.78005282 6.78005282 5.60676479
Se 8.346836955015947 8.213268684984055 1.4028414813643162
Se 11.213268684984055 5.346836955015947 1.4028414813643162
Se 8.433215864984053 5.433215864984054 4.203923420770979
Se 11.126889775015947 8.126889775015947 4.203923420770979
Se 11.126889775015947 5.433215864984054 7.009606159229022
Se 8.433215864984053 8.126889775015947 7.009606159229022
Se 11.213268684984055 8.213268684984055 9.810688210770978
Se 8.346836955015947 5.346836955015947 9.810688210770978
