mp-1197287.cif
Ge 13.947480877699505 4.278417852768 0.0016599153589734249
Ge 10.465557377699502 26.587700147232002 0.0016599153589734249
Ge 9.725997594900946 10.011113698193999 4.612794935247216
Ge 6.244074094900944 20.855004301806 4.612794935247216
Ge 12.25457413495866 15.154252423226 3.0929044215371926
Ge 8.772650634958659 15.711865576774 3.0929044215371926
Ge 11.37776081125453 9.444331231328 1.5405113004672704
Ge 7.895837311254531 21.421786768672 1.5405113004672704
Ge 8.350001722430449 6.866336489654 5.258361649397965
Ge 4.86807822243045 23.999781510346 5.258361649397965
Ge 10.029241801311223 12.581013834096 2.2428324735829195
Ge 6.547318301311223 18.285104165904 2.2428324735829195
S 7.1559088855517805 5.166560742006 4.371197916326631
S 10.63783238555178 25.699557257994 4.371197916326631
S 10.546750025062185 6.335613890874 5.207960028259135
S 7.064826525062186 24.530504109126 5.207960028259135
S 8.181880565766697 8.57905446009 3.7963667864621353
S 11.663804065766698 22.28706353991 3.7963667864621353
S 9.844052722068747 10.900971546282 0.7553347198928629
S 13.325976222068746 19.965146453718 0.7553347198928629
S 8.799687687019711 14.254264884864 1.362796612347178
S 12.281611187019712 16.611853115136 1.362796612347178
S 12.21326352816629 26.844600982962 1.4076326349294492
S 8.731340028166288 4.021517017038 1.4076326349294492
S 10.590265861758953 7.4038731915980005 1.0399918960668169
S 7.108342361758952 23.462244808401998 1.0399918960668169
S 11.772660146307999 9.61911983732 3.7544295131280716
S 8.290736646307996 21.24699816268 3.7544295131280716
S 13.44696743587631 9.80033382247 0.7274762139600921
S 9.96504393587631 21.06578417753 0.7274762139600921
S 9.045208543932597 12.10592450041 4.212096249695028
S 5.563285043932597 18.760193499590002 4.212096249695028
S 12.229188987466836 13.049700654741999 2.337313391184488
S 8.747265487466835 17.816417345258 2.337313391184488
S 7.0598638051247 15.292592437126 4.486507110105318
S 10.5417873051247 15.573525562874 4.486507110105318
