mp-1186142.cif
Na 7.0 4.0 0.0
Na 7.0 7.66107844 3.66107844
Na 10.66107844 4.0 3.66107844
Na 10.66107844 7.66107844 0.0
Hg 8.83053922 9.49161766 5.491617659999999
Hg 8.83053922 5.83053922 5.491617659999999
Hg 10.66107844 4.0 0.0
Hg 8.83053922 5.83053922 1.83053922
Hg 8.83053922 9.49161766 1.83053922
Hg 10.66107844 7.66107844 3.66107844
Hg 12.49161766 9.49161766 1.83053922
Hg 12.49161766 5.83053922 1.83053922
Hg 7.0 4.0 3.66107844
Hg 12.49161766 5.83053922 5.491617659999999
Hg 12.49161766 9.49161766 5.491617659999999
Hg 7.0 7.66107844 0.0
