mp-1216851.cif
V 7.735318905290582 5.483016585 16.291113835306945
V 7.897596059760197 5.483016585 7.642391094823173
V 14.49414918436893 5.483016585 9.629024635497208
V 14.656426338838543 5.483016585 0.9803018950134342
V 10.099675668187468 4.0 11.911882127217698
V 10.330856576997435 4.0 3.378361284082577
V 12.060888667131692 4.0 13.893054446237805
V 12.292069575941658 4.0 5.359533603102684
V 12.067423460294311 5.483016585 16.161616732586623
V 12.30846222511116 5.483016585 7.585619087746824
V 10.083283019017964 5.483016585 9.685796642573557
V 10.324321783834815 5.483016585 1.1097989977337586
V 14.469029497501499 4.0 11.800101179182748
V 14.636651995095933 4.0 3.250512737993712
V 7.755093249033194 4.0 14.02090299232667
V 7.922715746627629 4.0 5.471314551137633
V 14.32400435232299 5.483016585 13.920393197483172
V 14.517276357099712 5.483016585 5.424673092957901
V 7.874468887029415 5.483016585 11.846742637362478
V 8.067740891806135 5.483016585 3.35102253283721
V 9.982418615355394 4.0 16.26935271505753
V 10.094501690526346 4.0 7.685167210162457
V 12.29724355360278 4.0 9.586248520157923
V 12.40932662877373 4.0 1.0020630152628516
V 12.439932770150424 5.483016585 11.5660496614832
V 12.682099901652052 5.483016585 3.0061156422717006
V 9.709645342477073 5.483016585 14.265300088048681
V 9.951812473978702 5.483016585 5.705366068837181
V 14.033599041569536 4.0 15.898971004432273
V 14.42109073864854 4.0 7.5213258972623915
V 7.970654505480588 4.0 9.75008983305799
V 8.358146202559588 4.0 1.3724447258881114
N 11.075790606047594 5.483016585 12.91529904875965
N 11.315954638081532 5.483016585 4.356116681560732
N 7.0 4.0 0.0
