mp-1216577.cif
V 7.91806792939729 6.012397 4.4439981026742
V 10.545366144888657 6.012397 6.141714360651721
V 14.890391929397289 4.0 4.4439981026742
V 17.51769014488866 4.0 6.141714360651721
Cr 9.680643706350324 4.0 1.7232345014374384
Cr 16.652967706350324 6.012397 1.7232345014374384
Te 7.135941240179693 4.0 2.7616075447558397
Te 10.476108760600052 6.012397 3.3761662728802686
Te 12.01961080938141 4.0 0.17602116718569527
Te 5.535319952500819 6.012397 5.9672362142100495
Te 14.10826524017969 6.012397 2.7616075447558397
Te 17.448432760600056 4.0 3.3761662728802686
Te 18.99193480938141 6.012397 0.17602116718569527
Te 12.507643952500816 4.0 5.9672362142100495
