mp-1147769.cif
Cu 9.654374 4.0 2.4915899999999995
Cu 7.0 6.654374 2.4915899999999995
Cu 7.0 6.654374 7.474769999999998
Cu 9.654374 4.0 7.474769999999998
Ge 9.654374 6.654374 0.0
Ge 7.0 4.0 4.983179999999999
S 11.001835108612 8.001835108612 1.2194638768799997
S 8.347461108612 7.961286891387999 3.763716123119999
S 8.306912891388 5.306912891388 1.2194638768799997
S 10.961286891388 5.347461108612 3.763716123119999
S 8.347461108612 5.347461108612 6.20264387688
S 11.001835108612 5.306912891388 8.74689612312
S 10.961286891388 7.961286891387999 6.20264387688
S 8.306912891388 8.001835108612 8.74689612312
