mp-1195188.cif
Ca 10.026818000108111 10.766748 6.107521499535678
Ca 6.897957000108112 4.0 6.107521499535678
Ca 11.210919660186207 8.648701742016 2.0454578103664947
Ca 11.971577340030017 15.415449742015998 10.169585188704861
Ca 8.842716340030016 12.884794257984 10.169585188704861
Ca 8.082058660186208 6.118046257984 2.0454578103664947
Si 12.909627086342235 13.299379374448 7.1314108338038364
Si 10.272869913873988 6.532631374448 5.0836321652675185
Si 7.1440089138739875 8.234116625552 5.0836321652675185
Si 9.780766086342236 15.000864625552 7.1314108338038364
Si 12.91403786424609 13.284370727383997 4.7505157276398435
Si 10.268459135970133 6.5176227273839995 7.464527271431512
Si 7.139598135970132 8.249125272616 7.464527271431512
Si 9.785176864246091 15.015873272616 4.7505157276398435
Si 10.829744573928487 13.307607740016 1.8352491353954756
Si 12.352752426287736 6.540859740015999 10.37979386367588
Si 9.223891426287738 8.225888259984 10.37979386367588
Si 7.700883573928486 14.992636259983996 1.8352491353954756
Si 10.833122304517058 16.913066409376 1.8675457090850205
Si 12.349374695699165 10.146318409375997 10.347497289986334
Si 9.220513695699164 4.620429590624 10.347497289986334
Si 7.704261304517058 11.387177590623999 1.8675457090850205
P 10.868575131277153 16.896717946208 4.132593347445821
P 12.313921868939069 10.129969946208 8.082449651625534
P 9.185060868939072 4.636778053792 8.082449651625534
P 7.739714131277153 11.403526053792 4.132593347445821
P 11.83611687224167 11.478082083255998 0.9982010988411121
P 11.346380127974554 4.711334083256 11.216841900230245
P 8.217519127974555 10.055413916744 11.216841900230245
P 8.707255872241669 16.822161916744 0.9982010988411121
P 10.889657877280655 16.819752954456 7.833018473584498
P 12.292839122935568 10.053004954456 4.382024525486858
P 9.163978122935568 4.713743045544 4.382024525486858
P 7.760796877280655 11.480491045544 7.833018473584498
P 11.435282285669736 5.429461981504 1.1148303293962454
P 11.747214714546491 12.196209981504001 11.10021266967511
P 8.61835371454649 16.104034018495998 11.10021266967511
P 8.306421285669733 9.337286018496 1.1148303293962454
P 11.883732156578152 15.110066404776 0.912414851858634
P 11.298764843638072 8.343318404776 11.302628147212722
P 8.169903843638073 6.423429595224 11.302628147212722
P 8.754871156578151 13.190177595224 0.912414851858634
P 10.752832856128117 13.089312449535997 4.0741321516522655
P 12.429664144088104 6.322564449535999 8.14091084741909
P 9.300803144088105 8.444183550464 8.14091084741909
P 7.623971856128118 15.210931550464 4.0741321516522655
P 10.800019653561852 13.16583083592 7.900592091455361
P 12.38247734665437 6.39908283592 4.314450907615996
P 9.253616346654372 8.36766516408 4.314450907615996
P 7.671158653561852 15.13441316408 7.900592091455361
