mp-1095240.cif
Ca 10.79568072 4.0 0.0
Ca 7.0 7.795680719999999 0.0
Ca 7.0 4.0 3.795680719999999
Ca 7.0 7.795680719999999 3.795680719999999
Ca 10.79568072 4.0 3.795680719999999
Ca 10.79568072 7.795680719999999 0.0
Ge 12.212762816981302 6.378598623018695 2.378598623018695
Ge 9.378598623018695 9.212762816981302 2.378598623018695
Ge 9.378598623018695 6.378598623018695 5.212762816981302
Ge 8.417082096981304 5.417082096981304 1.4170820969813036
Ge 8.417082096981304 10.174279343018696 6.174279343018696
Ge 13.174279343018696 5.417082096981304 6.174279343018696
Ge 13.174279343018696 10.174279343018696 1.4170820969813036
Ge 12.212762816981302 9.212762816981302 5.212762816981302
Ir 13.567054865652008 5.0243065743479915 1.0243065743479915
Ir 8.024306574347992 10.567054865652008 1.0243065743479915
Ir 8.024306574347992 5.0243065743479915 6.5670548656520085
Ir 9.771374145652008 6.771374145652008 2.771374145652007
Ir 9.771374145652008 8.819987294347989 4.81998729434799
Ir 11.819987294347989 6.771374145652008 4.81998729434799
Ir 11.819987294347989 8.819987294347989 2.771374145652007
Ir 13.567054865652008 10.567054865652008 6.5670548656520085
