mp-1101178.cif
W 6.840641957074613 4.0 4.697363099880893
W 8.88577351766315 4.0 1.8208975009324075
W 9.488087484187899 5.892383 4.77318849474519
W 11.533219044776436 5.892383 1.8967228957967037
W 13.183400957074614 5.892383 4.697363099880893
W 15.22853251766315 5.892383 1.8208975009324075
W 15.830846484187898 4.0 4.77318849474519
W 17.875978044776435 4.0 1.8967228957967037
N 7.000748643113511 4.0 2.377906539073289
N 7.381955949214943 5.892383 4.662915594639474
N 8.697181856094815 4.0 0.010029604799425626
N 9.063319750482586 4.0 4.262661168787839
N 9.310541251368463 5.892383 2.331424826889758
N 9.676679145756234 5.892383 6.584056390878171
N 10.991905052636104 4.0 1.9311704010381239
N 11.37311235873754 5.892383 4.216179456604307
N 13.343507643113512 5.892383 2.377906539073289
N 13.724714949214942 4.0 4.662915594639474
N 15.039940856094816 5.892383 0.010029604799425626
N 15.406078750482585 5.892383 4.262661168787839
N 15.653300251368462 4.0 2.331424826889758
N 16.019438145756233 4.0 6.584056390878171
N 17.334664052636107 5.892383 1.9311704010381239
N 17.715871358737537 4.0 4.216179456604307
