mp-1100781.cif
Zr 7.0 4.0 0.0
Zr 7.0 7.023830489999999 3.023830489999999
Zr 10.023830489999998 4.0 3.023830489999999
Zr 10.023830489999998 7.023830489999999 0.0
Zn 10.023830489999998 4.0 0.0
Zn 10.023830489999998 7.023830489999999 3.023830489999999
Zn 7.0 4.0 3.023830489999999
Zn 7.0 7.023830489999999 0.0
Ni 8.511915244999999 5.511915244999999 4.535745734999998
Ni 8.511915244999999 8.535745734999999 4.535745734999998
Ni 8.511915244999999 8.535745734999999 1.5119152449999995
Ni 8.511915244999999 5.511915244999999 1.5119152449999995
Ni 11.535745734999999 5.511915244999999 1.5119152449999995
Ni 11.535745734999999 8.535745734999999 1.5119152449999995
Ni 11.535745734999999 8.535745734999999 4.535745734999998
Ni 11.535745734999999 5.511915244999999 4.535745734999998
