mp-1186768.cif
Ta 8.5679975 8.703992500000002 4.703992500000001
Ta 8.5679975 5.5679975 4.703992500000001
Ta 8.5679975 5.5679975 1.5679975
Ta 8.5679975 8.703992500000002 1.5679975
Ta 11.703992500000002 8.703992500000002 1.5679975
Ta 11.703992500000002 5.5679975 1.5679975
Ta 11.703992500000002 5.5679975 4.703992500000001
Ta 11.703992500000002 8.703992500000002 4.703992500000001
Fe 10.135995 4.0 0.0
Fe 10.135995 7.135994999999999 3.135995
Fe 7.0 4.0 3.135995
Fe 7.0 7.135994999999999 0.0
Ru 7.0 4.0 0.0
Ru 7.0 7.135994999999999 3.135995
Ru 10.135995 4.0 3.135995
Ru 10.135995 7.135994999999999 0.0
