mp-16315.cif
Ge 6.994370689741812 7.912382495 1.9972313885578137
Ge 10.928741231551149 7.912382495 1.9981789400713517
Ge 10.909473424741812 4.0 1.9972313885578137
Ge 7.013638496551149 4.0 1.9981789400713517
Pt 5.046453225646481 5.962448399071903 1.9977051643145824
Pt 5.046453225646481 9.862316590928096 1.9977051643145824
Pt 9.422297070521267 7.912382495 3.9863507357089984
Pt 8.500814850771691 7.912382495 0.009059592920166634
Pt 7.0 10.325733289611254 0.0
Pt 7.0 5.499031700388747 0.0
Pt 8.96155596064648 9.874830894071906 1.9977051643145824
Pt 8.96155596064648 5.949934095928097 1.9977051643145824
Pt 5.50719433552127 4.0 3.9863507357089984
Pt 12.41591758577169 4.0 0.009059592920166634
Pt 10.915102735 6.4133507946112545 0.0
Pt 10.915102735 9.41141419538875 0.0
