mp-1718.cif
Zr 7.0 4.0 3.54750627
Zr 8.773753135 9.321259405 1.773753135
Zr 7.0 7.5475062699999995 0.0
Zr 8.773753135 5.773753135 5.321259405
Zr 10.54750627 4.0 0.0
Zr 12.321259405 9.321259405 5.321259405
Zr 10.54750627 7.5475062699999995 3.54750627
Zr 12.321259405 5.773753135 1.773753135
Fe 13.2081359725 10.2081359725 0.8868765675
Fe 9.6606297025 4.8868765675 2.6606297025
Fe 7.8868765675 4.8868765675 0.8868765675
Fe 11.4343828375 10.2081359725 2.6606297025
Fe 13.2081359725 6.6606297025 4.4343828375
Fe 9.6606297025 8.4343828375 6.2081359725
Fe 7.8868765675 8.4343828375 4.4343828375
Fe 11.4343828375 6.6606297025 6.2081359725
Fe 9.6606297025 10.2081359725 4.4343828375
Fe 13.2081359725 4.8868765675 6.2081359725
Fe 11.4343828375 4.8868765675 4.4343828375
Fe 7.8868765675 10.2081359725 6.2081359725
Fe 9.6606297025 6.6606297025 0.8868765675
Fe 13.2081359725 8.4343828375 2.6606297025
Fe 11.4343828375 8.4343828375 0.8868765675
Fe 7.8868765675 6.6606297025 2.6606297025
