mp-1080466.cif
Nb 14.091732626168188 4.0 2.643483690683387
Nb 7.6269135848704845 4.0 6.3937553334849655
Nb 7.904271991168189 5.6518786599999995 2.643483690683387
Nb 13.814374219870484 5.6518786599999995 6.3937553334849655
Pd 7.0 4.0 0.0
Pd 13.187460635 5.6518786599999995 0.0
S 15.644245931892698 4.0 6.887642705465522
S 6.074400279145978 4.0 2.1495963187028306
S 6.515265064017996 5.6518786599999995 4.873723721445994
S 15.20338114702068 5.6518786599999995 4.163515302722359
S 15.219438212544308 5.6518786599999995 1.1517937639481102
S 6.499207998494365 5.6518786599999995 7.8854452602202425
S 9.456785296892697 5.6518786599999995 6.887642705465522
S 12.26186091414598 5.6518786599999995 2.1495963187028306
S 12.702725699017996 4.0 4.873723721445994
S 9.01592051202068 4.0 4.163515302722359
S 9.03197757754431 4.0 1.1517937639481102
S 12.686668633494364 4.0 7.8854452602202425
