mp-1207446.cif
Zr 7.0 4.0 0.0
Fe 5.657396075000001 6.3254582125413945 2.202402024664
Fe 5.657396075000001 6.3254582125413945 6.694825975336
Fe 8.342603925 6.3254582125413945 2.202402024664
Fe 8.342603925 6.3254582125413945 6.694825975336
Fe 9.68520785 4.0 2.202402024664
Fe 9.68520785 4.0 6.694825975336
Sn 7.0 4.0 2.9774573502
Sn 7.0 4.0 5.9197706498
Sn 9.685207876852079 5.550305459524542 0.0
Sn 6.999999973147922 7.100610965558248 0.0
Sn 9.685207876852079 5.550305459524542 4.448614
Sn 6.999999973147922 7.100610965558248 4.448614
