mp-10671.cif
Sr 7.0 6.432823655 6.071344252715153
Sr 7.0 4.0 0.0
Sr 9.11585884 4.0 3.5549122072848474
Sr 9.11585884 4.0 15.697600712715154
Sr 9.11585884 6.432823655 9.62625646
Sr 7.0 6.432823655 13.181168667284847
Al 7.0 4.0 8.344153651979875
Al 9.11585884 6.432823655 1.2821028080201258
Al 9.11585884 6.432823655 17.970410111979877
Al 7.0 4.0 10.908359268020126
Ge 9.11585884 4.0 6.920583764073847
Ge 7.0 6.432823655 2.705672695926154
Ge 7.0 6.432823655 16.546840224073847
Ge 9.11585884 4.0 12.33192915592615
