mp-1238847.cif
Na 6.125597999492935 5.689798 2.676825001946487
Na 13.316786999492933 4.0 2.676825001946487
Cr 9.247397238198218 5.689798 4.264326776650859
Cr 10.194987760787651 4.0 1.089323227242115
Cr 16.43858623819822 4.0 4.264326776650859
Cr 17.38617676078765 5.689798 1.089323227242115
S 10.418807301536473 4.0 5.3504538748406505
S 9.023577697449394 5.689798 0.0031961290523241054
S 10.998529985742994 5.689798 2.592039246834834
S 8.443855013242874 4.0 2.76161075705814
S 17.60999630153647 5.689798 5.3504538748406505
S 16.21476669744939 4.0 0.0031961290523241054
S 18.189718985742996 4.0 2.592039246834834
S 15.635044013242869 5.689798 2.76161075705814
