mp-1224725.cif
Fe 13.006072140357944 5.784799 0.006577266818843869
Fe 9.271879393007683 4.0 1.5102995196930205
Fe 19.03666714035794 4.0 0.006577266818843869
Fe 15.302474393007685 5.784799 1.5102995196930205
Ni 7.674202279979084 5.784799 3.8401028412443767
Ni 13.704797279979083 4.0 3.8401028412443767
Se 9.904951731600512 5.784799 2.9082159035614494
Se 7.05933958784954 4.0 2.415689314660492
Se 5.627092687623524 5.784799 5.264844156452405
Se 11.319996149445263 4.0 0.17502837812367847
Se 15.935546731600512 4.0 2.9082159035614494
Se 13.089934587849541 5.784799 2.415689314660492
Se 11.657687687623524 4.0 5.264844156452405
Se 17.35059114944526 5.784799 0.17502837812367847
