mp-1184180.cif
Cu 8.0480405425 7.494704355322947 10.32648019938928
Cu 10.144121627499999 6.229053414677054 2.0159747506107193
Cu 10.144121627499999 4.632825470322946 8.18720222561072
Cu 8.0480405425 9.090932299677053 4.155252724389281
Te 8.0480405425 8.93344144474575 8.208534431048102
Te 10.144121627499999 4.790316325254249 4.133920518951899
Te 10.144121627499999 6.07156255974575 10.305147993951898
Te 8.0480405425 7.6521952102542485 2.0373069560481016
As 8.0480405425 9.006702854035598 12.12388698199878
As 10.144121627499999 4.717054915964401 0.2185679680012185
As 10.144121627499999 6.144823969035599 6.389795443001219
As 8.0480405425 7.578933800964402 5.952659506998781
