mp-1103235.cif
Cu 10.31913772 7.3191377200000005 0.0
Cu 10.31913772 4.0 3.31913772
Cu 7.0 7.3191377200000005 3.31913772
Cu 7.0 4.0 0.0
Te 7.798541784938166 9.839733655061835 2.5205959350618334
Te 12.839733655061835 6.520595935061833 0.7985417849381665
Te 9.520595935061834 4.798541784938166 5.839733655061834
Te 11.117679504938167 8.117679504938167 4.117679504938167
Te 12.839733655061835 4.798541784938166 4.117679504938167
Te 7.798541784938166 8.117679504938167 5.839733655061834
Te 11.117679504938167 9.839733655061835 0.7985417849381665
Te 9.520595935061834 6.520595935061833 2.5205959350618334
