mp-1215298.cif
Zr 9.457199954572 5.4186650268515795 7.459658719632
Zr 6.9999999754280005 6.837330096263109 0.529189280368
Ta 6.9999999754280005 6.837330096263109 3.53949905064
Ta 9.457199954572 5.4186650268515795 4.449348949359998
Fe 7.0 4.0 3.994423999999999
Fe 7.0 4.0 0.0
Fe 10.676667711460155 4.714604989144133 2.0566250625760003
Fe 9.45719993 6.826785144826422 2.0566250625760003
Fe 8.237732148539845 4.714604989144133 2.0566250625760003
Fe 5.780532218539846 7.541390133970555 5.932222937424
Fe 7.0 5.429209978288267 5.932222937424
Fe 8.219467781460155 7.541390133970555 5.932222937424
