mp-1183136.cif
Al 8.49324758 8.479742739999999 4.47974274
Al 8.49324758 5.49324758 4.47974274
Al 8.49324758 5.49324758 1.49324758
Al 8.49324758 8.479742739999999 1.49324758
Al 11.479742739999999 8.479742739999999 1.49324758
Al 11.479742739999999 5.49324758 1.49324758
Al 11.479742739999999 5.49324758 4.47974274
Al 11.479742739999999 8.479742739999999 4.47974274
Os 9.98649516 4.0 0.0
Os 9.98649516 6.9864951600000005 2.98649516
Os 7.0 4.0 2.98649516
Os 7.0 6.9864951600000005 0.0
Rh 7.0 4.0 0.0
Rh 7.0 6.9864951600000005 2.98649516
Rh 9.98649516 4.0 2.98649516
Rh 9.98649516 6.9864951600000005 0.0
