mp-1102531.cif
P 12.1644397426661 6.2515167426661 0.6614062573339
P 9.2515167426661 4.6614062573339 5.1644397426661
P 7.6614062573339 9.1644397426661 2.2515167426661002
P 10.5743292573339 7.5743292573339005 3.5743292573339005
Rh 9.8324835052319 9.7454065052319 2.9933624947681
Rh 12.7454065052319 6.9933624947681 2.8324835052319
Rh 9.9933624947681 6.832483505231901 5.7454065052319
Rh 7.0804394947681 4.0804394947681 0.0804394947681
Se 7.66993098475186 7.582853984751861 5.15591501524814
Se 10.58285398475186 9.15591501524814 0.6699309847518601
Se 12.15591501524814 4.66993098475186 3.58285398475186
Se 9.24299201524814 6.24299201524814 2.24299201524814
