mp-1187464.cif
Ti 7.0 4.0 0.0
Ti 7.0 7.06268192 3.06268192
Ti 10.06268192 4.0 3.06268192
Ti 10.06268192 7.06268192 0.0
Al 10.06268192 4.0 0.0
Al 10.06268192 7.06268192 3.06268192
Al 7.0 4.0 3.06268192
Al 7.0 7.06268192 0.0
Ir 8.53134096 5.53134096 4.594022880000001
Ir 8.53134096 8.59402288 4.594022880000001
Ir 8.53134096 8.59402288 1.53134096
Ir 8.53134096 5.53134096 1.53134096
Ir 11.59402288 5.53134096 1.53134096
Ir 11.59402288 8.59402288 1.53134096
Ir 11.59402288 8.59402288 4.594022880000001
Ir 11.59402288 5.53134096 4.594022880000001
