mp-1224286.cif
Hf 7.0 4.0 0.0
Hf 8.559181820591819 4.900194025830376 5.030818873025144
Hf 6.999999984408182 5.800388078666574 10.061637896974856
Ti 6.999999984408182 5.800388078666574 2.515409511974856
Ti 8.559181805000001 6.70058210449695 7.546228385
Ti 8.559181820591819 4.900194025830376 12.577047258025145
N 7.0 4.0 3.7445334561900836
N 8.559181820591819 4.900194025830376 1.2862854168350608
N 8.559181820591819 4.900194025830376 8.775352329215227
N 6.999999984408182 5.800388078666574 6.317104440784773
N 6.999999984408182 5.800388078666574 13.806171353164935
N 7.0 4.0 11.347923313809918
