mp-1078.cif
Ca 6.999999969810068 7.486033188983011 0.5732954363801311
Ca 10.018993315189933 5.743016568346257 5.334765216380131
Ca 10.018993315189933 5.743016568346257 8.949644123619867
Ca 6.999999969810068 7.486033188983011 4.188174343619869
Cd 7.0 4.0 0.0
Cd 7.0 4.0 4.76146978
Cd 8.546031774676681 4.892601826424965 2.38073489
Cd 6.999999969810068 5.785203705140428 7.14220467
Cd 5.527038429296818 8.336447930904303 7.14220467
Cd 11.491954855703185 4.892601826424965 2.38073489
Cd 10.018993315189935 7.4438460521888405 2.38073489
Cd 8.47296151032332 8.336447930904303 7.14220467
