mp-1025207.cif
Ti 7.0 4.0 0.0
Ti 14.14338 5.979571 0.0
Cr 7.962692924064903 5.979571 4.486572576391154
Cr 9.752798075729297 4.0 1.70629642427851
Cr 15.106072924064904 4.0 4.486572576391154
Cr 16.896178075729296 5.979571 1.70629642427851
Te 10.50523683381654 5.979571 3.4141906087591924
Te 7.210254165977659 4.0 2.7786783919104714
Te 5.590418759260492 5.979571 6.003491066629185
Te 12.125072240533706 4.0 0.18937793404047834
Te 17.64861683381654 4.0 3.4141906087591924
Te 14.35363416597766 5.979571 2.7786783919104714
Te 12.733798759260495 4.0 6.003491066629185
Te 19.268452240533705 5.979571 0.18937793404047834
