mp-1218039.cif
Ta 9.42647798426478 5.400927689379417 3.39279006105
Ta 6.9999999757352205 6.801855420786666 4.27655993895
Ta 6.9999999757352205 6.801855420786666 7.227465061049999
Ta 9.42647798426478 5.400927689379417 0.44188493895
Si 7.0 4.0 3.834675
Si 7.0 4.0 0.0
Ni 7.0 5.416119363404241 1.9173375
Ni 8.20008261650088 7.494723428463962 1.9173375
Ni 5.799917383499121 7.494723428463962 1.9173375
Ni 9.42647796 6.786663746761841 5.752012499999999
Ni 8.22639534349912 4.708059681702121 5.752012499999999
Ni 10.62656057650088 4.708059681702121 5.752012499999999
