mp-1215529.cif
Zn 7.0 4.0 0.0
Zn 8.28343799783438 4.740993258718008 8.377640172890263
Zn 6.99999998716562 5.481986539665815 16.755280597109735
Cu 7.0 4.0 6.24544334878072
Cu 6.99999998716562 5.481986539665815 4.188820212109736
Cu 8.28343799783438 4.740993258718008 2.1321968241095437
Cu 8.28343799783438 4.740993258718008 14.623083521670983
Cu 7.0 4.0 12.566460385
Cu 6.99999998716562 5.481986539665815 10.509837248329015
Cu 6.99999998716562 5.481986539665815 23.000723945890456
Cu 8.28343799783438 4.740993258718008 20.944100557890263
Cu 7.0 4.0 18.887477421219277
