mp-1219515.cif
Ru 12.642809360222046 6.856219012064999 4.322545260196877
Ru 7.02413364018767 9.730459512065 1.42665173628232
Ru 9.813334896965243 4.028351508292 4.367411993557401
Ru 9.853608103444472 6.902592008292 1.3817850029217962
Se 9.148902349425397 7.543030276502 3.6399086056229235
Se 10.518040650984318 4.668789776502 2.109288390856274
S 10.477937610046189 6.200443796546999 4.99809890407117
S 9.189005390363526 9.074684296546998 0.7510980924080283
S 7.600221921374794 4.651837506033 3.673529909658334
S 12.06672107903492 7.526078006033 2.0756670868208635
S 12.023293931645219 9.091326149041999 4.9704625141090935
S 7.643649068764496 6.217085649042 0.7787344823701037
