mp-1196514.cif
K 8.345754252940894 11.626070111495036 0.22637187675560416
K 6.625111057733225 14.298477758504962 6.041598276323727
K 8.710796856643766 8.323628468504964 11.404080922380643
K 10.431440051851435 5.651220821495037 5.588854522812519
K 10.129840957959416 11.348235556612519 4.852030446628841
K 8.409197762751747 14.576312313387481 10.667256846196965
K 6.926710151625242 8.601463023387481 6.778422352507405
K 8.647353346832912 5.37338626661252 0.9631959529392827
S 5.467663414474931 8.47154960483228 11.568430850885237
S 7.188306609682601 5.50329968516772 5.753204451317114
S 11.58888769510973 11.47814897516772 0.062021948251009845
S 9.86824449990206 14.44639889483228 5.877248347819132
S 9.496152329352341 8.987232513711934 1.8280321198155183
S 7.775509134144672 4.987616776288068 7.643258519383641
S 7.560398780232318 10.962466066288068 9.80242067932073
S 9.281041975439988 14.962081803711932 3.9871942797526048
S 8.511839655410258 7.89496840305526 3.2212455725829137
S 6.791196460202587 6.07988088694474 9.036471972151038
S 8.544711454174404 12.05473017694474 8.409207226553333
S 10.265354649382074 13.869817693055259 2.5939808269852103
S 6.451517281033175 8.613902062124332 3.176009159029729
S 4.730874085825505 5.360947227875668 8.991235558597852
S 10.605033828551486 11.335796517875668 8.454443640106518
S 12.325677023759155 14.58875135212433 2.639217240538395
S 6.530022263473412 10.6329982978052 3.2146095851293106
S 4.809379068265742 15.2915495721948 9.029835984697433
S 10.526528846111248 9.3167002821948 8.415843214006937
S 12.247172041318919 4.6581490078052 2.6006168144388133
S 6.915676268768704 11.299707711182153 5.103195890052588
S 5.195033073561033 14.624840158817847 10.918422289620711
S 10.140874840815957 8.649990868817845 6.527256909083659
S 11.861518036023629 5.324858421182154 0.712030509515536
