mp-1187429.cif
Ti 8.490379064999999 8.471137195 4.471137195
Ti 8.490379064999999 5.490379065 4.471137195
Ti 8.490379064999999 5.490379065 1.490379065
Ti 8.490379064999999 8.471137195 1.490379065
Ti 11.471137195 8.471137195 1.490379065
Ti 11.471137195 5.490379065 1.490379065
Ti 11.471137195 5.490379065 4.471137195
Ti 11.471137195 8.471137195 4.471137195
Fe 7.0 4.0 0.0
Fe 7.0 6.98075813 2.98075813
Fe 9.98075813 4.0 2.98075813
Fe 9.98075813 6.98075813 0.0
Co 9.98075813 4.0 0.0
Co 9.98075813 6.98075813 2.98075813
Co 7.0 4.0 2.98075813
Co 7.0 6.98075813 0.0
