mp-1238878.cif
Rb 6.344100499647347 5.713934 2.731969502283639
Rb 14.504501499647347 4.0 2.731969502283639
Cr 10.073300661720605 5.713934 4.341345416383907
Cr 10.775301337574092 4.0 1.1225935881833702
Cr 18.233701661720602 4.0 4.341345416383907
Cr 18.935702337574092 5.713934 1.1225935881833702
S 11.339318770005836 4.0 5.3311434310002745
S 9.509283229288858 5.713934 0.1327955735670031
S 11.681129602207038 5.713934 2.532940060103271
S 9.167472397087655 4.0 2.9309989444640063
S 19.49971977000584 5.713934 5.3311434310002745
S 17.66968422928886 4.0 0.1327955735670031
S 19.84153060220704 4.0 2.532940060103271
S 17.327873397087657 5.713934 2.9309989444640063
