mp-1184592.cif
Hf 8.63783639 8.91350917 4.913509169999999
Hf 8.63783639 5.6378363899999995 4.913509169999999
Hf 8.63783639 5.6378363899999995 1.6378363899999995
Hf 8.63783639 8.91350917 1.6378363899999995
Hf 11.91350917 8.91350917 1.6378363899999995
Hf 11.91350917 5.6378363899999995 1.6378363899999995
Hf 11.91350917 5.6378363899999995 4.913509169999999
Hf 11.91350917 8.91350917 4.913509169999999
Re 7.0 4.0 0.0
Re 7.0 7.275672779999999 3.275672779999999
Re 10.275672779999999 4.0 3.275672779999999
Re 10.275672779999999 7.275672779999999 0.0
Pd 10.275672779999999 4.0 0.0
Pd 10.275672779999999 7.275672779999999 3.275672779999999
Pd 7.0 4.0 3.275672779999999
Pd 7.0 7.275672779999999 0.0
