mp-1186940.cif
Sc 8.598128775 8.794386325 4.794386325
Sc 8.598128775 5.598128775 4.794386325
Sc 8.598128775 5.598128775 1.598128775
Sc 8.598128775 8.794386325 1.598128775
Sc 11.794386325 8.794386325 1.598128775
Sc 11.794386325 5.598128775 1.598128775
Sc 11.794386325 5.598128775 4.794386325
Sc 11.794386325 8.794386325 4.794386325
Co 10.19625755 4.0 0.0
Co 10.19625755 7.19625755 3.19625755
Co 7.0 4.0 3.19625755
Co 7.0 7.19625755 0.0
Cu 7.0 4.0 0.0
Cu 7.0 7.19625755 3.19625755
Cu 10.19625755 4.0 3.19625755
Cu 10.19625755 7.19625755 0.0
