mp-1219293.cif
Si 11.083238778799501 3.410755024912799 11.841889342881709
Si 4.4100184903548785 11.244803943490892 3.553558243700196
Si 9.969798618360475 8.89007147469233 2.0980402387497867
Si 5.020934735362039 6.3096879942221715 11.287182481084395
Si 10.567668431209585 4.631249045767028 9.094483928541592
Si 10.7985611522171 8.603801585325712 5.019004942898439
N 4.308010356397819 4.790189514373379 10.751190136502416
N 10.69291683456869 9.574535076812072 3.5515010753956076
Cl 6.969118529529524 6.094646597013336 11.836232130044092
Cl 8.035094958388393 8.325600227758326 2.392215306305745
Cl 5.045257553614086 3.886178181686069 13.661754712000102
Cl 9.917709544940823 10.289681134256535 0.610264691912171
Cl 9.081137528788052 5.960484747145049 8.667778650140809
Cl 5.884556095617623 8.300113248104676 5.616769480182042
Cl 6.399752309002366 11.001547992369833 8.805294636946057
Cl 8.603203266675758 3.4802187449957627 5.358923433449452
Cl 9.174345246085329 2.8095433167528645 12.238965683340036
Cl 5.87072479043184 11.581629951306965 2.166712516806386
Cl 5.025018523592843 7.674027402288572 9.763135056987423
Cl 10.025553424023808 6.739548675468759 4.706743937331316
Cl 8.836514205716226 10.069937927247656 11.12770907980588
Cl 6.216117305101716 4.330773580883031 3.304812309537202
Cl 3.9345274493273004 7.141035826469553 12.800701203511357
Cl 11.070526978710117 7.321310947386824 1.3934029508646812
Cl 5.258152418840817 4.796685993805635 7.75419592043007
Cl 9.703656249566496 9.432266478102344 6.531237935135034
