mp-1101983.cif
Nb 6.999999976092331 6.760619978936458 3.384870001356
Nb 9.39076704390767 5.38030996876358 4.380213998644
Nb 9.39076704390767 5.38030996876358 7.267412001356
Nb 6.999999976092331 6.760619978936458 0.49767199864399997
Co 7.0 4.0 3.882542
Co 7.0 4.0 0.0
Co 10.57146643896316 4.698632855196264 1.941271
Co 9.39076702 6.74366423730751 1.941271
Co 8.21006760103684 4.698632855196264 1.941271
Co 5.819300581036841 7.442297092503775 5.8238129999999995
Co 7.0 5.397265710392529 5.8238129999999995
Co 8.180699418963162 7.442297092503775 5.8238129999999995
