mp-11609.cif
Sb 12.683004262856077 6.4026067225 3.0943554544489467
Sb 5.323353249119535 4.8008689075 6.038538819677377
Mo 10.61553689236026 6.4026067225 8.09451944813006
Mo 10.109055802252595 6.4026067225 4.380766172246957
Mo 7.390820619615352 4.8008689075 1.0383748259962648
Mo 7.897301709723019 4.8008689075 4.752128101879367
S 11.81477842550618 4.8008689075 0.057378230237683285
S 9.314480784680452 4.8008689075 2.8432236028172153
S 6.191579086469432 6.4026067225 9.07551604388864
S 8.69187672729516 6.4026067225 6.289670671309108
