mp-1080816.cif
Cr 7.0 4.5660939225220005 5.328830250000002
Cr 8.582692 8.128119077478 1.77627675
Cr 7.0 7.503328715604001 6.746945661237
Cr 8.582692 5.190884284396 0.3581613387630001
Cr 7.0 7.503328715604001 3.9107148387630004
Cr 8.582692 5.190884284396 3.194392161237001
Cr 8.582692 9.260306922522002 5.328830250000002
Cr 7.0 12.822332077478 1.77627675
Cr 8.582692 12.197541715604 6.746945661237
Cr 7.0 9.885097284396002 0.3581613387630001
Cr 8.582692 12.197541715604 3.9107148387630004
Cr 7.0 9.885097284396002 3.194392161237001
P 8.582692 6.3261327563159995 5.328830250000002
P 7.0 6.368080243684001 1.77627675
P 7.0 11.020345756316 5.328830250000002
P 8.582692 11.062293243684001 1.77627675
N 7.0 4.0 0.0
N 7.0 4.0 3.5525535
N 8.582692 8.694213000000001 0.0
N 8.582692 8.694213000000001 3.5525535
