mp-1219522.cif
Ru 7.0 4.0 0.0
Ru 8.36127406361274 4.785931931349033 11.047517896191488
Ru 6.99999998638726 5.571863886276024 22.095036123808512
Rh 6.99999998638726 5.571863886276024 2.174140606669173
Rh 8.36127406361274 4.785931931349033 4.425337320009306
Rh 7.0 4.0 6.6221805761821795
Rh 6.99999998638726 5.571863886276024 8.873377620947853
Rh 7.0 4.0 13.22165850286066
Rh 6.99999998638726 5.571863886276024 15.472855547626333
Rh 8.36127406361274 4.785931931349033 17.669698472373664
Rh 7.0 4.0 19.92089551713934
Rh 8.36127406361274 4.785931931349033 24.269176399052146
Rh 7.0 4.0 26.520373443817817
Rh 6.99999998638726 5.571863886276024 28.717216699990693
Rh 8.36127406361274 4.785931931349033 30.968413413330826
