mp-1186004.cif
Mn 7.0 4.0 0.0
Mn 7.0 7.0814077399999995 3.08140774
Mn 10.08140774 4.0 3.08140774
Mn 10.08140774 7.0814077399999995 0.0
Ga 10.08140774 4.0 0.0
Ga 10.08140774 7.0814077399999995 3.08140774
Ga 7.0 4.0 3.08140774
Ga 7.0 7.0814077399999995 0.0
Pd 8.54070387 5.54070387 4.622111610000001
Pd 8.54070387 8.622111610000001 4.622111610000001
Pd 8.54070387 8.622111610000001 1.54070387
Pd 8.54070387 5.54070387 1.54070387
Pd 11.622111610000001 5.54070387 1.54070387
Pd 11.622111610000001 8.622111610000001 1.54070387
Pd 11.622111610000001 8.622111610000001 4.622111610000001
Pd 11.622111610000001 5.54070387 4.622111610000001
