mp-1184615.cif
Hf 8.6306525 8.891957499999998 4.891957499999998
Hf 8.6306525 5.6306525 4.891957499999998
Hf 8.6306525 5.6306525 1.6306524999999996
Hf 8.6306525 8.891957499999998 1.6306524999999996
Hf 11.891957499999998 8.891957499999998 1.6306524999999996
Hf 11.891957499999998 5.6306525 1.6306524999999996
Hf 11.891957499999998 5.6306525 4.891957499999998
Hf 11.891957499999998 8.891957499999998 4.891957499999998
Cu 10.261305 4.0 0.0
Cu 10.261305 7.261304999999999 3.2613049999999992
Cu 7.0 4.0 3.2613049999999992
Cu 7.0 7.261304999999999 0.0
Rh 7.0 4.0 0.0
Rh 7.0 7.261304999999999 3.2613049999999992
Rh 10.261305 4.0 3.2613049999999992
Rh 10.261305 7.261304999999999 0.0
