mp-11693.cif
Te 8.986902764869027 5.147138823207968 4.94207521330646
Te 7.0 4.0 1.98066938413276
Te 6.999999980130973 6.294277680830101 11.86482001842802
Te 8.986902764869027 5.147138823207968 8.90341398157198
Te 7.0 4.0 18.78756461586724
Te 6.999999980130973 6.294277680830101 15.82615878669354
Pt 6.999999980130973 6.294277680830101 6.1735239100543415
Pt 6.999999980130973 6.294277680830101 0.74922089506722
Pt 7.0 4.0 13.096268507493559
Pt 7.0 4.0 7.671965492506442
Pt 8.986902764869027 5.147138823207968 20.01901310493278
Pt 8.986902764869027 5.147138823207968 14.594710089945663
