mp-1025219.cif
Ti 15.607054068581887 4.0 4.329114577567073
Ti 16.974409545021352 5.961244045 1.8170771461511217
Ti 8.343755343581886 5.961244045 4.329114577567073
Ti 9.711110820021354 4.0 1.8170771461511217
V 7.0 4.0 0.0
V 14.263298725 5.961244045 0.0
Te 18.161807806543184 4.0 3.3673505680523257
Te 14.419655807060053 5.961244045 2.778841155665869
Te 13.10868389939846 4.0 5.974999079851196
Te 19.472779714204783 5.961244045 0.17119264386699853
Te 10.898509081543185 5.961244045 3.3673505680523257
Te 7.156357082060055 4.0 2.778841155665869
Te 5.845385174398457 5.961244045 5.974999079851196
Te 12.209480989204785 4.0 0.17119264386699853
