mp-1173830.cif
Na 3.191110887432818 8.74867057432423 14.976057774578326
Na 3.0061899866727213 8.776610674785186 9.352254197186776
Na 5.846239758627069 8.631028387061162 13.081575294960114
Na 8.597706814280171 9.19132991038849 11.267354108916145
Na 5.008388706948814 7.45527288055897 7.563389712245896
Na 7.988093245651981 8.955999927489142 5.010519601888034
Na 4.289039864523617 6.289810545240195 11.254296939244492
Na 8.448651159555972 8.551391072563035 8.052130857029468
Na 7.137816415177614 6.611914367822854 15.113109696242956
Na 10.850192475016424 8.678476491787517 3.216464489003611
Na 5.669497781899631 4.008628665322864 16.092284581878648
Na 7.341332335313774 6.192712650606003 3.2822339362385784
Na 9.71949511667018 6.499650207552005 12.85434830274832
Na 11.346071945877256 8.710562780395842 0.03886522972634956
Na 6.123502395307434 4.069288832524856 12.936060392952749
Na 9.872454657980365 6.11653535069653 1.0178144358862344
Na 8.531167127735241 4.06096332190536 7.981976779978837
Na 12.722340891977606 6.4697962357579755 4.722391391133672
Na 8.871327496892379 3.7549118404593136 11.193524680402383
Na 8.518569829582031 3.41813417517623 4.919296733774634
Na 11.487907113980393 4.090444942703283 9.019651009736021
Na 11.181217899745448 4.087724134380037 3.0226864190988216
Na 13.95796792609623 4.0180693098404054 6.8076375076584
Na 13.835768612512954 3.968970730345039 1.155962515004781
Ga 5.648410692775148 8.912188507550361 1.4698826658512887
Ga 7.1565686308935454 6.329845565549151 9.600308181022973
Ga 9.95884711169209 6.383742810828416 6.577605641961591
Ga 11.372461370535625 3.813914206689064 14.635523565549235
As 4.234341361761926 10.945984161507184 1.9501769502546842
As 5.984310379988589 8.55723639882866 10.107458323047307
As 4.296214911603263 6.095299795803442 14.430493761779244
As 8.134505752304047 8.746635011603193 1.9455666409632133
As 11.009663440315698 8.640253539859092 6.210457374749921
As 7.375699556089529 6.314376156825736 6.408458874844799
As 9.722873353208287 6.356781000986556 9.671107056575908
As 6.003657772888814 4.11577697879038 9.960492624409763
As 8.877361514715759 3.9694622091812217 14.187968925100305
As 12.718942227030563 6.629593555560408 1.653231119981318
As 11.112666112421142 4.229423395036023 6.02693160103176
As 12.788333586424365 1.76539293411291 14.194594229711472
