mp-1101795.cif
Nb 7.9422115 10.227602569379 5.843898537513999
Nb 7.9422115 7.046999069379 4.916588462486
Nb 9.826634499999999 4.133604430621 1.3297594624859999
Nb 9.826634499999999 7.314207930621 2.257069537514
Co 7.9422115 9.471598562257 3.130340446828
Co 7.9422115 6.290995062257 0.45648855317199993
Co 9.826634499999999 4.889608437743 4.043317553172
Co 9.826634499999999 8.070211937743 6.717169446828
Ge 7.9422115 5.475278405026 2.74984245285
Ge 7.9422115 8.655881905026 0.83698654715
Ge 9.826634499999999 8.885928594974 4.423815547149999
Ge 9.826634499999999 5.705325094974 6.33667145285
