mp-1207424.cif
Zr 8.117852204311722 5.117852204311722 0.0
Zr 13.459179415688277 10.459179415688277 0.0
Zr 9.67066360568828 8.906368014311724 3.54558653
Zr 11.906368014311724 6.670663605688279 3.54558653
Zr 9.303330325075738 9.273701294924262 0.0
Zr 12.273701294924262 6.303330325075738 0.0
Zr 13.09184613507574 10.09184613507574 3.54558653
Zr 8.485185484924262 5.485185484924262 3.54558653
In 7.0 7.78851581 1.772793265
In 7.0 7.78851581 5.318379795000002
In 10.78851581 4.0 1.772793265
In 10.78851581 4.0 5.318379795000002
Au 9.808589145740616 6.8085891457406165 1.4534683108480306
Au 11.768442474259384 8.768442474259384 5.63770474915197
Au 11.768442474259384 8.768442474259384 1.4534683108480306
Au 7.979926664259383 10.597104955740615 4.9990548408480295
Au 7.979926664259383 10.597104955740615 2.0921182191519696
Au 9.808589145740616 6.8085891457406165 5.63770474915197
Au 13.597104955740615 4.979926664259383 2.0921182191519696
Au 13.597104955740615 4.979926664259383 4.9990548408480295
