mp-1186955.cif
Sc 8.615773165 8.847319494999999 4.847319494999999
Sc 8.615773165 5.615773165 4.847319494999999
Sc 8.615773165 5.615773165 1.615773165
Sc 8.615773165 8.847319494999999 1.615773165
Sc 11.847319494999999 8.847319494999999 1.615773165
Sc 11.847319494999999 5.615773165 1.615773165
Sc 11.847319494999999 5.615773165 4.847319494999999
Sc 11.847319494999999 8.847319494999999 4.847319494999999
Ni 10.23154633 4.0 0.0
Ni 10.23154633 7.2315463300000005 3.23154633
Ni 7.0 4.0 3.23154633
Ni 7.0 7.2315463300000005 0.0
Pd 7.0 4.0 0.0
Pd 7.0 7.2315463300000005 3.23154633
Pd 10.23154633 4.0 3.23154633
Pd 10.23154633 7.2315463300000005 0.0
