mp-1186206.cif
Nb 8.59981076 8.79943228 4.7994322799999996
Nb 8.59981076 5.59981076 4.7994322799999996
Nb 8.59981076 5.59981076 1.59981076
Nb 8.59981076 8.79943228 1.59981076
Nb 11.79943228 8.79943228 1.59981076
Nb 11.79943228 5.59981076 1.59981076
Nb 11.79943228 5.59981076 4.7994322799999996
Nb 11.79943228 8.79943228 4.7994322799999996
Mo 10.19962152 4.0 0.0
Mo 10.19962152 7.19962152 3.19962152
Mo 7.0 4.0 3.19962152
Mo 7.0 7.19962152 0.0
Ru 7.0 4.0 0.0
Ru 7.0 7.19962152 3.19962152
Ru 10.19962152 4.0 3.19962152
Ru 10.19962152 7.19962152 0.0
