mp-1791.cif
Al 7.0 4.0 0.0
Al 7.0 4.0 3.914580929999999
Al 7.000000039493955 10.45484110236468 1.9572904649999996
Al 9.30873413871931 7.227420585385106 5.871871395
Al 12.590056352292788 7.227420585385106 5.871871395
Al 5.359338932707214 7.6131327074078605 1.9572904649999996
Al 8.640661146280692 7.6131327074078605 1.9572904649999996
Al 10.949395245506047 4.385712190428286 5.871871395
Al 7.000000039493954 6.6254113995438315 7.3606508000978685
Al 12.625117543368859 5.312705733974683 3.44606987009787
Al 9.27367294764324 5.312705733974683 3.44606987009787
Al 8.675722337356762 9.527847558818284 7.3606508000978685
Al 5.324277741631146 9.527847558818284 7.3606508000978685
Al 10.949395245506048 8.215141893249132 0.46851105990212927
Al 12.625117543368859 5.312705733974683 0.46851105990212927
Al 10.949395245506048 8.215141893249132 3.44606987009787
Al 9.27367294764324 5.312705733974683 0.46851105990212927
Al 8.675722337356762 9.527847558818284 4.383091989902128
Al 7.000000039493954 6.6254113995438315 4.383091989902128
Al 5.324277741631146 9.527847558818284 4.383091989902128
Rh 6.999999960506048 8.560368884663824 5.871871395
Rh 10.949395324493953 6.280184408129145 1.9572904649999996
Rh 7.000000000000001 5.7752252301017055 1.9572904649999996
Rh 13.36140042329285 4.887612615050853 5.871871395
Rh 8.537390146707153 4.887612615050853 5.871871395
Rh 9.412005138292848 9.952940677742113 1.9572904649999996
Rh 4.587994861707154 9.952940677742113 1.9572904649999996
Rh 10.949395285000005 9.065328062691261 5.871871395
