mp-1210460.cif
Na 8.935792 4.509968178091 3.7911959001229993
Na 8.935792 10.394462821909 8.095331099876999
Na 8.935792 6.942247321909 9.734459400122999
Na 8.935792 7.962183678091 2.152067599877
Fe 7.0 4.0 0.0
Fe 7.0 7.452215499999999 5.9432635
Cl 7.0 6.54338524747 3.681269298427
Cl 7.0 8.36104575253 8.205257701573
Cl 7.0 4.90883025253 9.624532798427
Cl 7.0 9.99560074747 2.2619942015729997
Cl 8.935792 5.565621155836 0.5908792571699999
Cl 8.935792 9.338809844164 11.295647742829999
Cl 8.935792 5.886594344164 6.53414275717
Cl 8.935792 9.017836655836 5.3523842428299995
