mp-17974.cif
Na 7.0 8.189237715 5.83192305
Na 7.0 8.189237715 1.9439743499999995
Na 11.189237715 4.0 5.83192305
Na 11.189237715 4.0 1.9439743499999995
Na 14.210542682394621 11.210542682394621 0.0
Na 10.021304967394622 9.357170462605378 3.887948699999999
Na 12.357170462605378 7.021304967394622 3.887948699999999
Na 8.167932747605379 5.167932747605379 0.0
Na 12.90773181297628 6.47074361702372 0.0
Na 13.659981332023719 10.659981332023719 3.887948699999999
Na 8.718494097976281 5.71849409797628 3.887948699999999
Na 9.47074361702372 9.90773181297628 0.0
Hg 12.250060702986293 9.250060702986293 6.2876672302293874
Hg 10.128414727013707 7.128414727013707 6.2876672302293874
Hg 14.317652442013706 5.060822987986293 2.39971853022939
Hg 8.060822987986292 11.317652442013706 2.39971853022939
Hg 12.250060702986293 9.250060702986293 1.4882301697706095
Hg 8.060822987986292 11.317652442013706 5.3761788697706105
Hg 14.317652442013706 5.060822987986293 5.3761788697706105
Hg 10.128414727013707 7.128414727013707 1.4882301697706095
