mp-1207788.cif
Y 8.432099244050972 11.830931574050974 2.099914895
Y 18.36556541594903 8.966733085949027 2.099914895
Y 14.830931574050974 15.365565415949028 2.099914895
Y 11.966733085949027 5.432099244050972 2.099914895
Y 15.668381954655887 6.2695496246558875 2.099914895
Y 11.129282705344114 14.528115035344113 2.099914895
Y 9.269549624655887 8.129282705344114 2.099914895
Y 17.528115035344115 12.668381954655887 2.099914895
Y 7.0 4.0 0.0
Y 13.398832329999998 10.398832329999998 0.0
Co 7.326347359568916 7.132293565648119 0.0
Co 19.47131730043108 13.66537109435188 0.0
Co 10.13229356564812 16.47131730043108 0.0
Co 13.725179689568918 7.26653876435188 0.0
Co 16.66537109435188 4.326347359568916 0.0
Co 13.072484970431084 13.531125895648119 0.0
Co 16.531125895648117 10.725179689568918 0.0
Co 10.26653876435188 10.072484970431084 0.0
Ge 14.276885605318405 4.878053275318404 0.0
Ge 12.520779054681595 15.919611384681595 0.0
Ge 7.878053275318404 9.520779054681595 0.0
Ge 18.919611384681595 11.276885605318405 0.0
Ge 9.532206718534734 5.981306031845655 0.0
Ge 17.265457941465264 14.816358628154346 0.0
Ge 8.981306031845655 14.265457941465264 0.0
Ge 15.931039048534734 8.417526298154346 0.0
Ge 17.816358628154347 6.532206718534735 0.0
Ge 10.866625611465265 12.380138361845656 0.0
Ge 15.380138361845656 12.931039048534734 0.0
Ge 11.417526298154346 7.866625611465265 0.0
Ge 7.047642506113015 6.137551567889775 2.099914895
Ge 19.750022153886988 14.660113092110223 2.099914895
Ge 9.137551567889776 16.750022153886988 2.099914895
Ge 13.446474836113016 8.261280762110225 2.099914895
Ge 17.660113092110223 4.047642506113015 2.099914895
Ge 13.351189823886985 12.536383897889774 2.099914895
Ge 15.536383897889774 10.446474836113016 2.099914895
Ge 11.261280762110225 10.351189823886985 2.099914895
