mp-1247541.cif
Mn 9.889510546821999 9.28910398532 5.317439552500001
Mn 9.206295453178 6.55036398532 0.6728604475
Mn 11.754198453177999 6.55036398532 2.3222895525
Mn 7.341607546822 9.28910398532 3.6680104475000004
Rh 10.163817783802 4.21702871256 2.0443036907
Rh 8.931988216198 6.95576871256 3.9459963093
Rh 11.479891216198 6.95576871256 5.0394536907
Rh 7.615914783802 4.21702871256 0.9508463093000001
N 9.923428231557999 5.66613438892 5.229334220100001
N 9.172377768442 8.40487438892 0.7609657799000001
N 11.720280768441999 8.40487438892 2.2341842201
N 7.375525231558 5.66613438892 3.7561157799
N 9.971252370868 6.2599534731999995 2.295782475
N 9.124553629132 8.9986934732 3.694517525
N 11.672456629132 8.9986934732 5.290932475
N 7.423349370868 6.2599534731999995 0.6993675250000001
