mp-1220148.cif
Ni 8.978126999999999 6.6812952959 3.233878168410001
Ni 8.978126999999999 9.574737795899999 4.27491183159
As 8.978126999999999 5.580010572205 1.07214258015
As 8.978126999999999 8.473453072205 6.436647419850002
As 7.0 8.230230295655 2.704561034940001
As 7.0 5.336787795655 4.80422896506
Rh 7.0 7.05816039464 0.53385244263
Rh 7.0 4.16471789464 6.974937557370002
Rh 8.978126999999999 6.033609766045 6.13923926553
Rh 8.978126999999999 8.927052266045 1.36955073447
Rh 7.0 7.777342888670001 5.03574748713
Rh 7.0 4.88390038867 2.473042512870001
