mp-1193021.cif
Cs 15.576559688494331 17.093914095656963 2.5958187040154903
Cs 14.964174085482995 5.537635224343035 7.7874561120464705
Cs 15.576559688494331 12.585662481240572 2.5958187040154903
Cs 14.964174085482995 10.045886838759426 7.7874561120464705
Cs 13.165098488768095 15.81964632012745 8.990801346158154
Cs 16.763249682197895 15.81964632012745 6.584110877934787
Cs 17.37563528520923 6.811902999872549 1.3924734699038068
Cs 13.777484091779431 6.811902999872549 3.7991639381271733
Cs 10.025341006896989 4.376782001266089 7.136901684891687
Cs 19.903007164069002 4.376782001266089 8.438010539201255
Cs 20.51539276708034 18.25476731873391 3.2463731311702735
Cs 10.637726609908325 18.25476731873391 1.945264276860707
Cs 6.693807198494332 9.778139435656964 2.5958187040154903
Cs 6.081421595482996 12.853409884343034 7.7874561120464705
Cs 6.693807198494332 5.269887821240572 2.5958187040154903
Cs 6.081421595482996 17.361661498759428 7.7874561120464705
Cs 22.047850978768096 8.503871660127452 8.990801346158154
Cs 7.880497192197896 8.503871660127452 6.584110877934787
Cs 8.492882795209233 14.127677659872548 1.3924734699038068
Cs 22.66023658177943 14.127677659872548 3.7991639381271733
Cs 18.90809349689699 11.692556661266089 7.136901684891687
Cs 11.020254674069003 11.692556661266089 8.438010539201255
Cs 11.632640277080338 10.93899265873391 3.2463731311702735
Cs 19.520479099908325 10.93899265873391 1.945264276860707
Sn 12.195269277190736 15.094176062813618 4.720698371780089
Sn 18.95785009979793 15.094176062813618 0.4709390362508909
Sn 18.34546449678659 7.537373257186381 5.662576444281871
Sn 11.5828836741794 7.537373257186381 9.912335779811071
Sn 21.078021767190734 7.778401402813619 4.720698371780089
Sn 10.075097609797929 7.778401402813619 0.4709390362508909
Sn 9.462712006786592 14.853147770870887 5.662576444281871
Sn 20.4656361641794 14.853147770870887 9.912335779811071
Te 18.205601448967993 7.89284484581437 8.413584508192958
Te 11.722746721998 7.89284484581437 7.161327715899985
Te 12.335132325009335 14.738704474185628 1.9696903078690042
Te 18.81798705197933 14.738704474185628 3.2219471001619766
Te 16.784500575054714 9.421682997444247 4.407981234667574
Te 14.368618801933948 9.421682997444247 0.7836561733634072
Te 13.756233198922612 13.209866322555753 5.9752935813943875
Te 16.172114972043378 13.209866322555753 9.599618642698553
Te 13.137751810544145 17.613079946505277 5.4251341039413745
Te 16.790596360421844 17.613079946505277 10.149778120151568
Te 17.40298196343318 5.018469373494723 4.958140712120587
Te 13.750137413555482 5.018469373494723 0.23349669591039374
Te 9.322848958967992 15.208619505814369 8.413584508192958
Te 20.605499211997994 15.208619505814369 7.161327715899985
Te 21.217884815009334 7.422929814185631 1.9696903078690042
Te 9.935234561979328 7.422929814185631 3.2219471001619766
Te 7.901748085054715 16.737457657444246 4.407981234667574
Te 23.251371469589 16.737457657444246 0.7836561733634072
Te 22.638985866577663 5.894091662555752 5.9752935813943875
Te 7.289362482043379 5.894091662555752 9.599618642698553
Te 22.02050430054414 10.297305286505276 5.4251341039413745
Te 7.907843870421845 10.297305286505276 10.149778120151568
Te 8.520229473433181 12.334244033494723 4.958140712120587
Te 22.63288990355548 12.334244033494723 0.23349669591039374
