mp-1206568.cif
Cs 9.579043515 11.737130545 7.737130544999999
Cs 9.579043515 6.579043515 7.737130544999999
Cs 9.579043515 6.579043515 2.579043515
Cs 9.579043515 11.737130545 2.579043515
Cs 14.737130545 11.737130545 2.579043515
Cs 14.737130545 6.579043515 2.579043515
Cs 14.737130545 6.579043515 7.737130544999999
Cs 14.737130545 11.737130545 7.737130544999999
Pd 7.0 4.0 0.0
Pd 7.0 9.15808703 5.15808703
Pd 12.15808703 4.0 5.15808703
Pd 12.15808703 9.15808703 0.0
Cl 9.335610073500924 4.0 0.0
Cl 14.980563986499076 4.0 0.0
Cl 12.15808703 11.493697103500924 0.0
Cl 12.15808703 6.8224769564990755 0.0
Cl 12.15808703 4.0 7.493697103500924
Cl 7.0 4.0 7.980563986499076
Cl 9.335610073500924 9.15808703 5.15808703
Cl 14.980563986499076 9.15808703 5.15808703
Cl 12.15808703 6.335610073500924 5.15808703
Cl 12.15808703 11.980563986499076 5.15808703
Cl 12.15808703 9.15808703 2.3356100735009244
Cl 7.0 9.15808703 2.8224769564990755
Cl 14.493697103500924 4.0 5.15808703
Cl 9.822476956499075 4.0 5.15808703
Cl 7.0 11.493697103500924 5.15808703
Cl 7.0 6.8224769564990755 5.15808703
Cl 7.0 4.0 2.3356100735009244
Cl 12.15808703 4.0 2.8224769564990755
Cl 14.493697103500924 9.15808703 0.0
Cl 9.822476956499075 9.15808703 0.0
Cl 7.0 6.335610073500924 0.0
Cl 7.0 11.980563986499076 0.0
Cl 7.0 9.15808703 7.493697103500924
Cl 12.15808703 9.15808703 7.980563986499076
