mp-1216223.cif
Zr 10.340536746211912 4.0 20.037129651932275
Zr 10.331448237218662 4.0 12.717131288128693
Zr 10.390205219837592 4.0 5.317172620310983
Zr 13.730754673141982 4.0 20.34723791351176
Zr 13.754349309025507 4.0 13.095039178173915
Zr 13.766423031692575 4.0 5.697662722768475
Zr 10.367377510233732 6.154885999999999 16.754012096168267
Zr 10.352637058422218 6.154885999999999 9.43114460746216
Zr 10.365399593538497 6.154885999999999 2.0398374547351317
Zr 6.950624754696882 6.154885999999999 16.387006880752626
Zr 7.030114075952385 6.154885999999999 8.98940972343161
Zr 7.058447247066327 6.154885999999999 1.6143462316911652
Fe 8.000340290448918 4.0 10.461623921490162
Fe 8.017527994738627 4.0 3.103731038781732
Fe 9.340491800914071 6.154885999999999 21.53977864414912
Fe 9.37872355097281 6.154885999999999 14.18332032389195
Fe 9.41129114966647 6.154885999999999 6.843193945387596
Fe 12.773051440175717 6.154885999999999 18.944809661159155
Fe 12.781635644203304 6.154885999999999 11.571644205892687
Fe 12.816904307232878 6.154885999999999 4.221806943102876
Sb 12.169203852252352 4.0 17.660324512491755
Sb 12.194350252350109 4.0 10.285945196689603
Sb 12.216616036622794 4.0 2.9038633840337593
Sb 8.758777502646995 4.0 15.450502442377989
Sb 8.819607348578964 4.0 8.001194826236908
Sb 8.834769049109738 4.0 0.623482911509521
Sb 8.522312032908518 6.154885999999999 19.01463974724822
Sb 8.520278483480249 6.154885999999999 11.758247675514385
Sb 8.562234910654606 6.154885999999999 4.401899706215007
Sb 11.9029597081853 6.154885999999999 21.45019573661577
Sb 11.945277459074838 6.154885999999999 14.110290060026994
Sb 11.956570556762793 6.154885999999999 6.752088194636754
