mp-1187702.cif
V 7.0 4.0 0.0
V 7.0 7.12511505 3.12511505
V 10.12511505 4.0 3.12511505
V 10.12511505 7.12511505 0.0
W 11.687672575 8.687672575 1.562557525
W 11.687672575 8.687672575 4.6876725750000015
W 7.0 7.12511505 0.0
W 11.687672575 5.562557525 4.6876725750000015
W 11.687672575 5.562557525 1.562557525
W 7.0 4.0 3.12511505
W 8.562557524999999 8.687672575 4.6876725750000015
W 8.562557524999999 8.687672575 1.562557525
W 10.12511505 7.12511505 3.12511505
W 8.562557524999999 5.562557525 1.562557525
W 8.562557524999999 5.562557525 4.6876725750000015
W 10.12511505 4.0 0.0
