mp-15074.cif
Sr 4.977083314699943 7.503794478418521 5.932128551271484
Sr 8.346960164699942 6.333003441031644 3.559277144999999
Sr 11.045833370600114 4.0 1.1864257387285142
P 12.181245067803864 5.261990246094557 3.8604968477716914
P 5.502293078544131 9.118084974998252 3.258057442228308
P 6.686338703652006 5.980703190546469 0.8852060359568225
P 10.056215553652006 7.856094728903695 1.487645441500206
P 8.872169928544128 4.718712944451912 6.233348254043177
P 8.811368217803865 8.574807673355608 5.630908848499792
Ir 9.933418959875201 9.080830678389695 3.559277144999999
Ir 7.872915780249602 4.0 1.1864257387285142
Ir 8.651754978067903 6.860923543668423 0.0
Ir 5.281878128067903 6.975874375781743 2.3728514062714856
Ir 10.436243743864196 4.0 4.745702883728512
Ir 6.5635421098752 4.75596724106047 5.932128551271484
