mp-1215466.cif
Zn 6.99999997872773 6.456310203303945 3.4989479541607937
Zn 7.0 4.0 10.463580567847801
Zn 9.12722704627227 5.2281550832296455 17.428213181534808
Hg 9.12722704627227 5.2281550832296455 6.924934207392007
Hg 6.99999997872773 6.456310203303945 13.889567030017997
Hg 7.0 4.0 20.854199643705
Se 9.12722704627227 5.2281550832296455 4.229287056573208
Se 6.99999997872773 6.456310203303945 1.0172543193739938
Se 6.99999997872773 6.456310203303945 11.193919879199193
Se 7.0 4.0 7.981886933061003
Se 7.0 4.0 18.1585524928862
Se 9.12722704627227 5.2281550832296455 14.946519546748007
