mp-1104896.cif
Tl 7.0 4.100353536871952 0.0
Tl 15.989623254999998 5.830068016871952 0.0
V 12.032376125079917 5.852041202608604 4.320844327145407
V 8.690621207141616 4.122326722608605 3.941662045684029
V 5.866687038610769 5.853053396928011 4.131253186414719
V 8.86692461754929 4.123332205635829 7.018327008825179
V 11.856072714672244 5.853046685635829 1.2441793640042602
V 21.02199938007992 4.122326722608605 4.320844327145407
V 17.680244462141616 5.852041202608604 3.941662045684029
V 14.856310293610766 4.123338916928011 4.131253186414719
V 17.856547872549285 5.853046685635829 7.018327008825179
V 20.84569596967225 4.123332205635829 1.2441793640042602
S 6.869679786287255 4.123337913693613 5.480543446865483
S 13.85331754593428 5.853052393693613 2.781962925963956
S 12.944534109314228 4.122174403951496 5.648083858463557
S 7.778463222907307 5.851888883951496 2.6144225143658812
S 9.79253166200026 5.852852058162539 5.434005375470904
S 10.930465670221277 4.123137578162539 2.828500997358535
S 7.706465687413303 5.852850985739561 8.185510885193208
S 13.016531644808236 4.123136505739562 0.07699548763623078
S 15.859303041287255 5.853052393693613 5.480543446865483
S 22.842940800934283 4.123337913693613 2.781962925963956
S 21.93415736431423 5.851888883951496 5.648083858463557
S 16.76808647790731 4.122174403951496 2.6144225143658812
S 18.782154917000263 4.123137578162539 5.434005375470904
S 19.920088925221272 5.852852058162539 2.828500997358535
S 16.69608876262084 4.123136505739562 8.185510885193208
S 22.006155079600696 5.852850985739561 0.07699548763623078
