mp-1028409.cif
Mo 7.0 4.0 3.5525914101150016
Mo 6.9999999833822715 5.918850054567793 10.659173767
Mo 6.9999999833822715 5.918850054567793 24.871695450415004
W 7.0 4.0 17.765037442900006
Se 7.0 4.0 12.335326950595
Se 7.0 4.0 26.547356904915013
Se 6.9999999833822715 5.918850054567793 1.8770056062450005
Se 6.9999999833822715 5.918850054567793 16.08097876847
Se 6.9999999833822715 5.918850054567793 5.22859329245
Se 6.9999999833822715 5.918850054567793 19.448906990755006
Se 7.0 4.0 8.98283145683
Se 7.0 4.0 23.195353140245
