mp-1103359.cif
Co 7.0 4.0 3.1810125
Co 7.0 7.1810125 0.0
Co 10.1810125 4.0 0.0
Co 10.1810125 7.1810125 3.1810125
Te 11.00572669950925 6.356298300490749 5.53731080049075
Te 9.35629830049075 9.53731080049075 4.00572669950925
Te 12.53731080049075 8.00572669950925 2.35629830049075
Te 7.82471419950925 4.82471419950925 0.8247141995092501
Te 9.35629830049075 8.00572669950925 0.8247141995092501
Te 11.00572669950925 4.82471419950925 2.35629830049075
Te 7.82471419950925 6.356298300490749 4.00572669950925
Te 12.53731080049075 9.53731080049075 5.53731080049075
