mp-1247294.cif
Ca 13.202189821879145 7.550658222073979 1.3865555440307056
Ca 10.542411211561447 8.332739478695604 6.867536878401082
Ca 13.383386929209617 7.458925551751885 8.068440220093512
Ca 10.361214104230974 8.4244721490177 0.1856522023382749
Ca 13.317880694094562 8.017090561126103 4.719714809423765
Ca 10.42672033934603 7.866307139643483 3.534377613008024
Ca 11.456076204550989 10.757173464766455 5.077131373435875
Ca 12.288524828889603 5.12622423600313 3.1769610489959126
Mn 14.34925445337857 10.454697081333666 6.224815628825434
Mn 9.39534658006202 5.42870061943592 2.029276793606353
N 15.295123771689608 9.350482683503877 5.051337912402245
N 8.449477261750985 6.532915017265708 3.2027545100295423
N 15.694094799454707 10.701618542851499 7.514720785585841
N 8.050506233985885 5.181779157918087 0.7393716368459461
N 12.827660112175085 9.414273689045888 6.628668065987663
N 10.916940921265507 6.4691240117236966 1.6254243564441249
N 12.27276082941734 9.466503002085656 2.8752129732130296
N 11.471840204023252 6.416894698683931 5.378879449218758
