mp-1207717.cif
Y 7.0 4.0 0.0
Y 10.87533029 7.87533029 0.0
Y 8.209088324224897 9.084418614224898 1.9573766628999
Y 9.666241965775102 10.541572255775101 4.906818257100101
Y 13.541572255775101 6.666241965775102 1.9573766628999
Y 9.666241965775102 5.209088324224898 1.9573766628999
Y 13.541572255775101 9.084418614224898 4.906818257100101
Y 12.084418614224898 5.209088324224898 4.906818257100101
Y 8.209088324224897 6.666241965775102 4.906818257100101
Y 12.084418614224898 10.541572255775101 1.9573766628999
Y 10.87533029 7.87533029 6.864194919999998
Y 7.0 4.0 6.864194919999998
Y 12.084418614224898 5.209088401731504 8.821571582899896
Y 13.541572255775101 6.666241888268496 11.771013177100098
Y 9.666241888268496 10.541572255775101 8.821571582899896
Y 13.541572255775101 9.084418614224898 8.821571582899896
Y 9.666241888268496 5.209088401731504 11.771013177100098
Y 8.209088401731504 9.084418614224898 11.771013177100098
Y 12.084418614224898 10.541572255775101 11.771013177100098
Y 8.209088401731504 6.666241888268496 8.821571582899896
Sb 7.0 4.0 3.432097459999999
Sb 10.87533029 7.87533029 3.432097459999999
Sb 10.87533029 7.87533029 10.29629238
Sb 7.0 4.0 10.29629238
Pd 11.93260270512736 5.057272415127359 0.0
Pd 9.81805787487264 10.693388164872637 0.0
Pd 13.693388164872637 8.93260270512736 0.0
Pd 8.05727241512736 6.818057874872641 0.0
Pd 8.05727241512736 8.93260270512736 6.864194919999998
Pd 13.693388164872637 6.818057874872641 6.864194919999998
Pd 9.81805787487264 5.057272415127359 6.864194919999998
Pd 11.93260270512736 10.693388164872637 6.864194919999998
