mp-14623.cif
K 6.999999971300744 7.3139047674679745 10.285955487782754
K 9.869925728699258 5.6569523588797015 0.9307045227827547
K 9.869925728699258 5.6569523588797015 8.424546442217245
K 6.999999971300744 7.3139047674679745 17.779797407217245
K 7.0 4.0 2.7232776317477945
K 7.0 4.0 12.078528596747793
K 7.0 4.0 15.987224298252206
K 7.0 4.0 6.631973333252205
K 6.999999971300744 7.3139047674679745 14.0328764475
K 9.869925728699258 5.6569523588797015 4.6776254825
Cu 6.999999971300744 7.3139047674679745 4.6776254825
Cu 9.869925728699258 5.6569523588797015 14.0328764475
As 6.999999971300744 7.3139047674679745 6.98249475377871
As 9.869925728699258 5.6569523588797015 16.33774571877871
As 9.869925728699258 5.6569523588797015 11.72800717622129
As 6.999999971300744 7.3139047674679745 2.37275621122129
