mp-1187242.cif
Ta 7.0 4.0 0.0
Ta 7.0 7.1985233 3.1985233
Ta 10.1985233 4.0 3.1985233
Ta 10.1985233 7.1985233 0.0
Nb 10.1985233 4.0 0.0
Nb 10.1985233 7.1985233 3.1985233
Nb 7.0 4.0 3.1985233
Nb 7.0 7.1985233 0.0
Re 8.59926165 8.79778495 4.7977849500000005
Re 8.59926165 5.59926165 4.7977849500000005
Re 8.59926165 5.59926165 1.59926165
Re 8.59926165 8.79778495 1.59926165
Re 11.79778495 8.79778495 1.59926165
Re 11.79778495 5.59926165 1.59926165
Re 11.79778495 5.59926165 4.7977849500000005
Re 11.79778495 8.79778495 4.7977849500000005
