mp-1029737.cif
Ca 13.243346976179998 7.611201992724853 1.4688485328352712
Ca 10.487650025155023 8.192626009184387 6.940862466387632
Ca 13.375917014122027 7.3533911161628165 8.176694726856436
Ca 10.355079987212992 8.450436885746424 0.23301627236646816
Ca 13.325365866282784 7.941870011924605 4.844842916363314
Ca 10.405631135052236 7.861957989984633 3.56486808285959
Ca 11.464334833199748 10.75322920849732 5.176858306612635
Ca 12.266662168135273 5.05059879341192 3.2328526926102685
V 14.33957548015902 10.41504571656155 6.343907540818794
V 9.391421521176001 5.388782285347687 2.06580345840411
N 15.263951220919939 9.380284852352684 5.144758439728601
N 8.467045780415082 6.423543149556556 3.2649525594943025
N 15.503775931340806 10.61911067953351 7.754712248337427
N 8.227221069994215 5.184717322375731 0.6549987508854751
N 12.802841960758588 9.388924305021689 6.744268652358798
N 10.928155040576435 6.414903696887549 1.6654423468641049
N 12.205954016310763 9.470896522806727 2.958141073109653
N 11.52504298502426 6.332931479102512 5.45156992611325
