mp-1189633.cif
Sb 8.938701 5.954657603765 8.721075661578
Sb 7.0 11.561790103765 3.480038338422
Sb 7.0 9.22959305451 7.374633927222001
Sb 8.938701 14.83672555451 4.826480072778001
Sb 7.0 13.315005865335 9.52510467195
Sb 8.938701 7.707873365335 2.67600932805
Sb 8.938701 9.969431759355 10.799462224794
Sb 7.0 4.362299259355 1.4016517752060003
S 7.0 4.6261484862749995 7.660920866118001
S 8.938701 10.233280986274998 4.540193133882
S 8.938701 7.47456058201 6.679719479351999
S 7.0 13.08169308201 5.521394520648001
S 7.0 8.179231351814998 9.633767793234
S 8.938701 13.786363851814999 2.567346206766
S 8.938701 14.550683297154999 10.663615021518
S 7.0 8.943550797155 1.537498978482
S 7.0 11.685718946279998 11.508725182728
S 8.938701 6.078586446279999 0.6923888172720001
S 8.938701 10.9858142391 8.532043802376
S 7.0 5.3786817391 3.669070197624
