mp-13923.cif
Sn 5.014349502065683 5.03114513093595 4.356553227561303
Sn 1.7244587127182784 10.54027062906405 9.2787301465059
Sn 5.405086264678245 6.996990471714496 9.445734293414617
Sn 8.694977054025653 8.574425288285504 4.523557374470021
P 5.775833580387043 8.87983772578945 6.778755603382094
P 9.06572436973445 6.691578034210551 1.8565786844374963
P 4.991854765369139 10.536247860156605 8.053526675613883
P 8.281745554716545 5.035167899843396 3.131349756669285
S 10.769788771978957 7.2631169528362145 2.824141928627196
S 7.479897982631551 8.308298807163787 7.746318847571794
S 7.703537340744788 8.171299717548404 2.064425972540694
S 4.413646551397383 7.400116042451595 6.986602891485291
S 8.039578309635441 5.877982165164208 4.952721487815109
S 11.329469098982846 9.693433594835794 0.0305445688705107
S 6.57040772538641 4.359607647229977 2.29413353433277
S 3.2805169360390036 11.211808112770022 7.216310453277366
S 9.735918921954163 11.195700304311412 3.020985198010401
S 6.446028132606757 4.375715455688589 7.943162116954999
S 2.7326878445350467 6.028149991068483 9.828254283179172
S 6.0225786338824525 9.543265768931516 4.906077364234575
