mp-1079600.cif
Cs 10.87606471 8.389536322073099 7.966059622733315
Cs 10.87606471 10.662421377926902 3.859049102733317
Cs 10.87606471 14.27797550836103 5.670290026179557
Cs 10.87606471 4.7739821916389715 1.5632795061795568
Cs 7.0 13.9155151720731 7.966059622733315
Cs 7.0 5.136442527926902 3.859049102733317
Cs 7.0 8.75199665836103 5.670290026179557
Cs 7.0 10.299961041638971 1.5632795061795568
S 8.683343119822378 5.824624393236001 7.011392337838043
S 13.06878630017762 5.824624393236001 7.011392337838043
S 13.06878630017762 13.227333306764 2.9043818178380416
S 8.683343119822378 13.227333306764 2.9043818178380416
S 10.87606471 11.801267375094824 8.149906827333123
S 10.87606471 7.250690324905177 4.042896307333122
S 12.559407829822376 11.350603243236002 7.011392337838043
S 9.192721590177623 11.350603243236002 7.011392337838043
S 9.192721590177623 7.701354456763999 2.9043818178380416
S 12.559407829822376 7.701354456763999 2.9043818178380416
S 7.0 6.275288525094823 8.149906827333123
S 7.0 12.776669174905178 4.042896307333122
