mp-1224870.cif
Ga 9.176029239614152 4.005110315823996 4.452585423081819
Ga 7.739351977737721 11.750923955977484 8.929205636528351
Ga 7.719803296716524 7.879709749109322 2.2048492833244793
Ga 9.886133948272573 4.004963207433497 13.350628686757235
Ga 9.885265353204492 7.871014618299993 6.703805226086163
Ag 7.756330755437412 9.206423702483807 13.214717168596243
Ag 7.734512600223085 5.278069014994147 6.464018552563859
Ag 7.7563408748541285 9.032789705714865 8.962471786986717
Ag 7.7344033945387505 5.109811025863048 2.3466020589625995
Ag 7.754054709664325 5.43551024381976 11.240992448307885
Ag 7.745849012622804 9.343969607266315 4.550594326911857
Ag 9.180204008159052 10.486975589869237 6.858269416297757
Ag 9.157318853468734 6.576482588746861 0.2417465014148283
Ag 9.17538270652867 10.652005645941871 11.024355080611802
Ag 9.170119328937904 6.763069717934954 4.344016464547236
Ag 9.163089284497941 6.37389331658772 8.787556445873983
Ag 9.17066239893315 10.293462208116772 2.1591665679367074
Ag 9.19473051450852 7.8794598174701616 11.139573794128925
