mp-1102080.cif
Sc 8.017155535 4.060696602778468 5.148716706546345
Sc 8.017155535 7.354262707778467 5.986996733453655
Sc 10.051466605 10.526435607221533 2.2750922534536544
Sc 10.051466605 7.232869502221533 1.4368122265463454
Si 8.017155535 5.8614367441434725 2.9122053943530943
Si 8.017155535 9.155002849143473 0.7996990856469056
Si 10.051466605 8.725695465856528 4.511603565646905
Si 10.051466605 5.432129360856528 6.624109874353094
Pd 8.017155535 5.124236327820914 0.5374765676093088
Pd 8.017155535 8.417802432820913 3.174427912390691
Pd 10.051466605 9.462895882179087 6.886332392390691
Pd 10.051466605 6.169329777179087 4.249381047609309
