mp-1112170.cif
K 9.7611845 6.761184500000001 8.2835535
K 9.7611845 12.2835535 8.2835535
K 9.7611845 12.2835535 2.7611845
K 9.7611845 6.761184500000001 2.7611845
K 15.2835535 6.761184500000001 2.7611845
K 15.2835535 12.2835535 2.7611845
K 15.2835535 12.2835535 8.2835535
K 15.2835535 6.761184500000001 8.2835535
In 12.522369000000001 4.0 0.0
In 7.0 4.0 0.0
In 12.522369000000001 9.522369000000001 5.522369
In 7.0 9.522369000000001 5.522369
In 7.0 4.0 5.522369
In 12.522369000000001 4.0 5.522369
In 7.0 9.522369000000001 0.0
In 12.522369000000001 9.522369000000001 0.0
Cl 9.557221323354 4.0 0.0
Cl 12.522369000000001 4.0 8.079590323354001
Cl 15.487516676646003 4.0 0.0
Cl 12.522369000000001 12.079590323354001 0.0
Cl 12.522369000000001 6.965147676646 0.0
Cl 7.0 4.0 8.487516676646003
Cl 9.557221323354 9.522369000000001 5.522369
Cl 12.522369000000001 9.522369000000001 2.557221323354
Cl 15.487516676646003 9.522369000000001 5.522369
Cl 12.522369000000001 6.557221323354 5.522369
Cl 12.522369000000001 12.487516676646003 5.522369
Cl 7.0 9.522369000000001 2.965147676646
Cl 15.079590323354001 4.0 5.522369
Cl 7.0 4.0 2.557221323354
Cl 9.965147676646 4.0 5.522369
Cl 7.0 12.079590323354001 5.522369
Cl 7.0 6.965147676646 5.522369
Cl 12.522369000000001 4.0 2.965147676646
Cl 15.079590323354001 9.522369000000001 0.0
Cl 7.0 9.522369000000001 8.079590323354001
Cl 9.965147676646 9.522369000000001 0.0
Cl 7.0 6.557221323354 0.0
Cl 7.0 12.487516676646003 0.0
Cl 12.522369000000001 9.522369000000001 8.487516676646003
