mp-13619.cif
Sc 7.0 4.0 0.0
Sc 6.999999962158849 8.369519799747671 3.303253516065069
Sc 10.784115167841152 6.1847598671024375 6.606506833934931
Sc 7.0 4.0 9.90976035
Sc 6.999999962158849 8.369519799747671 13.21301386606507
Sc 10.784115167841152 6.1847598671024375 16.516267183934932
Si 7.0 4.0 4.954880175
Si 10.784115167841152 6.1847598671024375 1.651626658934931
Si 4.707072198703452 10.476342727331593 2.7070294152888006
Si 9.971026096132032 9.301842028150721 2.7070294152888006
Si 6.32190170516452 5.330374578217901 2.7070294152888006
Si 8.4911872908623 8.447456739266185 0.5962241007762691
Si 6.3219016673233694 7.03914522152977 0.5962241007762691
Si 6.18691092829088 9.621957438447058 0.5962241007762691
Si 7.81308899602682 7.117082161048284 6.01028293135387
Si 7.678098256994331 9.699894377965572 6.01028293135387
Si 5.508812633455399 8.291582860229155 6.01028293135387
Si 11.462213462676631 4.854385288884536 3.899477418646131
Si 11.597204201709122 7.437197505801823 3.899477418646131
Si 9.2929278391377 6.262696806620951 3.899477418646131
Si 10.784115167841152 6.1847598671024375 11.56138700893493
Si 6.999999962158849 8.369519799747671 8.258133691065071
Si 12.275302496544601 6.106822927583922 9.313536249223732
Si 9.971026133973181 4.93232222840305 9.313536249223732
Si 10.106016873005672 7.515134445320339 9.313536249223732
Si 8.49118732870345 4.077936939518515 7.202730934711201
Si 10.106016835164521 9.223905088632208 7.202730934711201
Si 13.75514122613203 5.252437638699386 7.202730934711201
Si 4.028973903867971 9.301842028150721 12.616789765288802
Si 7.67809829483548 5.330374578217901 12.616789765288802
Si 9.292927801296551 10.476342727331593 12.616789765288802
Si 7.678098256994329 7.03914522152977 10.50598445077627
Si 7.81308899602682 9.621957438447058 10.50598445077627
Si 5.5088126334554 8.447456739266185 10.50598445077627
Si 6.999999962158849 8.369519799747671 18.16789404106507
Si 7.0 4.0 14.864640525000004
Si 8.4911872908623 8.291582860229155 15.920043281353871
Si 6.18691092829088 7.117082161048284 15.920043281353871
Si 6.321901667323371 9.699894377965572 15.920043281353871
Si 12.275302496544601 6.262696806620951 13.809237768646131
Si 10.106016873005672 4.854385288884536 13.809237768646131
Si 9.971026133973183 7.437197505801823 13.809237768646131
Si 11.597204201709122 4.93232222840305 19.223296599223733
Si 11.462213462676633 7.515134445320339 19.223296599223733
Si 9.292927839137702 6.106822927583922 19.223296599223733
Si 11.462213424835483 9.223905088632208 17.1124912847112
Si 7.81308903386797 5.252437638699386 17.1124912847112
Si 13.07704293129655 4.077936939518515 17.1124912847112
Rh 5.781397620570971 6.110681235395408 4.954880175
Rh 8.346910408983092 6.1847598671024375 1.651626658934931
Rh 12.002717547270183 8.295441102497843 1.651626658934931
Rh 12.00271754727018 4.07407863170703 1.651626658934931
Rh 9.56551275057097 8.443598431454701 4.954880175
Rh 9.43720475885806 4.0 4.954880175
Rh 9.565512788412121 8.295441102497843 11.56138700893493
Rh 4.56279520330079 8.369519799747671 8.258133691065071
Rh 8.21860234158788 10.480201035143079 8.258133691065071
Rh 8.218602341587879 6.2588385643522635 8.258133691065071
Rh 9.565512788412121 4.07407863170703 11.56138700893493
Rh 13.221319926699213 6.1847598671024375 11.56138700893493
Rh 5.78139758272982 10.480201035143079 18.16789404106507
Rh 12.131025501141941 4.0 14.864640525000004
Rh 8.218602379429031 6.110681235395408 14.864640525000004
Rh 4.434487249429031 8.443598431454701 14.864640525000004
Rh 5.781397582729819 6.2588385643522635 18.16789404106507
Rh 9.43720472101691 8.369519799747671 18.16789404106507
