mp-1101771.cif
Sb 10.954687195732749 8.051090202575999 3.714863353785344
Sb 5.704256052722773 4.863183202576 5.263340086621226
Sb 6.969348603237599 6.324723797423999 2.2706056064857023
Sb 12.219779746247575 9.512630797424 0.722128873649821
Os 9.832311186435426 4.029303241144 4.188774829652725
Os 6.8266320620200975 7.2172102411440004 4.789428610753845
Os 8.091724612534925 10.346510758855999 1.7966941306183217
Os 11.097403736950252 7.158603758856 1.1960403495172016
Se 9.129133570013266 6.330385520256 4.894832719144218
Se 7.529809678442257 9.518292520256 4.083370721262352
Se 8.794902228957083 8.045428479744 1.0906362411268284
Se 10.394226120528092 4.857521479744 1.902098239008695
