mp-1186124.cif
Na 10.672225999999998 4.0 0.0
Na 10.672225999999998 7.672225999999999 3.6722259999999993
Na 7.0 4.0 3.6722259999999993
Na 7.0 7.672225999999999 0.0
Ca 8.836113 9.508339 5.5083389999999985
Ca 8.836113 5.836112999999999 5.5083389999999985
Ca 8.836113 5.836112999999999 1.8361129999999997
Ca 8.836113 9.508339 1.8361129999999997
Ca 12.508339 9.508339 1.8361129999999997
Ca 12.508339 5.836112999999999 1.8361129999999997
Ca 12.508339 5.836112999999999 5.5083389999999985
Ca 12.508339 9.508339 5.5083389999999985
Rh 7.0 4.0 0.0
Rh 7.0 7.672225999999999 3.6722259999999993
Rh 10.672225999999998 4.0 3.6722259999999993
Rh 10.672225999999998 7.672225999999999 0.0
