mp-1105752.cif
Ca 9.215634987639326 8.296014842295694 2.018081045
Ca 7.5611351523606745 4.279891882295697 2.018081045
Ca 10.337905292360674 7.736231077704302 6.054243135
Ca 11.992405127639326 11.752354037704302 6.054243135
Cd 12.024906444632386 9.404447831216807 0.44508624073315584
Cd 10.305403975367614 5.388324871216806 3.5910758492668444
Cd 7.528633835367613 6.6277980887831935 4.481248330733156
Cd 9.248136304632386 10.643921048783191 7.627237939266845
Cd 7.528633835367613 6.6277980887831935 7.627237939266845
Cd 9.248136304632386 10.643921048783191 4.481248330733156
Cd 12.024906444632386 9.404447831216807 3.5910758492668444
Cd 10.305403975367614 5.388324871216806 0.44508624073315584
Pd 10.439029540712987 11.068379220886072 2.018081045
Pd 11.891280879287013 7.052256260886072 2.018081045
Pd 9.114510739287013 4.963866699113928 6.054243135
Pd 7.662259400712986 8.979989659113928 6.054243135
