mp-1025874.cif
Mo 8.592007775920077 4.919146099596512 0.0
Mo 6.999999984079922 5.8382922267674076 21.910333506916555
Mo 6.999999984079922 5.8382922267674076 6.476986293083446
S 6.999999984079922 5.8382922267674076 1.551817817708424
S 8.592007775920077 4.919146099596512 23.462315971079818
S 8.592007775920077 4.919146099596512 8.028288597064304
S 6.999999984079922 5.8382922267674076 26.83550198229158
S 8.592007775920077 4.919146099596512 20.3590312029357
S 8.592007775920077 4.919146099596512 4.925003828920182
