mp-1225022.cif
Fe 12.502991599753866 10.157370982809878 1.1727321529942643
Fe 12.52169049841794 4.195154692392394 5.190440733655642
Fe 12.293393351731176 9.18743672037854 6.167140199476604
Fe 7.990674790529707 5.164745612463843 0.16797707684115226
Fe 11.37182991341338 8.25459336462947 3.8635237080824654
Fe 9.037275534557569 7.853140765773539 2.1088700578039243
Fe 13.436660657574643 6.516708595990145 4.265013118582403
Ni 10.212373668040279 10.070272996343977 2.4846089262740803
Ni 10.258371323592527 4.314038316512724 3.8795063639911573
Ni 14.569138778041179 7.8814768664066746 6.078184939299542
Ni 10.252493012234943 6.479637629152267 0.3222192577480223
Ni 11.442605134678479 6.108654208622693 2.5111299469353163
P 9.238354554657912 5.55608942967284 2.146636245929204
P 13.55024503127402 8.798522882112941 4.195714614895433
P 11.246159023364413 8.228659858418062 1.570744858264661
P 11.2624048147066 6.165645817132962 4.816287395592363
