mp-1217942.cif
Ta 12.500112193335045 8.635350557311853 6.325528052567205
Ta 16.169272887206937 11.575791991976228 0.004598074894235981
Ta 12.494342787937754 11.57638734100944 0.00288157885054634
Nb 10.651473328513989 10.532081262909996 2.5606385591858
Nb 14.329836553387018 10.531672527174615 2.561296697565245
Nb 16.177399585585142 8.631595048779324 6.337587993682455
Te 14.333079432864793 9.415871395352648 0.10567567871046794
Te 10.656473029960338 9.413310515585428 0.10973123412975538
Te 12.496110750521954 9.75606567623346 8.772166371918738
Te 16.17459849318383 9.751747974449074 8.790549777733796
Te 14.327761546237657 6.579530787089563 6.164853350363593
Te 10.662605049214473 6.579123268099416 6.16714794092977
Te 12.494382124206208 12.59177434242899 2.722256000149158
Te 16.174535607946133 12.592641692020852 2.7234477642416675
Te 12.499058438807452 8.498337482034229 3.4087832675299388
Te 16.176980899854613 8.502660183650134 3.4075915034374287
Te 14.327561538278127 10.658895473881106 5.4929652150445385
Te 10.654711779173079 10.656998894857573 5.492396014283937
