mp-1216865.cif
Ti 8.502685365026855 4.867575782654049 11.805463402778146
Ti 6.999999984973147 5.735151591335372 2.361092737221854
Ti 10.005370699999999 4.0 7.08327807
Cr 7.0 4.0 0.0
Cr 8.502685365026855 4.867575782654049 4.722185332778146
Cr 6.999999984973147 5.735151591335372 9.444370807221855
N 6.999999984973147 5.735151591335372 13.01305847285664
N 7.0 4.0 10.597868474365214
N 7.0 4.0 3.568687665634786
N 8.502685365026855 4.867575782654049 1.15349766714336
N 8.502685365026855 4.867575782654049 8.290873140078494
N 6.999999984973147 5.735151591335372 5.875682999921506
