mp-1094021.cif
Zn 12.92159275221959 12.508029565418399 1.5247928637743817
Zn 5.559211516658769 6.8517620995816 4.574378591323146
Zn 6.51973717221959 4.9892106581882 1.5247928637743817
Zn 11.96106709665877 14.370581006811799 4.574378591323146
Zn 6.51973717221959 8.88418786553341 1.5247928637743817
Zn 11.96106709665877 10.47560379946659 4.574378591323146
Zn 6.51973717221959 23.8678212304184 1.5247928637743817
Zn 11.96106709665877 18.2115537645816 4.574378591323146
Zn 12.92159275221959 16.349002323188202 1.5247928637743817
Zn 5.559211516658769 25.7303726718118 4.574378591323146
Zn 12.92159275221959 20.24397953053341 1.5247928637743817
Zn 5.559211516658769 21.83539546446659 4.574378591323146
Ga 9.009329527689934 12.479516488339248 2.278333298708771
Ga 16.83385597674925 12.479516488339248 0.7712524288399926
Ga 9.471474741188425 6.880275176660749 3.820838156388756
Ga 14.450659452129113 6.880275176660749 5.327919026257534
Ga 15.449839731181585 4.9259593381974796 2.2993083493428514
Ga 10.393345773257593 4.9259593381974796 0.750277378205912
Ga 15.83467569769677 14.43383232680252 3.799863105754676
Ga 8.087458495620766 14.43383232680252 5.3488940768916144
Ga 15.143043388545793 8.60141993140823 2.1125395210448548
Ga 10.700142115893387 8.60141993140823 0.9370462065039085
Ga 16.141472040332566 10.758371733591769 3.9866319340526717
Ga 7.780662152984972 10.758371733591769 5.162125248593618
Ga 15.411185107689933 23.83930815333925 2.278333298708771
Ga 10.432000396749245 23.83930815333925 0.7712524288399926
Ga 15.873330321188426 18.24006684166075 3.820838156388756
Ga 8.048803872129113 18.24006684166075 5.327919026257534
Ga 9.047984151181588 16.28575100319748 2.2993083493428514
Ga 16.79520135325759 16.28575100319748 0.750277378205912
Ga 9.432820117696773 25.793623991802523 3.799863105754676
Ga 14.489314075620765 25.793623991802523 5.3488940768916144
Ga 8.741187808545792 19.96121159640823 2.1125395210448548
Ga 17.101997695893388 19.96121159640823 0.9370462065039085
Ga 9.739616460332567 22.11816339859177 3.9866319340526717
Ga 14.182517732984973 22.11816339859177 5.162125248593618
S 11.112173457496848 12.36341941752295 3.136547714155544
S 12.809960735820692 12.36341941752295 6.012209468490746
S 7.368630811381512 6.9963722474770496 2.962623740941983
S 18.47455469305767 6.9963722474770496 0.08696198660678053
S 17.50547672789442 4.981701835897635 3.137419895673623
S 6.416657465423121 4.981701835897635 6.011337286972667
S 13.779038700983943 14.378089829102365 2.961751559423904
S 12.064146803455237 14.378089829102365 0.08783416812485949
S 17.229969873017417 8.913462048654115 3.07968513867967
S 6.692164320300124 8.913462048654115 6.069072043966621
S 14.054545555860946 10.446329616345885 3.019486316417857
S 11.788639948578234 10.446329616345885 0.030099411130906296
S 14.112517769286411 6.695212810646234 3.016894168549441
S 11.730667735152768 6.695212810646234 0.032691558999322745
S 17.17199765959195 12.664578854353765 3.0822772865480865
S 6.750136533725591 12.664578854353765 6.066479896098204
S 7.837206044886993 14.41985978305457 3.021126993539278
S 18.005979459552186 14.41985978305457 0.02845873400948506
S 10.643598223991367 4.93993188194543 3.0780444615582483
S 13.278535969326175 4.93993188194543 6.070712721088042
S 7.607755715705409 10.806889403792985 2.928163422220682
S 18.23542978873377 10.806889403792985 0.12142230532808156
S 10.87304855317295 8.552902261207015 3.1710080328768453
S 13.04908564014459 8.552902261207015 5.977749149769445
S 17.514029037496847 23.723211082522948 3.136547714155544
S 6.408105155820691 23.723211082522948 6.012209468490746
S 13.77048639138151 18.35616391247705 2.962623740941983
S 12.072699113057668 18.35616391247705 0.08696198660678053
S 11.103621147894415 16.341493500897634 3.137419895673623
S 12.81851304542312 16.341493500897634 6.011337286972667
S 7.3771831209839425 25.737881494102364 2.961751559423904
S 18.46600238345524 25.737881494102364 0.08783416812485949
S 10.828114293017414 20.273253713654114 3.07968513867967
S 13.094019900300125 20.273253713654114 6.069072043966621
S 7.652689975860945 21.806121281345884 3.019486316417857
S 18.190495528578236 21.806121281345884 0.030099411130906296
S 7.710662189286412 18.055004475646236 3.016894168549441
S 18.132523315152767 18.055004475646236 0.032691558999322745
S 10.770142079591947 24.024370519353763 3.0822772865480865
S 13.15199211372559 24.024370519353763 6.066479896098204
S 14.239061624886993 25.77965144805457 3.021126993539278
S 11.604123879552187 25.77965144805457 0.02845873400948506
S 17.045453803991364 16.29972354694543 3.0780444615582483
S 6.8766803893261725 16.29972354694543 6.070712721088042
S 14.00961129570541 22.16668106879299 2.928163422220682
S 11.83357420873377 22.16668106879299 0.12142230532808156
S 17.274904133172953 19.912693926207012 3.1710080328768453
S 6.6472300601445875 19.912693926207012 5.977749149769445
