mp-1215583.cif
Zn 16.115579604547175 6.023604000000001 5.179378955240479
Zn 16.70289561831858 4.0 1.7080539107518498
Zn 5.7963274806565135 4.0 6.8927035227487545
Zn 6.404987539150519 6.023604000000001 3.408446883216628
Zn 9.433264604547176 4.0 5.179378955240479
Zn 10.02058061831858 6.023604000000001 1.7080539107518498
Zn 12.478642480656513 6.023604000000001 6.8927035227487545
Zn 13.087302539150517 4.0 3.408446883216628
Co 15.514346036896466 4.0 8.592786962353449
Co 8.832031036896463 6.023604000000001 8.592786962353449
Se 7.000573717644169 4.0 4.727873689998395
Se 14.266687764285898 4.0 1.2280630242470625
Se 3.344888196326385 4.0 6.508332495604822
Se 17.319573508675003 6.023604000000001 3.01085192443912
Se 6.4567304857465295 6.023604000000001 8.182767698497582
Se 13.682888717644168 6.023604000000001 4.727873689998395
Se 7.584372764285899 6.023604000000001 1.2280630242470625
Se 10.027203196326386 6.023604000000001 6.508332495604822
Se 10.637258508675004 4.0 3.01085192443912
Se 13.139045485746529 4.0 8.182767698497582
