mp-13967.cif
Nb 7.0 4.0 1.799020015
Nb 8.99793171025587 12.873558037680901 0.0
Nb 10.7739332576809 7.1016930697441305 1.799020015
Nb 13.425316302319098 11.097556490255869 1.799020015
Nb 15.201317849744129 5.325691522319099 0.0
Nb 12.09962478 9.09962478 0.0
Nb 14.097556490255869 7.7739332576809 1.799020015
Nb 15.873558037680901 12.201317849744129 0.0
Nb 8.325691522319099 5.997931710255869 0.0
Nb 10.10169306974413 10.425316302319098 1.799020015
Cu 12.921872266705389 5.056686825136577 1.799020015
Cu 11.27737729329461 13.142562734863423 1.799020015
Cu 11.042937954863422 4.822247486705391 0.0
Cu 13.156311605136576 13.377002073294609 0.0
Cu 7.822247486705391 10.156311605136576 0.0
Cu 16.37700207329461 8.042937954863422 0.0
Cu 16.142562734863425 9.921872266705389 1.799020015
Cu 8.056686825136577 8.27737729329461 1.799020015
Si 11.505753789817348 11.690643464124843 0.0
Si 9.591018684124842 4.593870990182651 1.799020015
Si 14.608230875875158 13.605378569817349 1.799020015
Si 12.69349577018265 6.508606095875157 0.0
Si 16.605378569817347 6.591018684124842 1.799020015
Si 14.690643464124843 9.69349577018265 0.0
Si 9.508606095875157 8.505753789817348 0.0
Si 7.593870990182651 11.608230875875158 1.799020015
