mp-1224649.cif
In 15.414088263751468 14.953550834641806 3.590991097142757
In 18.598804694761707 5.291843838197048 8.064051203441783
In 14.105689544166264 7.0618320637329095 1.864481703935681
In 15.445538709246932 7.0618320637329095 8.956706256143761
In 14.137139989661726 14.953550834641806 7.230196862936685
In 10.952423558651489 5.291843838197048 2.7571367566376583
In 9.14148228572665 4.236811706603821 6.230175606472994
In 11.326692659590204 17.00972848911779 9.097310712631774
In 11.486962425630722 6.03981985905035 9.505834256526407
In 18.064265827782474 6.03981985905035 1.315353703553035
In 20.409745967686547 4.236811706603821 4.591012353606448
In 18.224535593822992 17.00972848911779 1.7238772474476667
In 7.614707178751467 7.3030717146418045 3.590991097142757
In 10.799423609761707 12.942322958197048 8.064051203441783
In 21.90507062916626 14.712311183732906 1.864481703935681
In 7.646157624246931 14.712311183732906 8.956706256143761
In 21.936521074661727 7.3030717146418045 7.230196862936685
In 18.75180464365149 12.942322958197048 2.7571367566376583
In 16.940863370726646 11.88729082660382 6.230175606472994
In 19.1260737445902 9.359249369117792 9.097310712631774
In 19.286343510630722 13.69029897905035 9.505834256526407
In 10.264884742782474 13.69029897905035 1.315353703553035
In 12.610364882686543 11.88729082660382 4.591012353606448
In 10.425154508822988 9.359249369117792 1.7238772474476667
Te 14.799381085 9.032576970885437 0.0
Te 8.368552822814225 5.336407420042301 1.7525095697306383
Te 21.18267543059897 5.336407420042301 9.068678390348802
Te 9.569917770924668 19.274626514945616 9.038970983041997
Te 19.981310482488524 19.274626514945616 1.7822169770374445
Te 11.28993029671945 18.57842067425902 4.676840389488059
Te 13.82158172604431 17.55249065921911 8.068818369585719
Te 13.212188033207983 6.56189498060161 7.334446672777777
Te 16.339040220205206 6.56189498060161 3.4867412873016663
Te 18.261297956693742 18.57842067425902 6.144347570591383
Te 15.729646527368885 17.55249065921911 2.7523695904937244
Te 14.775614126706596 10.278419243181837 5.410593980039721
Te 11.558172838648936 16.15486548234481 0.9641091964043347
Te 17.993055414764257 16.15486548234481 9.857078763675107
Te 16.776118438978955 14.690884945890273 6.143566605456304
Te 17.581205585460175 7.819767784323794 7.236358122725517
Te 12.941896665398037 4.711346291874654 0.7647722012035908
Te 16.609331588015156 4.711346291874654 10.056415758875852
Te 12.775109814434241 14.690884945890273 4.677621354623137
Te 11.970022667953018 7.819767784323794 3.5848298373539267
Te 7.0 16.683056090885437 0.0
Te 16.167933907814223 12.9868865400423 1.7525095697306383
Te 13.38329434559897 12.9868865400423 9.068678390348802
Te 17.369298855924665 11.624147394945616 9.038970983041997
Te 12.181929397488524 11.624147394945616 1.7822169770374445
Te 19.089311381719455 10.927941554259025 4.676840389488059
Te 21.620962811044308 9.902011539219115 8.068818369585719
Te 21.011569118207987 14.212374100601608 7.334446672777777
Te 8.53965913520521 14.212374100601608 3.4867412873016663
Te 10.461916871693743 10.927941554259025 6.144347570591383
Te 7.930265442368885 9.902011539219115 2.7523695904937244
Te 6.976233041706597 17.92889836318184 5.410593980039721
Te 19.357553923648936 8.504386362344816 0.9641091964043347
Te 10.193674329764258 8.504386362344816 9.857078763675107
Te 8.976737353978953 7.040405825890273 6.143566605456304
Te 9.781824500460177 15.470246904323794 7.236358122725517
Te 20.741277750398034 12.361825411874655 0.7647722012035908
Te 8.809950503015155 12.361825411874655 10.056415758875852
Te 20.57449089943424 7.040405825890273 4.677621354623137
Te 19.769403752953018 15.470246904323794 3.5848298373539267
Pb 20.469519645840325 17.310196772287483 8.117242752859553
Pb 9.08170860757287 17.310196772287483 2.7039452072198875
Pb 12.670138560840325 9.659717652287483 8.117242752859553
Pb 16.88108969257287 9.659717652287483 2.7039452072198875
