mp-1246748.cif
Ca 10.208627473286072 5.145872130936277 4.669159355949825
Ca 6.820977372691108 6.949001778213319 3.019078907002043
Ca 8.373547630413864 7.50700698917627 6.753755966804858
Ca 8.656057215563315 4.587866919973324 0.9344822961470105
Ca 10.032135758722415 7.8262702117250225 1.5140601375996374
Ca 6.997469087254765 4.268603697424574 6.174178125352231
Ga 9.971443123109298 3.4601448794751968 7.4488495881583345
Ga 7.0581617228678795 8.634729029674396 0.23938867479353235
Ga 9.349502376065601 8.917350639086044 4.32946223653956
Ga 7.680102469911578 3.1775232700635527 3.3587760264123085
Ga 5.641635382210265 7.968717984106489 5.503656113487147
Ga 11.387969463766915 4.126155925043106 2.1845821494647217
N 10.907518747240562 2.5706857653186503 5.990413854391154
N 6.122086098736616 9.524188143830944 1.6978244085607128
N 10.438946251039114 7.357595064526709 3.915204582455187
N 6.5906585949380645 4.737278844622887 3.7730336804966815
N 9.131294828680138 5.1738841161993605 6.841340377096405
N 7.898310017297039 6.920989792950235 0.8468978858554631
N 7.36603060268199 8.681561255035486 4.748463533632174
N 9.663574243295189 3.4133126541141086 2.939774729319694
N 6.162061378357853 6.795597824040429 6.942471463207275
N 10.867543467619326 5.299276085109165 0.7457667997445943
