mp-1228792.cif
As 7.667050891345 9.243534108655 2.2882416086550004
As 12.243534108655 6.288241608655 0.6670508913450001
As 9.288241608655 4.667050891345 5.243534108655
As 10.622343391345 7.622343391345 3.622343391345
P 12.23320831666 4.67737668334 3.6326691833400004
P 7.67737668334 7.632669183340001 5.23320831666
P 10.63266918334 9.23320831666 0.67737668334
P 9.27791581666 6.27791581666 2.27791581666
Pt 9.901263842515 7.009321157484999 0.054028657485
Pt 10.009321157485 4.054028657485 2.9012638425150006
Pt 7.054028657485 6.901263842515 3.0093211574849996
Pt 12.856556342515 9.856556342515 5.856556342515001
