mp-1077397.cif
Sc 7.0 4.0 0.0
Sc 7.0 7.41054661 3.41054661
Sc 10.41054661 4.0 3.41054661
Sc 10.41054661 7.41054661 0.0
Cd 8.705273305 5.705273305 1.705273305
Cd 8.705273305 9.115819915 5.115819914999999
Cd 12.115819915 5.705273305 5.115819914999999
Cd 12.115819915 9.115819915 1.705273305
Ni 12.972229723425574 4.848863496574425 2.561683113425575
Ni 11.259410106574425 6.561683113425575 2.561683113425575
Ni 11.259410106574425 4.848863496574425 0.848863496574425
Ni 12.972229723425574 6.561683113425575 0.848863496574425
Ni 12.972229723425574 8.259410106574425 5.972229723425575
Ni 11.259410106574425 9.972229723425574 5.972229723425575
Ni 11.259410106574425 8.259410106574425 4.259410106574425
Ni 12.972229723425574 9.972229723425574 4.259410106574425
Ni 9.561683113425575 4.848863496574425 5.972229723425575
Ni 7.848863496574425 6.561683113425575 5.972229723425575
Ni 7.848863496574425 4.848863496574425 4.259410106574425
Ni 9.561683113425575 6.561683113425575 4.259410106574425
Ni 9.561683113425575 8.259410106574425 2.561683113425575
Ni 7.848863496574425 9.972229723425574 2.561683113425575
Ni 7.848863496574425 8.259410106574425 0.848863496574425
Ni 9.561683113425575 9.972229723425574 0.848863496574425
