mp-1228758.cif
As 6.999999980198513 6.286478821807888 3.240472946476124
As 7.0 4.0 9.721418645
As 8.980148754801487 5.143239393755353 16.202364343523875
P 7.0 4.0 0.0
P 8.980148754801487 5.143239393755353 6.480945698523875
P 6.999999980198513 6.286478821807888 12.961891591476125
Rh 6.999999980198513 6.286478821807888 0.7556246785832039
Rh 8.980148754801487 5.143239393755353 4.115575610061734
Rh 7.0 4.0 2.3653700884621416
Rh 6.999999980198513 6.286478821807888 5.725321214369044
Rh 7.0 4.0 7.236570377107079
Rh 6.999999980198513 6.286478821807888 10.596521503013983
Rh 8.980148754801487 5.143239393755353 8.846315786986017
Rh 7.0 4.0 12.206266912892922
Rh 8.980148754801487 5.143239393755353 13.717516075630954
Rh 7.0 4.0 17.077467201537857
Rh 6.999999980198513 6.286478821807888 15.327261679938266
Rh 8.980148754801487 5.143239393755353 18.687212611416797
