mp-1217270.cif
Ti 9.291983 4.0 3.1748255
Ti 7.0 7.920095 3.1748255
Cr 8.145991500000001 9.8801425 1.058982094478
Cr 8.145991500000001 5.9600475 5.290668905522
Cr 10.4379745 5.9600475 1.058982094478
Cr 10.4379745 9.8801425 5.290668905522
Si 9.291983 6.65575459984 3.1748255
Si 8.112920477293 4.665675252045 1.0358503158849999
Si 10.471045522707 4.665675252045 5.313800684115
Si 9.291983 9.18443540016 3.1748255
Si 10.471045522707 11.174514747955001 1.0358503158849999
Si 8.112920477293 11.174514747955001 5.313800684115
Si 7.0 10.57584959984 3.1748255
Si 10.404903477293 8.585770252044998 1.0358503158849999
Si 8.179062522707 8.585770252044998 5.313800684115
Si 7.0 5.26434040016 3.1748255
Si 8.179062522707 7.254419747955 1.0358503158849999
Si 10.404903477293 7.254419747955 5.313800684115
