mp-1215382.cif
Zr 8.992246 6.0095795 6.54951675498
Zr 7.0 4.0 15.251963145320001
Zr 7.0 4.0 1.9802968546800002
Zr 8.992246 6.0095795 10.682743245020001
Al 8.992246 6.0095795 2.1758140766399996
Al 7.0 4.0 10.76816355784
Al 7.0 4.0 6.46409644216
Al 8.992246 6.0095795 15.05644592336
Al 7.0 6.0095795 4.3034984511
Al 8.992246 4.0 12.92443625164
Al 8.992246 4.0 4.307823748360001
Al 7.0 6.0095795 12.928761548899999
Al 7.0 6.0095795 8.61613
Al 7.0 6.0095795 0.0
Al 8.992246 4.0 8.61613
Si 8.992246 4.0 0.0
