mp-1206573.cif
K 8.403923675481401 4.515209892013425 4.688687660868502
K 12.404620534260626 13.294341327986574 4.394322559096602
K 11.10288843413164 4.515209892013425 8.935827669079154
K 9.705655775610387 13.294341327986574 0.14718255088594973
K 9.75340605480652 10.437580474966271 6.812257664973828
K 11.055138154935506 7.371970745033728 2.270752554991276
K 13.1099278804814 9.419985502013425 4.688687660868502
K 7.698616329260627 8.389565717986574 4.394322559096602
K 6.396884229131641 9.419985502013425 8.935827669079154
K 14.411659980610388 8.389565717986574 0.14718255088594973
K 5.04740184980652 5.5328048649662716 6.812257664973828
K 6.349133949935506 12.27674635503373 2.270752554991276
Bi 8.537506939606384 6.779459038923386 7.675648651238743
Bi 12.271037270135642 11.030092181076613 1.4073615687263614
Bi 10.969305170006656 6.779459038923386 5.948866678708913
Bi 9.839239039735372 11.030092181076613 3.134143541256191
Bi 13.243511144606385 11.684234648923386 7.675648651238743
Bi 7.565033065135641 6.125316571076613 1.4073615687263614
Bi 6.263300965006655 11.684234648923386 5.948866678708913
Bi 14.54524324473537 6.125316571076613 3.134143541256191
