mp-1220777.cif
Nb 8.664748656532 4.0 2.431183
Nb 7.854552703238 5.532700050091 0.0
Nb 11.423650703238 8.793738949908999 0.0
Nb 12.548748173072 4.0 0.0
Nb 12.233846656532 10.326439 2.431183
Nb 11.423650703238 11.859139050090999 0.0
Nb 7.854552703238 15.120177949909 0.0
Nb 8.979650173072 10.326439 0.0
Cr 14.123109422754 8.243870177785 1.227314664426
Cr 10.554011422753998 6.082568822215 1.227314664426
Cr 10.554011422753998 6.082568822215 3.6350513355739995
Cr 14.123109422754 8.243870177785 3.6350513355739995
Cr 9.68795908576 8.71408275646 2.431183
Cr 13.257057085759998 5.61235624354 2.431183
Cr 10.554011422753998 14.570309177785 1.227314664426
Cr 14.123109422754 12.409007822215 1.227314664426
Cr 14.123109422754 12.409007822215 3.6350513355739995
Cr 10.554011422753998 14.570309177785 3.6350513355739995
Cr 13.257057085759998 15.040521756459999 2.431183
Cr 9.68795908576 11.93879524354 2.431183
Si 8.408587354876 6.607074900388 2.431183
Si 11.977685354875998 7.719364099611999 2.431183
Si 11.354313836392 4.0 2.431183
Si 9.104247384252 7.751388533829999 0.0
Si 12.673345384252 6.5750504661699996 0.0
Si 9.936161298876 4.0 0.0
Si 11.977685354875998 12.933513900387998 2.431183
Si 8.408587354876 14.045803099612 2.431183
Si 7.785215836392 10.326439 2.431183
Si 12.673345384252 14.07782753383 0.0
Si 9.104247384252 12.90148946617 0.0
Si 13.505259298876 10.326439 0.0
