mp-1186943.cif
Sc 8.664968825 8.994906475 4.9949064750000005
Sc 8.664968825 5.664968825 4.9949064750000005
Sc 8.664968825 5.664968825 1.664968825
Sc 8.664968825 8.994906475 1.664968825
Sc 11.994906475 8.994906475 1.664968825
Sc 11.994906475 5.664968825 1.664968825
Sc 11.994906475 5.664968825 4.9949064750000005
Sc 11.994906475 8.994906475 4.9949064750000005
Ga 10.32993765 4.0 0.0
Ga 10.32993765 7.32993765 3.32993765
Ga 7.0 4.0 3.32993765
Ga 7.0 7.32993765 0.0
Pd 7.0 4.0 0.0
Pd 7.0 7.32993765 3.32993765
Pd 10.32993765 4.0 3.32993765
Pd 10.32993765 7.32993765 0.0
