mp-1190451.cif
K 10.589171500889218 3.8537833380492446 1.9725749159953316
K 7.031338500324219 9.775615664159922 7.1224100807095345
K 6.822622270501841 11.710068865468656 2.0124928051458695
K 10.797887730711595 1.9193301367405073 7.082492191558997
K 10.692735127354787 6.656455371070919 6.4951926303817755
K 6.9277748738586515 6.9729436311382464 2.5997923663230895
Zn 7.1192798782246625 5.974221659678138 9.035749359421327
Zn 10.501230122988774 7.655177342531028 0.05923563728353879
Zn 7.623306205352699 3.9673749019971587 5.13703852082384
Zn 9.997203795860738 9.662024100212008 3.9579464758810268
Cl 6.9878965985630686 2.138658321843982 6.376903255514634
Cl 10.632613402650367 11.490740680365183 2.718081741190232
Cl 6.926488590074543 5.981686802192014 5.97205818835631
Cl 10.694021411138893 7.647712200017152 3.1229268083485566
Cl 8.777648800048151 7.6275228374282555 8.834122637029378
Cl 8.842861201165288 6.001876164780912 0.260862359675489
Cl 8.77952656240544 4.1791389212428784 8.996859203575417
Cl 8.840983438807998 9.450260080966288 0.0981257931294488
Cl 5.4176782455855825 7.590036412357822 8.944162860504509
Cl 12.202831755627855 6.039362589851345 0.1508221362003568
Cl 9.93085586248913 4.021423987209072 5.007898828855627
Cl 7.689654138724308 9.607975015000093 4.08708616784924
Cl 6.847850808850752 3.794176871377197 2.9808176677750424
Cl 10.772659192362685 9.83522213083197 6.114167328929823
