mp-1105651.cif
Ca 9.412458172270004 4.949590958292115 0.0
Ca 16.02031666773 14.483183881707886 0.0
Ca 16.02031666773 4.949590958292115 2.97852343
Ca 9.412458172270004 14.483183881707886 2.97852343
Ca 13.665978378292113 7.3039292477299975 2.97852343
Ca 11.766796461707886 12.128845592270002 2.97852343
Ca 13.665978378292113 12.128845592270002 0.0
Ca 11.766796461707886 7.3039292477299975 0.0
Ca 12.71638742 4.0 4.467785145000001
Ca 12.71638742 4.0 1.489261715
Ca 15.128845592270002 10.665978378292113 2.97852343
Ca 10.303929247729997 8.766796461707886 2.97852343
Ca 10.303929247729997 10.665978378292113 0.0
Ca 15.128845592270002 8.766796461707886 0.0
Ca 7.949590958292115 13.020316667729999 0.0
Ca 17.483183881707888 6.412458172270004 0.0
Ca 7.949590958292115 6.412458172270004 2.97852343
Ca 17.483183881707888 13.020316667729999 2.97852343
Ca 7.0 9.71638742 1.489261715
Ca 7.0 9.71638742 4.467785145000001
Pt 14.494349111216437 5.777961691216438 0.0
Pt 10.938425728783562 13.654813148783562 0.0
Pt 10.938425728783562 5.777961691216438 2.97852343
Pt 14.494349111216437 13.654813148783562 2.97852343
Pt 7.0 4.0 4.467785145000001
Pt 7.0 4.0 1.489261715
Pt 8.777961691216438 11.494349111216437 2.97852343
Pt 16.65481314878356 7.938425728783562 2.97852343
Pt 16.65481314878356 11.494349111216437 0.0
Pt 8.777961691216438 7.938425728783562 0.0
Pt 12.71638742 9.71638742 1.489261715
Pt 12.71638742 9.71638742 4.467785145000001
