mp-1103583.cif
Tl 11.952686094526861 6.859434592698107 1.128992
Tl 6.99999995047314 9.718869271179251 3.386975999999999
Mo 11.02919829967721 11.343508492495396 1.128992
Mo 6.392379712569175 5.417161533224132 1.128992
Mo 3.5784219877536168 12.39593770203519 1.128992
Mo 7.92348774532279 5.234795371381962 3.386975999999999
Mo 12.560306332430828 11.161142330653226 3.386975999999999
Mo 15.374264057246386 4.182366161842169 3.386975999999999
Se 13.145456283275486 9.777702109918 1.128992
Se 13.883594706050197 4.367331549755092 1.128992
Se 8.829007145674321 6.433270204204268 1.128992
Se 5.807229761724516 6.800601753959361 3.386975999999999
Se 5.069091338949807 12.210972314122266 3.386975999999999
Se 10.12367889932568 10.145033659673091 3.386975999999999
