mp-1183547.cif
Ca 10.396882 4.0 0.0
Ca 10.396882 7.396882 3.3968819999999993
Ca 7.0 4.0 3.3968819999999993
Ca 7.0 7.396882 0.0
Sb 7.0 4.0 0.0
Sb 7.0 7.396882 3.3968819999999993
Sb 10.396882 4.0 3.3968819999999993
Sb 10.396882 7.396882 0.0
Pd 8.698440999999999 5.698441 5.0953230000000005
Pd 8.698440999999999 9.095323 5.0953230000000005
Pd 8.698440999999999 9.095323 1.6984409999999996
Pd 8.698440999999999 5.698441 1.6984409999999996
Pd 12.095323 5.698441 1.6984409999999996
Pd 12.095323 9.095323 1.6984409999999996
Pd 12.095323 9.095323 5.0953230000000005
Pd 12.095323 5.698441 5.0953230000000005
