mp-1228738.cif
As 7.690036558134 9.328441441866 2.3192024418660004
As 12.328441441866 6.319202441866 0.690036558134
As 9.319202441866 4.690036558134 5.3284414418659996
As 10.699275558134 7.6992755581339996 3.699275558134
Pt 10.018633844158 6.999844155842 6.009083155842
Pt 9.999844155842 10.009083155842 3.0186338441580003
Pt 13.009083155842 7.018633844158 2.9998441558420006
Pt 7.009394844158 4.009394844158 0.009394844158000001
S 12.359978266586001 4.658499733414 3.6677387334139997
S 7.658499733414 7.667738733414 5.359978266586001
S 10.667738733414 9.359978266586001 0.658499733414
S 9.350739266586 6.350739266586 2.3507392665860003
