mp-1221900.cif
Mn 9.344627701256 4.0 0.0
Mn 9.36336724772 4.0 6.596275
Mn 7.007827016008 4.0 0.0
Mn 11.703583701256001 10.571598 0.0
Mn 7.00441124772 10.571598 6.596275
Mn 9.366783016008 10.571598 0.0
V 10.555998786376 6.3151082594200005 5.2934183396500005
V 8.171613240696 6.3334955906240005 11.918888452800001
V 8.197042786376 8.256489740580001 7.89913166035
V 10.530569240696 8.238102409376001 1.2736615472000001
V 10.525948045892001 9.272636224526 8.93983915965
V 8.180942911676 9.291365278826 2.3244745398
V 8.166992045892 5.298961775474 4.252710840350001
V 10.539898911676 5.280232721174 10.8680754602
V 8.166992045892 5.298961775474 8.93983915965
V 10.539898911676 5.280232721174 2.3244745398
V 10.525948045892001 9.272636224526 4.252710840350001
V 8.180942911676 9.291365278826 10.8680754602
V 8.197042786376 8.256489740580001 5.2934183396500005
V 10.530569240696 8.238102409376001 11.918888452800001
V 10.555998786376 6.3151082594200005 7.89913166035
V 8.171613240696 6.3334955906240005 1.2736615472000001
V 7.005364265944 4.0 6.596275
V 8.197042786376 12.88670625942 5.2934183396500005
V 10.530569240696 12.905093590624 11.918888452800001
V 10.555998786376 14.82808774058 7.89913166035
V 8.171613240696 14.809700409376 1.2736615472000001
V 8.166992045892 15.844234224526 8.93983915965
V 10.539898911676 15.862963278826001 2.3244745398
V 10.525948045892001 11.870559775474 4.252710840350001
V 8.180942911676 11.851830721174 10.8680754602
V 10.525948045892001 11.870559775474 8.93983915965
V 8.180942911676 11.851830721174 2.3244745398
V 8.166992045892 15.844234224526 4.252710840350001
V 10.539898911676 15.862963278826001 10.8680754602
V 10.555998786376 14.82808774058 5.2934183396500005
V 8.171613240696 14.809700409376 11.918888452800001
V 8.197042786376 12.88670625942 7.89913166035
V 10.530569240696 12.905093590624 1.2736615472000001
V 9.364320265944 10.571598 6.596275
Si 9.358722463355999 7.278327093074 9.9086076838
Si 11.717678463356 7.293270906926001 3.2839423162
Si 11.717678463356 7.293270906926001 9.9086076838
Si 9.358722463355999 7.278327093074 3.2839423162
Si 10.507913827272 4.0 8.7540748631
Si 8.175156392608 4.0 2.1193303873000002
Si 10.507913827272 4.0 4.4384751369
Si 8.175156392608 4.0 11.0732196127
Si 8.218726309928 6.13760939744 6.596275
Si 10.535499458736 6.086732085724 0.0
Si 10.577682309928 8.43398860256 6.596275
Si 8.176543458735999 8.484865914276 0.0
Si 11.717678463356 13.849925093074 9.9086076838
Si 9.358722463355999 13.864868906925999 3.2839423162
Si 9.358722463355999 13.864868906925999 9.9086076838
Si 11.717678463356 13.849925093074 3.2839423162
Si 8.148957827272 10.571598 8.7540748631
Si 10.534112392608 10.571598 2.1193303873000002
Si 8.148957827272 10.571598 4.4384751369
Si 10.534112392608 10.571598 11.0732196127
Si 10.577682309928 12.70920739744 6.596275
Si 8.176543458735999 12.658330085724 0.0
Si 8.218726309928 15.00558660256 6.596275
Si 10.535499458736 15.056463914276 0.0
