mp-1209036.cif
Sc 8.160041991102 5.160041991102 0.0
Sc 13.524340008898001 10.524340008898001 0.0
Sc 9.682149008898 9.002232991102002 3.533274
Sc 12.002232991102002 6.682149008898 3.533274
Sc 9.429225259749998 9.255156740250001 0.0
Sc 12.255156740250001 6.429225259749999 0.0
Sc 13.271416259750001 10.271416259750001 3.533274
Sc 8.41296574025 5.41296574025 3.533274
Sn 7.0 7.842191 1.766637
Sn 7.0 7.842191 5.299911
Sn 10.842191 4.0 1.766637
Sn 10.842191 4.0 5.299911
Au 9.844888850894 6.844888850894 1.5258655765440006
Au 11.839493149106 8.839493149106 5.540682423456
Au 11.839493149106 8.839493149106 1.5258655765440006
Au 7.997302149106 10.687079850894001 5.059139576544
Au 7.997302149106 10.687079850894001 2.007408423456
Au 9.844888850894 6.844888850894 5.540682423456
Au 13.687079850894001 4.997302149106 2.007408423456
Au 13.687079850894001 4.997302149106 5.059139576544
