mp-1183158.cif
Al 10.01037301 4.0 0.0
Al 10.01037301 7.01037301 3.01037301
Al 7.0 4.0 3.01037301
Al 7.0 7.01037301 0.0
Ga 7.0 4.0 0.0
Ga 7.0 7.01037301 3.01037301
Ga 10.01037301 4.0 3.01037301
Ga 10.01037301 7.01037301 0.0
Ir 8.505186505 8.515559515 4.515559515
Ir 8.505186505 5.505186505 4.515559515
Ir 8.505186505 5.505186505 1.505186505
Ir 8.505186505 8.515559515 1.505186505
Ir 11.515559515 8.515559515 1.505186505
Ir 11.515559515 5.505186505 1.505186505
Ir 11.515559515 5.505186505 4.515559515
Ir 11.515559515 8.515559515 4.515559515
