mp-1104381.cif
Ni 9.433892499999999 6.4338925 2.4338925
Ni 11.867785 4.0 4.867785
Ni 9.433892499999999 11.3016775 7.301677499999999
Ni 11.867785 8.867785 0.0
Ni 14.3016775 6.4338925 7.301677499999999
Ni 7.0 4.0 0.0
Ni 14.3016775 11.3016775 2.4338925
Ni 7.0 8.867785 4.867785
Rh 8.21694625 12.51862375 3.6508387499999997
Rh 10.65083875 5.2169462499999995 8.51862375
Rh 10.65083875 7.65083875 6.084731249999998
Rh 8.21694625 5.2169462499999995 6.084731249999998
Rh 8.21694625 7.65083875 8.51862375
Rh 10.65083875 10.084731249999997 3.6508387499999997
Rh 10.65083875 12.51862375 1.21694625
Rh 8.21694625 10.084731249999997 1.21694625
Rh 13.084731249999997 12.51862375 8.51862375
Rh 15.51862375 5.2169462499999995 3.6508387499999997
Rh 15.51862375 7.65083875 1.21694625
Rh 13.084731249999997 5.2169462499999995 1.21694625
Rh 13.084731249999997 7.65083875 3.6508387499999997
Rh 15.51862375 10.084731249999997 8.51862375
Rh 15.51862375 12.51862375 6.084731249999998
Rh 13.084731249999997 10.084731249999997 6.084731249999998
S 10.7029403079019 5.1648446920981 1.1648446920981
S 13.032629692098098 7.702940307901899 6.032629692098099
S 13.032629692098098 5.1648446920981 8.570725307901899
S 10.7029403079019 7.702940307901899 3.7029403079018994
S 10.598737192098099 5.2690478079019 6.1368328079019
S 8.2690478079019 12.466522192098099 1.2690478079018999
S 8.2690478079019 5.2690478079019 8.466522192098099
S 10.598737192098099 12.466522192098099 3.5987371920981
S 10.7029403079019 10.032629692098098 6.032629692098099
S 13.032629692098098 12.570725307901899 1.1648446920981
S 13.032629692098098 10.032629692098098 3.7029403079018994
S 10.7029403079019 12.570725307901899 8.570725307901899
S 10.598737192098099 10.1368328079019 1.2690478079018999
S 8.2690478079019 7.5987371920981 6.1368328079019
S 8.2690478079019 10.1368328079019 3.5987371920981
S 10.598737192098099 7.5987371920981 8.466522192098099
S 15.570725307901899 5.1648446920981 6.032629692098099
S 8.1648446920981 7.702940307901899 1.1648446920981
S 8.1648446920981 5.1648446920981 3.7029403079018994
S 15.570725307901899 7.702940307901899 8.570725307901899
S 15.466522192098099 5.2690478079019 1.2690478079018999
S 13.1368328079019 12.466522192098099 6.1368328079019
S 13.1368328079019 5.2690478079019 3.5987371920981
S 15.466522192098099 12.466522192098099 8.466522192098099
S 15.570725307901899 10.032629692098098 1.1648446920981
S 8.1648446920981 12.570725307901899 6.032629692098099
S 8.1648446920981 10.032629692098098 8.570725307901899
S 15.570725307901899 12.570725307901899 3.7029403079018994
S 15.466522192098099 10.1368328079019 6.1368328079019
S 13.1368328079019 7.5987371920981 1.2690478079018999
S 13.1368328079019 10.1368328079019 8.466522192098099
S 15.466522192098099 7.5987371920981 3.5987371920981
