mp-1206110.cif
Mn 10.918788999999999 4.0 0.0
Mn 10.918788999999999 7.9187889999999985 3.918788999999999
Mn 7.0 4.0 3.918788999999999
Mn 7.0 7.9187889999999985 0.0
Cu 7.0 4.0 0.0
Cu 7.0 7.9187889999999985 3.918788999999999
Cu 10.918788999999999 4.0 3.918788999999999
Cu 10.918788999999999 7.9187889999999985 0.0
Pt 7.0 9.878183499999999 5.878183499999998
Pt 7.0 5.959394499999999 5.878183499999998
Pt 12.878183499999999 4.0 5.878183499999998
Pt 8.9593945 4.0 5.878183499999998
Pt 8.9593945 5.959394499999999 0.0
Pt 8.9593945 9.878183499999999 0.0
Pt 7.0 5.959394499999999 1.9593944999999995
Pt 7.0 9.878183499999999 1.9593944999999995
Pt 12.878183499999999 7.9187889999999985 1.9593944999999995
Pt 8.9593945 7.9187889999999985 1.9593944999999995
Pt 8.9593945 9.878183499999999 3.918788999999999
Pt 8.9593945 5.959394499999999 3.918788999999999
Pt 10.918788999999999 9.878183499999999 1.9593944999999995
Pt 10.918788999999999 5.959394499999999 1.9593944999999995
Pt 8.9593945 4.0 1.9593944999999995
Pt 12.878183499999999 4.0 1.9593944999999995
Pt 12.878183499999999 5.959394499999999 3.918788999999999
Pt 12.878183499999999 9.878183499999999 3.918788999999999
Pt 10.918788999999999 5.959394499999999 5.878183499999998
Pt 10.918788999999999 9.878183499999999 5.878183499999998
Pt 8.9593945 7.9187889999999985 5.878183499999998
Pt 12.878183499999999 7.9187889999999985 5.878183499999998
Pt 12.878183499999999 9.878183499999999 0.0
Pt 12.878183499999999 5.959394499999999 0.0
