mp-1189266.cif
K 10.516077487353328 12.924805947234933 8.412704579856118
K 10.527939976525735 7.752226107533261 1.7736466636030028
Cr 8.761319245 4.0 0.0
Cr 10.52200873193953 10.338516027384097 5.093175621729561
Cr 8.760494760338473 6.410556988966855 6.22453616856799
Cr 12.283522703540589 14.266475065801341 3.961815074891132
Cr 12.282080590836609 8.907765629930424 7.893647236078217
Cr 8.761936873042456 11.76926642483777 2.292704007380905
S 8.761308560179412 6.600194946628304 8.635909436255481
S 12.282708903699652 14.076837108139891 1.5504418072036399
S 10.521965543410758 9.359401036325332 9.432872851927684
S 10.522051920468304 11.317631018442862 0.7534783915314376
S 10.522056963033846 8.18529425949701 6.222809989486272
S 10.521960500845216 12.491737795271186 3.9635412539728487
S 12.282052108287377 14.52532683405979 6.291523753478738
S 8.761965355591684 6.151705220708404 3.8948274899803836
S 12.28295824152145 10.92625555234723 6.654792773018886
S 8.761059222357613 9.750776502420965 3.5315584704402343
