mp-12175.cif
Y 12.118733220001609 11.490154941753724 3.652288555
Y 8.36519684000161 7.879358128246274 3.652288555
Y 13.141875919998387 7.7003172517537255 10.956865665
Y 9.38833953999839 4.089520438246274 10.956865665
Y 11.926348340320176 10.30690144436966 9.083914095653752
Y 8.172811960320175 9.062611625630343 12.829817234346253
Y 13.334260799679823 6.517063754369658 5.5252401243462534
Y 9.580724419679823 5.272773935630342 1.7793369856537467
Y 9.580724419679823 5.272773935630342 5.5252401243462534
Y 13.334260799679823 6.517063754369658 1.7793369856537467
Y 8.172811960320175 9.062611625630343 9.083914095653752
Y 11.926348340320176 10.30690144436966 12.829817234346253
Y 14.494073963233149 10.211874826740335 5.938077145526849
Y 10.740537583233149 9.157638243259663 1.3664999644731533
Y 10.766535176766851 6.422037136740338 8.671077074473155
Y 7.01299879676685 5.367800553259663 13.242654255526848
Y 7.01299879676685 5.367800553259663 8.671077074473155
Y 10.766535176766851 6.422037136740338 13.242654255526848
Y 10.740537583233149 9.157638243259663 5.938077145526849
Y 14.494073963233149 10.211874826740335 1.3664999644731533
Pt 13.107053312010944 8.852137683743424 3.652288555
Pt 9.353516932010944 10.517375386256573 3.652288555
Pt 12.153555827989054 5.062299993743426 10.956865665
Pt 8.400019447989056 6.727537696256574 10.956865665
Pt 11.115101477178797 6.940868114607197 3.652288555
Pt 7.361565097178797 4.848969575392803 3.652288555
Pt 14.145507662821199 10.730705804607195 10.956865665
Pt 10.391971282821201 8.638807265392803 10.956865665
Pt 13.134877301276422 8.031044032089156 7.912873073412361
Pt 9.381340921276426 11.33846903791084 14.000858256587641
Pt 12.125731838723574 4.241206342089156 6.69628114658764
Pt 8.372195458723574 7.548631347910844 0.60829596341236
Pt 8.372195458723574 7.548631347910844 6.69628114658764
Pt 12.125731838723574 4.241206342089156 0.60829596341236
Pt 9.381340921276426 11.33846903791084 7.912873073412361
Pt 13.134877301276422 8.031044032089156 14.000858256587641
