mp-1220436.cif
Nb 5.82528100073749 13.852103076352 2.0567889983703007
Nb 8.18634350073749 9.469506493568002 2.0567889983703007
Nb 8.18634350073749 16.048294813823997 2.0567889983703007
Si 6.983987357555847 5.105892540544 1.3326717500260559
Si 7.011295053777309 11.663241655423999 1.3200142705300846
Si 8.21859007965379 7.272171857279999 3.4576556444263224
Si 8.232146666362206 13.839793924735996 3.46160879288119
Si 5.790517652556421 9.473250472447997 3.4398932146363963
Si 5.7915813190627565 16.056124327552 3.4687211692375546
Si 9.38869964391913 5.105892540544 2.7809062467145447
Si 9.36139194769767 11.663241655423999 2.7935637262105164
Si 8.15409692182119 7.272171857279999 0.6559223523142792
Si 8.140540335112773 13.839793924735996 0.6519692038594114
Si 10.582169348918558 9.473250472447997 0.673684782104205
Si 10.581105682412222 16.056124327552 0.644856827503047
Mo 9.3610625 5.103120682496 0.0
Mo 9.3610625 11.660942721024 0.0
Mo 5.82528100073749 7.276020930304 2.0567889983703007
