mp-1216245.cif
V 5.837024467025981 7.3814540932518895 1.0848445216968898
V 7.000000000000001 5.3671213821813915 5.424222478303109
V 8.16297553297402 7.3814540932518895 3.254533499999999
Si 8.185853478554261 6.025357031165634 1.0848445216968898
Si 9.34693738 4.014300722011317 5.424222478303109
Si 10.508021281445739 6.025357031165634 3.254533499999999
Ge 10.5034142433688 4.687312699736644 1.0848445216968898
Ge 9.34693738 6.690389384869297 5.424222478303109
Ge 8.1904605166312 4.687312699736644 3.254533499999999
