mp-1021498.cif
P 8.1155893156 7.00208024376 4.111256
P 9.9956666844 5.10917575624 0.0
P 12.2268453156 5.10917575624 0.0
P 14.106922684399997 7.00208024376 4.111256
P 10.00208024376 8.111256000000001 1.1155893155999994
P 8.109175756239999 4.0 2.9956666844
P 8.109175756239999 4.0 5.2268453156
P 10.00208024376 8.111256000000001 7.106922684399998
P 11.111256000000001 5.115589315599999 3.00208024376
P 7.0 6.9956666844 1.10917575624
P 7.0 9.2268453156 1.10917575624
P 11.111256000000001 11.106922684399997 3.00208024376
P 12.2268453156 11.11333624376 0.0
P 14.106922684399997 9.22043175624 4.111256
P 8.1155893156 9.22043175624 4.111256
P 9.9956666844 11.11333624376 0.0
P 14.11333624376 4.0 5.2268453156
P 12.22043175624 8.111256000000001 7.106922684399998
P 12.22043175624 8.111256000000001 1.1155893155999994
P 14.11333624376 4.0 2.9956666844
P 7.0 9.2268453156 7.11333624376
P 11.111256000000001 11.106922684399997 5.22043175624
P 11.111256000000001 5.115589315599999 5.22043175624
P 7.0 6.9956666844 7.11333624376
Pd 9.055628 6.0556280000000005 2.055628
Pd 13.166883999999998 6.0556280000000005 2.055628
Pd 9.055628 10.166883999999998 2.055628
Pd 9.055628 6.0556280000000005 6.166883999999998
Pd 13.166883999999998 10.166883999999998 6.166883999999998
Pd 9.055628 10.166883999999998 6.166883999999998
Pd 13.166883999999998 6.0556280000000005 6.166883999999998
Pd 13.166883999999998 10.166883999999998 2.055628
