mp-1397.cif
Rb 11.1606660175 8.27528772409429 3.6177628535399995
Rb 8.3868886725 8.824275085905708 7.474777946460001
Rb 11.1606660175 12.825069129094292 1.9285075464599999
Rb 8.3868886725 4.274493680905708 9.16403325354
Rb 11.1606660175 7.208609399830777 10.303358213320129
Rb 8.3868886725 9.890953410169221 0.7891825866798721
Rb 11.1606660175 11.758390804830778 6.335452986679871
Rb 8.3868886725 5.341172005169222 4.757087813320128
Te 11.1606660175 6.289398408474867 6.847975847714497
Te 8.3868886725 10.810164401525132 4.244564952285504
Te 11.1606660175 10.839179813474868 9.790835352285502
Te 8.3868886725 6.2603829965251325 1.301705447714496
