mp-1101311.cif
Ti 7.93807275 7.790503833536 5.024513859750001
Ti 9.81421825 7.885647166464 0.4681648597500001
Ti 7.93807275 5.231786833536 8.644533140250001
Ti 9.81421825 5.326930166464001 4.08818414025
Cu 7.93807275 6.6052344750600005 2.307079978056
Cu 9.81421825 9.07091652494 6.863428978056
Cu 7.93807275 4.04651747506 2.249269021944
Cu 9.81421825 6.51219952494 6.805618021944
Ge 9.81421825 7.906884517564 3.269982324924
Ge 7.93807275 7.7692664824360005 7.826331324924002
Ge 9.81421825 5.348167517564001 1.286366675076
Ge 7.93807275 5.210549482436 5.842715675076
