mp-1159.cif
Zr 8.125256135756045 8.236285810756044 2.874581745
Zr 8.985773539243956 5.125256135756045 2.874581745
Zr 8.125256135756045 5.985773539243955 0.0
Zr 8.985773539243956 9.096803214243955 0.0
Zr 11.236285810756044 5.125256135756045 0.0
Zr 12.096803214243955 8.236285810756044 0.0
Zr 11.236285810756044 9.096803214243955 2.874581745
Zr 12.096803214243955 5.985773539243955 2.874581745
Fe 7.0 4.0 1.4372908725
Fe 7.0 4.0 4.3118726175
Fe 10.111029675000001 7.111029675 4.3118726175
Fe 10.111029675000001 7.111029675 1.4372908725
