mp-1228882.cif
As 7.0 4.0 2.190270153456
As 5.736739870019447 10.856281485266804 2.7948433651249998
As 6.397411668252326 7.6245371503292745 2.7948433651249998
As 8.865848461728232 9.812567878631658 2.7948433651249998
As 12.969225010141681 5.314159382691553 0.9438380318019997
As 12.2842831748966 8.512420808342343 0.9438380318019997
As 9.85697844996172 6.320113066079973 0.9438380318019997
Rh 12.793935138170625 10.0981094772935 2.815774640788999
Rh 8.228905798519875 5.968640278888309 2.815774640788999
Rh 14.087645698309508 4.079943500932059 2.815774640788999
Rh 5.963194366529016 5.9191572640446 0.9486385095539999
Rh 10.559859417215431 10.289214607718879 0.9486385095539999
Rh 4.476946216255557 12.085014642464259 0.9486385095539999
Rh 11.218823846565474 5.091974617490285 2.8113245084629996
Rh 13.35190140768288 7.107621316472143 2.8113245084629996
Rh 10.539761380751646 7.947097323151441 2.8113245084629996
Rh 7.488481529825976 11.026645134659567 0.923145289194
Rh 5.374001590093502 9.056408103892863 0.923145289194
Rh 8.137516880080526 8.210333275675303 0.923145289194
