mp-19971.cif
Zn 7.0 6.8467354700000005 0.0
Zn 7.0 4.0 2.84673547
Zn 9.84673547 6.8467354700000005 2.84673547
Zn 9.84673547 4.0 0.0
Co 11.270103205 5.423367735 1.423367735
Co 8.423367735 8.270103205 4.270103205
Co 11.270103205 8.270103205 4.270103205
Co 8.423367735 5.423367735 1.423367735
Co 8.423367735 5.423367735 4.270103205
Co 11.270103205 8.270103205 1.423367735
Co 8.423367735 8.270103205 1.423367735
Co 11.270103205 5.423367735 4.270103205
Ge 7.0 4.0 0.0
Ge 7.0 6.8467354700000005 2.84673547
Ge 9.84673547 4.0 2.84673547
Ge 9.84673547 6.8467354700000005 0.0
