mp-1192454.cif
Ti 7.0 4.0 0.0
Ti 7.0 4.0 6.151135345
Nb 7.0 4.0 9.2267030175
Nb 7.0 4.0 3.0755676725
Nb 6.999999966494729 9.738392771101282 9.2267030175
Nb 5.380933301580672 6.934087046629044 9.2267030175
Nb 8.619066631408785 6.934087046629044 9.2267030175
Nb 10.350527268505273 4.064890632061985 3.0755676725
Nb 11.969593933419329 6.869196356534225 3.0755676725
Nb 8.731460603591216 6.869196356534225 3.0755676725
S 10.350527268505273 5.934427781710145 4.669534256673334
S 6.9999999664947286 7.868855621453124 7.632736433326667
S 6.9999999664947286 7.868855621453124 10.820669601673334
S 10.350527268505273 5.934427781710145 1.4816010883266666
S 10.350527235000001 7.868110073634318 10.810722231638813
S 8.675909264098184 4.967586664764474 10.810722231638813
S 12.025145205901815 4.967586664764474 10.810722231638813
S 7.0 5.935173329528949 1.4915484583611869
S 8.674617970901817 8.835696738398793 1.4915484583611869
S 5.325382029098185 8.835696738398793 1.4915484583611869
S 7.0 5.935173329528949 4.659586886638813
S 8.674617970901817 8.835696738398793 4.659586886638813
S 5.325382029098185 8.835696738398793 4.659586886638813
S 10.350527235000001 7.868110073634318 7.642683803361187
S 8.675909264098184 4.967586664764474 7.642683803361187
S 12.025145205901815 4.967586664764474 7.642683803361187
