mp-1029262.cif
V 8.878351015239145 8.74884316 2.419245560742957
V 10.683749574760855 8.74884316 5.039129595742956
V 11.659401310239144 4.0 2.419245560742957
V 7.9026992797608555 4.0 5.039129595742956
Zn 7.910561253323815 10.33174446797285 5.098721006423941
Zn 7.910561253323815 7.16594185202715 5.098721006423941
Zn 11.651539336676185 7.16594185202715 2.47883697142394
Zn 11.651539336676185 10.33174446797285 2.47883697142394
Zn 10.691611548323815 5.58290130797285 5.098721006423941
Zn 10.691611548323815 11.91478501202715 5.098721006423941
Zn 8.870489041676185 11.91478501202715 2.47883697142394
Zn 8.870489041676185 5.58290130797285 2.47883697142394
N 8.004699805809565 10.198566390763997 1.8809324339173525
N 8.004699805809565 7.299119929236001 1.8809324339173525
N 11.557400784190435 7.299119929236001 4.500816468917352
N 11.557400784190435 10.198566390763997 4.500816468917352
N 8.966312966261711 8.74884316 4.289073406587239
N 10.595787623738289 8.74884316 1.6691893715872383
N 10.785750100809564 5.449723230763999 1.8809324339173525
N 10.785750100809564 12.047963089236001 1.8809324339173525
N 8.776350489190435 12.047963089236001 4.500816468917352
N 8.776350489190435 5.449723230763999 4.500816468917352
N 11.747363261261711 4.0 4.289073406587239
N 7.814737328738288 4.0 1.6691893715872383
