mp-1184994.cif
K 7.0 4.0 0.0
K 7.0 7.90012457 3.90012457
K 10.90012457 4.0 3.90012457
K 10.90012457 7.90012457 0.0
Hg 8.950062285 9.850186855 5.8501868550000005
Hg 8.950062285 5.950062285 5.8501868550000005
Hg 10.90012457 4.0 0.0
Hg 8.950062285 5.950062285 1.950062285
Hg 8.950062285 9.850186855 1.950062285
Hg 10.90012457 7.90012457 3.90012457
Hg 12.850186855 9.850186855 1.950062285
Hg 12.850186855 5.950062285 1.950062285
Hg 7.0 4.0 3.90012457
Hg 12.850186855 5.950062285 5.8501868550000005
Hg 12.850186855 9.850186855 5.8501868550000005
Hg 7.0 7.90012457 0.0
