mp-1217195.cif
Ti 11.81893802146 8.933041893696 2.6710735
Ti 11.81893802146 12.339526106304 2.6710735
Ti 8.968796423296 4.0 0.0
Ti 9.861402233419 12.327162709212 0.0
Ti 9.861402233419 8.945405290787999 0.0
Ti 7.98226502146 15.569325893696 2.6710735
Ti 7.98226502146 5.703242106304 2.6710735
Ti 12.805469423296 10.636284 0.0
Ti 13.698075233419 5.690878709212 0.0
Ti 13.698075233419 15.581689290787997 0.0
Nb 10.840897176973 15.062254069539998 4.012694955433
Nb 10.840897176973 6.21031393046 4.012694955433
Nb 10.840897176973 6.21031393046 1.329452044567
Nb 10.840897176973 15.062254069539998 1.329452044567
Nb 12.68614121965 4.0 2.6710735
Nb 7.004224176973 8.42597006954 4.012694955433
Nb 7.004224176973 12.84659793046 4.012694955433
Nb 7.004224176973 12.84659793046 1.329452044567
Nb 7.004224176973 8.42597006954 1.329452044567
Nb 8.84946821965 10.636284 2.6710735
Ge 9.923084425239999 4.0 2.6710735
Ge 9.371228890939 13.211434279644001 2.6710735
Ge 9.371228890939 8.061133720356 2.6710735
Ge 11.727433370410001 4.0 0.0
Ge 8.470608270919 14.734381822235997 0.0
Ge 8.470608270919 6.5381861777640005 0.0
Ge 13.75975742524 10.636284 2.6710735
Ge 13.207901890938999 6.575150279644 2.6710735
Ge 13.207901890938999 14.697417720355999 2.6710735
Ge 7.89076037041 10.636284 0.0
Ge 12.307281270918999 8.098097822236 0.0
Ge 12.307281270918999 13.174470177764 0.0
