mp-1018072.cif
K 8.825032238250323 5.053682832959912 3.3541076368812432
K 6.999999981749678 6.107365697530309 10.725886494316816
K 7.0 4.0 18.097665130599026
Ti 8.825032238250323 5.053682832959912 7.079878314702343
Ti 6.999999981749678 6.107365697530309 14.451657172137915
Ti 7.0 4.0 21.82343580842013
S 6.999999981749678 6.107365697530309 1.080437448570227
S 6.999999981749678 6.107365697530309 5.691285993650058
S 7.0 4.0 8.45221608485244
S 7.0 4.0 13.063064629932269
S 8.825032238250323 5.053682832959912 15.823994721134651
S 8.825032238250323 5.053682832959912 20.434843266214482
