mp-1104898.cif
Y 21.277311974130207 4.731104739397 0.6142007242087594
Y 16.022961907506065 7.910387739397 3.014711927982998
Y 15.57069335414234 6.448178260603 6.643624580174755
Y 20.82504342076648 9.627461260603 4.243113376400516
Y 19.22466950050122 7.664692749157 1.3438516755343466
Y 18.075604381135058 4.485409749157 2.2850609766574097
Y 17.623335827771328 9.873156250843 5.913973628849168
Y 18.77240094713749 6.693873250843 4.972764327726102
Y 6.773865723318137 7.685812726126 1.8144563260958781
Y 6.32159716995441 6.672753273874 5.443368978287635
Y 13.359797829130208 7.910387739397 0.6142007242087594
Y 8.105447762506065 4.731104739397 3.014711927982998
Y 7.65317920914234 9.627461260603 6.643624580174755
Y 12.907529275766482 6.448178260603 4.243113376400516
Y 11.307155355501216 4.485409749157 1.3438516755343466
Y 10.158090236135056 7.664692749157 2.2850609766574097
Y 9.70582168277133 6.693873250843 5.913973628849168
Y 10.85488680213749 9.873156250843 4.972764327726102
Y 14.691379868318137 4.506529726126 1.8144563260958781
Y 14.23911131495441 9.852036273873999 5.443368978287635
Ru 20.7110838562062 5.826002115352 3.077767914227482
Ru 16.589190025430074 9.005285115351999 0.5511447379642751
Ru 16.136921472066348 5.353280884648 4.1800573901560325
Ru 20.25881530284248 8.532563884647999 6.706680566419239
Ru 12.793569711206203 9.005285115351999 3.077767914227482
Ru 8.67167588043007 5.826002115352 0.5511447379642751
Ru 8.219407327066344 8.532563884647999 4.1800573901560325
Ru 12.341301157842476 5.353280884648 6.706680566419239
