mp-1186953.cif
Sc 8.69129674 9.07389022 5.073890219999999
Sc 8.69129674 5.69129674 5.073890219999999
Sc 8.69129674 5.69129674 1.69129674
Sc 8.69129674 9.07389022 1.69129674
Sc 12.07389022 9.07389022 1.69129674
Sc 12.07389022 5.69129674 1.69129674
Sc 12.07389022 5.69129674 5.073890219999999
Sc 12.07389022 9.07389022 5.073890219999999
Zn 7.0 4.0 0.0
Zn 7.0 7.382593480000001 3.38259348
Zn 10.38259348 4.0 3.38259348
Zn 10.38259348 7.382593480000001 0.0
Ag 10.38259348 4.0 0.0
Ag 10.38259348 7.382593480000001 3.38259348
Ag 7.0 4.0 3.38259348
Ag 7.0 7.382593480000001 0.0
