mp-10381.cif
K 9.710914731495336 11.060734699838896 1.5552883
K 12.191095428504664 7.5090142901611046 4.6658649
K 12.191095428504664 11.060734699838896 4.6658649
K 9.710914731495336 7.5090142901611046 1.5552883
K 13.661919811495334 5.775860204838896 1.5552883
K 8.240090348504665 12.793888785161105 4.6658649
K 8.240090348504665 5.775860204838896 4.6658649
K 13.661919811495334 12.793888785161105 1.5552883
Cu 10.95100508 4.0 3.1105766
Cu 10.95100508 4.0 0.0
Cu 7.0 9.284874495 3.1105766
Cu 7.0 9.284874495 0.0
Sb 8.993990636111047 4.0 1.5552883
Sb 12.908019523888953 4.0 4.6658649
Sb 12.944995716111048 9.284874495 1.5552883
Sb 8.957014443888953 9.284874495 4.6658649
