mp-11328.cif
P 8.5927329 8.810718763149517 1.9073417261073695
P 7.0 4.7748363618504825 4.39921184110737
P 7.0 6.239378411069195 0.9934050028911184
P 8.5927329 7.346176713930806 3.4852751178911188
P 7.0 14.396273888149517 1.9073417261073695
P 8.5927329 10.360391486850482 4.39921184110737
P 8.5927329 11.824933536069196 0.9934050028911184
P 7.0 12.931731838930805 3.4852751178911188
W 8.5927329 5.044687711849328 2.4966489736691453
W 7.0 8.540867413150671 0.0047788586691447
W 7.0 10.630242836849327 2.4966489736691453
W 8.5927329 14.126422538150672 0.0047788586691447
