mp-1095247.cif
Sc 8.0325942875 4.080327538630843 2.2570749288467047
Sc 8.0325942875 7.354498928630843 1.4442142361532961
Sc 10.0977828625 10.468015241369155 5.145503401153297
Sc 10.0977828625 7.193843851369156 5.958364093846705
Ge 8.0325942875 5.8250778769316405 4.547779622995033
Ge 8.0325942875 9.09924926693164 6.556087872004971
Ge 10.0977828625 8.723264903068358 2.854798707004969
Ge 10.0977828625 5.449093513068359 0.846490457995031
Rh 8.0325942875 5.022233568028418 6.94499468687733
Rh 8.0325942875 8.296404958028418 4.15887280812267
Rh 10.0977828625 9.52610921197158 0.4575836431226697
Rh 10.0977828625 6.251937821971581 3.2437055218773305
