mp-1188355.cif
Zr 6.999999957432583 8.915262113192293 3.016766399999999
Zr 11.25674187756742 6.45763101973168 3.016766399999999
Zr 11.25674187756742 6.45763101973168 0.0
Zr 6.999999957432583 8.915262113192293 0.0
Zr 13.391379357559813 4.0 1.5083831999999995
Zr 3.8043103212200946 9.535096888870266 1.5083831999999995
Zr 8.061052156220093 5.8377962440537114 1.5083831999999995
Zr 9.122104312440186 4.0 4.5251496
Zr 5.938947843779907 5.8377962440537114 4.5251496
Zr 10.195689678779907 9.535096888870266 4.5251496
Sb 10.406601701602446 4.0 1.5083831999999995
Sb 5.296699149198778 6.950203614163016 1.5083831999999995
Sb 9.553440984198778 8.42268951876096 1.5083831999999995
Sb 12.106881968397552 4.0 4.5251496
Sb 4.446559015801224 8.42268951876096 4.5251496
Sb 8.703300850801224 6.950203614163016 4.5251496
P 7.0 4.0 3.016766399999999
P 7.0 4.0 0.0
