mp-10850.cif
Sb 11.139041969502541 8.139041969502541 4.139041969502541
Sb 12.77079650049746 6.46751701049746 0.8357624795025408
Sb 7.835762479502541 9.77079650049746 2.4675170104974593
Sb 9.46751701049746 4.835762479502541 5.770796500497459
Te 9.47721517481774 6.47721517481774 2.47721517481774
Te 7.82606431518226 8.129343805182259 5.78049466481774
Te 12.780494664817741 4.82606431518226 4.12934380518226
Te 11.129343805182259 9.780494664817741 0.8260643151822601
Pd 7.028577661851837 4.028577661851837 0.028577661851837
Pd 10.274701828148162 10.577981318148163 3.3318571518518367
Pd 10.331857151851837 7.274701828148162 6.577981318148163
Pd 13.577981318148163 7.331857151851837 3.2747018281481624
