mp-1186936.cif
Sc 8.58115817 8.743474509999999 4.743474509999999
Sc 8.58115817 5.58115817 4.743474509999999
Sc 8.58115817 5.58115817 1.58115817
Sc 8.58115817 8.743474509999999 1.58115817
Sc 11.743474509999999 8.743474509999999 1.58115817
Sc 11.743474509999999 5.58115817 1.58115817
Sc 11.743474509999999 5.58115817 4.743474509999999
Sc 11.743474509999999 8.743474509999999 4.743474509999999
Co 10.16231634 4.0 0.0
Co 10.16231634 7.16231634 3.16231634
Co 7.0 4.0 3.16231634
Co 7.0 7.16231634 0.0
Ni 7.0 4.0 0.0
Ni 7.0 7.16231634 3.16231634
Ni 10.16231634 4.0 3.16231634
Ni 10.16231634 7.16231634 0.0
