mp-17367.cif
Mn 10.085262041614993 9.8508079975 10.243864686210998
Mn 13.208909651614992 5.9502693325 9.781747778789002
Mn 10.162033178385007 5.9502693325 3.1065436237890016
Mn 7.038385568385007 9.8508079975 3.5686605312109987
Mn 10.123647609999999 7.900538664999999 6.675204155
Mn 7.0 7.900538664999999 0.0
Mn 10.123647609999999 4.0 6.675204155
Mn 7.0 4.0 0.0
Si 10.713492735275137 9.8508079975 1.1857382752181957
Si 7.589845125275137 5.9502693325 5.489465879781805
Si 9.533802484724863 5.9502693325 12.164670034781805
Si 12.657450094724862 9.8508079975 7.860942430218195
Se 8.666238910753753 9.8508079975 7.907015623824587
Se 11.789886520753754 5.9502693325 12.118596841175414
Se 11.581056309246247 5.9502693325 5.443392686175413
Se 8.457408699246248 9.8508079975 1.231811468824587
Se 11.734325513512209 9.8508079975 5.7609262736491065
Se 8.610677903512208 5.9502693325 0.9142778813508934
Se 8.512969706487791 5.9502693325 7.589482036350895
Se 11.63661731648779 9.8508079975 12.43613042864911
Se 11.682027843401784 11.643460073032147 8.912663966657288
Se 8.558380233401785 4.157617256967852 11.112948498342718
Se 8.565267376598216 7.742921408032148 4.437744343342715
Se 11.688914986598215 8.058155921967852 2.237459811657287
Se 8.565267376598216 4.157617256967852 4.437744343342715
Se 11.688914986598215 11.643460073032147 2.237459811657287
Se 11.682027843401784 8.058155921967852 8.912663966657288
Se 8.558380233401785 7.742921408032148 11.112948498342718
