mp-1227335.cif
Bi 6.999999978415949 6.492311566566091 2.039772405554545
Bi 6.999999978415949 6.492311566566091 7.852909278479395
Bi 7.0 4.0 12.0959368549929
Bi 7.0 4.0 17.90907372791775
Bi 9.158405141584051 5.246155764590709 22.152101304431255
Bi 9.158405141584051 5.246155764590709 27.965238177356103
Te 9.158405141584051 5.246155764590709 9.916363649864254
Te 9.158405141584051 5.246155764590709 3.811889633761355
Te 6.999999978415949 6.492311566566091 19.972528400987546
Te 6.999999978415949 6.492311566566091 13.868054384884646
Te 7.0 4.0 30.028692850425898
Te 7.0 4.0 23.924218834322996
S 7.0 4.0 6.5475888508341
S 9.158405141584051 5.246155764590709 16.603753300272455
S 6.999999978415949 6.492311566566091 26.659918051395742
