mp-1187916.cif
Zn 7.0 4.0 0.0
Zn 7.0 7.16370257 3.16370257
Zn 10.16370257 4.0 3.16370257
Zn 10.16370257 7.16370257 0.0
In 10.16370257 4.0 0.0
In 10.16370257 7.16370257 3.16370257
In 7.0 4.0 3.16370257
In 7.0 7.16370257 0.0
Pd 8.581851284999999 8.745553855 4.745553855
Pd 8.581851284999999 5.581851285 4.745553855
Pd 8.581851284999999 5.581851285 1.581851285
Pd 8.581851284999999 8.745553855 1.581851285
Pd 11.745553855 8.745553855 1.581851285
Pd 11.745553855 5.581851285 1.581851285
Pd 11.745553855 5.581851285 4.745553855
Pd 11.745553855 8.745553855 4.745553855
