mp-1216799.cif
Ti 6.9999999846773315 5.7693093539352205 2.5375854907517086
Ti 8.532266839999998 6.653964017633012 7.61275632
Ti 8.532266855322668 4.88465466369779 12.68792714924829
Nb 7.0 4.0 0.0
Nb 8.532266855322668 4.88465466369779 5.075170829248291
Nb 6.9999999846773315 5.7693093539352205 10.150341810751708
N 7.0 4.0 3.7086608198764797
N 8.532266855322668 4.88465466369779 1.3665100093718112
N 8.532266855322668 4.88465466369779 8.783831649124775
N 6.9999999846773315 5.7693093539352205 6.441680990875229
N 6.9999999846773315 5.7693093539352205 13.859002630628188
N 7.0 4.0 11.51685182012352
