mp-1220458.cif
Nb 8.179186500851664 15.949676145333001 2.0462604987648847
Nb 8.179186500851664 9.397171703217001 2.0462604987648847
Nb 5.834216000851663 13.769790527464 2.0462604987648847
V 5.834216000851663 7.259577691291 2.0462604987648847
V 9.3449705 11.574870497509998 0.0
V 9.3449705 5.098826779712001 0.0
Si 5.807881079039058 15.988557347842 3.4551681474584734
Si 5.816604162504813 9.410227560637999 3.4257470140072317
Si 8.20560966071939 13.722070913002002 3.451157476880894
Si 8.212187296578858 7.213133723915 3.461896251978412
Si 7.004818618170596 11.577460842103001 1.291661014635358
Si 6.974707795444637 5.1392179318330005 1.3205910455668959
Si 10.55049192266427 15.988557347842 0.6373528500712963
Si 10.541768839198514 9.410227560637999 0.6667739835225376
Si 8.152763340983938 13.722070913002002 0.6413635206488754
Si 8.14618570512447 7.213133723915 0.6306247455513573
Si 9.353554383532732 11.577460842103001 2.800859982894411
Si 9.38366520625869 5.1392179318330005 2.7719299519628735
