mp-1027608.cif
Mo 8.608388191083883 4.928603336511627 3.329711938073805
Mo 8.608388191083883 4.928603336511627 16.538233872436535
Mo 7.0 4.0 9.894746753348018
Mo 7.0 4.0 23.132728160251492
Se 7.0 4.0 14.84870287191498
Se 7.0 4.0 18.227654711853873
S 8.608388191083883 4.928603336511627 11.436838906297165
S 8.608388191083883 4.928603336511627 24.672886334709897
S 7.0 4.0 1.7887157649281535
S 7.0 4.0 4.871713639253683
S 8.608388191083883 4.928603336511627 8.35287773822656
S 8.608388191083883 4.928603336511627 21.591661948576338
