mp-1095673.cif
Cr 7.90016625 4.15012985292 4.556814547824
Cr 7.90016625 7.02794485292 5.518926952176
Cr 9.70049875 9.60550014708 2.160346452176
Cr 9.70049875 6.72768514708 1.198234047824
Co 7.90016625 4.83766287894 0.387902613428
Co 7.90016625 7.71547787894 2.970677886572
Co 9.70049875 8.91796712106 6.329258386572
Co 9.70049875 6.04015212106 3.746483113428
Si 7.90016625 5.50007258001 2.520117595336
Si 7.90016625 8.37788758001 0.838462904664
Si 9.70049875 8.25555741999 4.197043404664
Si 9.70049875 5.37774241999 5.8786980953359995
