mp-1215345.cif
Zr 8.359274 6.2769095 8.354525038008001
Zr 8.359274 10.8307285 3.8087232875280015
Zr 8.359274 6.2769095 5.305300712472
Zr 8.359274 10.8307285 0.7594989619920001
Zr 8.338175348972 12.350643006173 6.762687834216001
Zr 11.098920651028 12.350643006173 2.351336165784
Zr 11.098920651028 4.756994993827 6.762687834216001
Zr 8.338175348972 4.756994993827 2.351336165784
Zr 11.077822000000001 10.8307285 8.354525038008001
Zr 11.077822000000001 6.2769095 3.8087232875280015
Zr 11.077822000000001 10.8307285 5.305300712472
Zr 11.077822000000001 6.2769095 0.7594989619920001
Zr 11.056723348972 7.796824006173 6.762687834216001
Zr 8.380372651028 7.796824006173 2.351336165784
Zr 8.380372651028 9.310813993827 6.762687834216001
Zr 11.056723348972 9.310813993827 2.351336165784
Co 7.0 4.0 4.557012
Co 7.0 4.0 0.0
Co 9.718548 4.0 4.557012
Co 9.718548 8.553819 4.557012
Co 9.718548 8.553819 0.0
Co 7.0 8.553819 4.557012
Cu 9.718548 4.0 0.0
Cu 7.0 8.553819 0.0
