mp-1066400.cif
Na 7.0 4.0 0.0019124769331199999
Na 8.895715573957157 5.094491875041292 4.982321107129035
Na 6.999999981042845 6.18898378291734 9.962729886737211
N 6.999999981042845 6.18898378291734 1.3599006398780866
N 6.999999981042845 6.18898378291734 2.542663034430528
N 6.999999981042845 6.18898378291734 3.7304905046105277
N 7.0 4.0 6.340309270074
N 7.0 4.0 7.523071664626441
N 7.0 4.0 8.71089913480644
N 8.895715573957157 5.094491875041292 11.320717900269914
N 8.895715573957157 5.094491875041292 12.503480294822353
N 8.895715573957157 5.094491875041292 13.691307765002353
