mp-1184997.cif
K 11.04054542 4.0 0.0
K 11.04054542 8.04054542 4.04054542
K 7.0 4.0 4.04054542
K 7.0 8.04054542 0.0
Rb 7.0 4.0 0.0
Rb 7.0 8.04054542 4.04054542
Rb 11.04054542 4.0 4.04054542
Rb 11.04054542 8.04054542 0.0
Au 9.02027271 10.060818129999998 6.060818129999998
Au 9.02027271 6.02027271 6.060818129999998
Au 9.02027271 6.02027271 2.02027271
Au 9.02027271 10.060818129999998 2.02027271
Au 13.060818129999998 10.060818129999998 2.02027271
Au 13.060818129999998 6.02027271 2.02027271
Au 13.060818129999998 6.02027271 6.060818129999998
Au 13.060818129999998 10.060818129999998 6.060818129999998
