mp-1187097.cif
Sr 8.854911999999999 9.564736 5.564736
Sr 8.854911999999999 5.854912 5.564736
Sr 8.854911999999999 5.854912 1.8549119999999995
Sr 8.854911999999999 9.564736 1.8549119999999995
Sr 12.564736 9.564736 1.8549119999999995
Sr 12.564736 5.854912 1.8549119999999995
Sr 12.564736 5.854912 5.564736
Sr 12.564736 9.564736 5.564736
Pd 10.709824 4.0 0.0
Pd 10.709824 7.709823999999999 3.709823999999999
Pd 7.0 4.0 3.709823999999999
Pd 7.0 7.709823999999999 0.0
Pt 7.0 4.0 0.0
Pt 7.0 7.709823999999999 3.709823999999999
Pt 10.709824 4.0 3.709823999999999
Pt 10.709824 7.709823999999999 0.0
