mp-1104854.cif
Ni 9.007508510000001 11.962694977543965 4.01501702
Ni 11.082356082456036 8.01501702 6.02252553
Ni 11.01501702 6.00750851 7.962694977543965
Ni 13.02252553 8.082356082456036 4.01501702
Ni 14.962694977543965 8.01501702 2.00750851
Ni 11.01501702 10.02252553 4.082356082456036
Ni 13.02252553 7.947677957543965 0.0
Ni 7.067339062456036 4.0 2.00750851
Ni 7.0 10.02252553 3.9476779575439642
Ni 9.007508510000001 4.067339062456036 0.0
Ni 10.947677957543965 4.0 6.02252553
Ni 7.0 6.00750851 0.067339062456036
Pb 9.0363681311384 9.993665908861601 1.9786488085612612
Pb 8.97864880856126 6.036368131138398 5.993665908861602
Pb 12.993665908861601 5.978648888861602 2.0363681311383983
Pb 9.0363681311384 6.036368131138398 2.0363681311383983
Pb 13.051385151138398 5.978648888861602 5.993665908861602
Pb 12.993665908861601 10.051385151138398 1.9786488888616016
Pb 8.978648888861601 9.993665908861601 6.0513851511383985
Pb 13.051385151138398 10.051385151138398 6.0513851511383985
S 10.894719481548462 8.135314558451539 0.120297538451538
S 7.120297538451538 7.894719481548462 4.1353145584515385
S 11.135314558451539 4.120297538451538 3.8947194815484623
S 10.894719481548462 7.894719481548462 3.8947194815484623
S 14.909736501548462 4.120297538451538 4.1353145584515385
S 11.135314558451539 11.909736501548462 0.120297538451538
S 7.120297538451538 8.135314558451539 7.909736501548462
S 14.909736501548462 11.909736501548462 7.909736501548462
