mp-1105830.cif
Zr 4.044707743785258 4.0 5.84555898511754
Zr 16.28916025500233 4.0 1.0840960175883119
Zr 6.282965161206043 5.8249580000000005 3.977795212928228
Zr 14.05090283758154 5.8249580000000005 2.9518597897776258
Zr 9.483614743785257 5.8249580000000005 5.84555898511754
Zr 10.850253255002325 5.8249580000000005 1.0840960175883119
Zr 11.721872161206043 4.0 3.977795212928228
Zr 8.61199583758154 4.0 2.9518597897776258
Cu 7.2445573231645914 4.0 5.883665157977422
Cu 13.089310675622993 4.0 1.0459898447284324
Cu 12.683464323164591 5.8249580000000005 5.883665157977422
Cu 7.650403675622993 5.8249580000000005 1.0459898447284324
H 6.548036636950492 4.0 2.934993009501039
H 13.785831361837092 4.0 3.994661993204814
H 16.012277604402254 5.8249580000000005 2.2733426201876825
H 4.321590394385329 5.8249580000000005 4.656312382518172
H 15.783911095674364 5.8249580000000005 0.13510055393275333
H 4.549956903113222 5.8249580000000005 6.7945544487731
H 5.811853389213823 4.0 4.870688189681879
H 14.522014609573764 4.0 2.058966813023974
H 7.2471688469955176 5.8249580000000005 5.958380698216594
H 13.086699151792066 5.8249580000000005 0.9712743044892578
H 11.986943636950492 5.8249580000000005 2.934993009501039
H 8.346924361837091 5.8249580000000005 3.994661993204814
H 10.573370604402255 4.0 2.2733426201876825
H 9.76049739438533 4.0 4.656312382518172
H 10.345004095674364 4.0 0.13510055393275333
H 9.988863903113224 4.0 6.7945544487731
H 11.250760389213823 5.8249580000000005 4.870688189681879
H 9.083107609573762 5.8249580000000005 2.058966813023974
H 12.686075846995518 4.0 5.958380698216594
H 7.647792151792065 4.0 0.9712743044892578
