mp-1215291.cif
Zr 9.455975679559756 5.417958191357835 7.377242606490718
Zr 6.999999975440244 6.835916425254418 0.55942387350928
Ti 6.999999975440244 6.835916425254418 3.5574837629963194
Ti 9.455975679559756 5.417958191357835 4.379182717003678
Fe 7.0 4.0 3.9683332399999993
Fe 7.0 4.0 0.0
Fe 10.669092549908974 4.717564839703238 2.0390089853768005
Fe 9.455975655 6.818744937205777 2.0390089853768005
Fe 8.242858760091025 4.717564839703238 2.0390089853768005
Fe 5.786883105091026 7.536309776909015 5.897657494623201
Fe 7.0 5.435129679406476 5.897657494623201
Fe 8.213116894908977 7.536309776909015 5.897657494623201
