mp-16718.cif
Al 10.26803462 10.240079283469537 0.0
Al 10.26803462 5.330817176530464 4.48858908
Al 10.26803462 5.330817176530464 0.0
Al 10.26803462 10.240079283469537 4.48858908
Al 7.878265153442127 4.0 5.391895189404599
Al 12.657804086557874 4.0 0.9033061094046
Al 7.878265153442127 4.0 8.0738720505954
Al 12.657804086557874 4.0 3.5852829705954
Al 8.36094687322204 5.373852196151148 2.24429454
Al 12.17512236677796 10.197044263848852 6.732883619999999
Al 8.36094687322204 10.197044263848852 2.24429454
Al 12.17512236677796 5.373852196151148 6.732883619999999
Al 7.0 6.454631053469537 0.0
Al 7.0 9.116265406530463 4.48858908
Al 7.0 9.116265406530463 0.0
Al 7.0 6.454631053469537 4.48858908
Al 11.146299773442127 7.78544823 5.391895189404599
Al 9.389769466557873 7.78544823 0.9033061094046
Al 11.146299773442127 7.78544823 8.0738720505954
Al 9.389769466557873 7.78544823 3.5852829705954
Al 11.628981493222039 9.159300426151148 2.24429454
Al 8.907087746777961 6.411596033848852 6.732883619999999
Al 11.628981493222039 6.411596033848852 2.24429454
Al 8.907087746777961 9.159300426151148 6.732883619999999
Tc 10.545524354633894 4.0 2.24429454
Tc 9.990544885366106 4.0 6.732883619999999
Tc 7.277489734633893 7.78544823 2.24429454
Tc 13.258579505366107 7.78544823 6.732883619999999
