mp-1030331.cif
Te 8.778748737787488 5.026961042043092 13.105132343324998
Te 8.778748737787488 5.026961042043092 28.167355815075
Te 7.0 4.0 1.9536044098499998
Te 7.0 4.0 17.01141938685
Te 7.0 4.0 5.57578400535
Te 7.0 4.0 20.633478750675
Te 8.778748737787488 5.026961042043092 9.482271435
Te 8.778748737787488 5.026961042043092 24.535517608350002
Mo 8.778748737787488 5.026961042043092 3.7638926631
Mo 8.778748737787488 5.026961042043092 18.823030188525
Mo 7.0 4.0 11.2939223139
W 7.0 4.0 26.3526991443
