mp-18411.cif
Na 11.222297575100576 7.2221368666130505 3.8892681544813588
Na 11.040540319095232 13.172315171613048 3.411616123596212
Na 6.9217359690952325 12.678219743386949 3.411616123596212
Na 7.103493225100578 6.728041438386949 3.8892681544813588
Na 11.965481452694128 10.655674643135296 5.624497794300741
Na 10.29735644150168 4.705496338135294 1.6763864837768305
Na 6.178552091501682 9.244681966864704 1.6763864837768305
Na 7.846677102694128 15.194860271864705 5.624497794300741
Na 7.173633727361554 5.937978905113239 0.0396221910124981
Na 6.851595466834256 11.888157210113237 7.261262087065072
Na 10.970399816834258 13.96237770488676 7.261262087065072
Na 11.292438077361552 8.01219939988676 0.0396221910124981
Ge 4.60884040095703 15.78248750489563 4.81429866153955
Ge 9.41638879323878 9.832309199895631 2.486585616538021
Ge 13.535193143238779 4.1178691051043685 2.486585616538021
Ge 8.72764475095703 10.068047410104366 4.81429866153955
Se 9.936897256145933 8.527734748588571 6.122231126419269
Se 12.325940638049875 14.477913053588571 1.1786531516583019
Se 8.207136288049876 11.372621861411428 1.1786531516583019
Se 5.818092906145935 5.422443556411428 6.122231126419269
Se 6.426293653608854 9.590953902363408 4.8890742453067775
Se 7.5989355405869565 15.541132207363408 2.4118100327707928
Se 11.717739890586957 10.309402707636593 2.4118100327707928
Se 10.545098003608853 4.359224402636592 4.8890742453067775
Se 9.17604728154219 12.301918329015006 5.44673725106612
Se 13.086790612653619 6.351740024015006 1.8541470270114502
Se 8.96798626265362 7.598438280984993 1.8541470270114502
Se 5.057242931542191 13.548616585984993 5.44673725106612
