mp-1554.cif
K 13.241387562665984 4.0 0.0
K 8.653341298667009 6.8636711315431675 0.0
K 3.8793062186670086 9.405200184132983 0.0
K 10.048719521400248 4.0 3.285591525
K 10.249675319299877 9.62860276113 3.285591525
K 5.475640239299877 6.64026855454615 3.285591525
Te 7.0 4.0 1.400190575614542
Te 7.0 4.0 5.170992474385459
Te 6.9999999522596505 9.512580904680338 1.8791650280946688
Te 6.9999999522596505 9.512580904680338 4.692018021905331
Te 11.774035127740351 6.756290410995812 4.692018021905331
Te 11.774035127740351 6.756290410995812 1.8791650280946688
