mp-1215333.cif
Zr 7.0 4.0 0.0
Zr 7.0 7.378607000000001 3.378607
Zr 10.378607 4.0 3.378607
Zr 10.378607 7.378607000000001 0.0
Al 8.6893035 5.6893035 5.0679105
Al 8.6893035 9.0679105 1.6893035
Al 12.0679105 5.6893035 1.6893035
Al 12.0679105 9.0679105 5.0679105
Co 12.923961670018002 6.545354670018 5.923961670018001
Co 9.545354670018 4.833252329982 0.833252329982
Co 11.211859329982001 4.833252329982 5.923961670018001
Co 7.833252329982 6.545354670018 0.833252329982
Co 12.923961670018002 9.923961670018002 2.545354670018
Co 9.545354670018 8.211859329982001 4.211859329982001
Co 11.211859329982001 8.211859329982001 2.545354670018
Co 7.833252329982 9.923961670018002 4.211859329982001
Co 9.545354670018 6.545354670018 2.545354670018
Co 12.923961670018002 4.833252329982 4.211859329982001
Co 7.833252329982 4.833252329982 2.545354670018
Co 11.211859329982001 6.545354670018 4.211859329982001
Co 9.545354670018 9.923961670018002 5.923961670018001
Co 12.923961670018002 8.211859329982001 0.833252329982
Co 7.833252329982 8.211859329982001 5.923961670018001
Co 11.211859329982001 9.923961670018002 0.833252329982
