mp-1217791.cif
Ta 9.39632403896324 5.383518301290632 7.772895067338
Ta 6.99999997603676 6.767036644086813 0.550313932662
Ta 6.99999997603676 6.767036644086813 3.611290567338
Ta 9.39632403896324 5.383518301290632 4.711918432662
Cr 7.0 5.421083604418111 6.242406750000001
Cr 8.16562951267236 7.440013143168388 6.242406750000001
Cr 5.834370487327641 7.440013143168388 6.242406750000001
Cr 9.396324015000001 6.729471340959334 2.08080225
Cr 8.23069450232764 4.710541802209056 2.08080225
Cr 10.56195352767236 4.710541802209056 2.08080225
Cu 7.0 4.0 0.0
Cu 7.0 4.0 4.1616045
