mp-1220599.cif
Nb 9.44754059 10.979749199776329 6.584207438379391
Nb 9.44754059 5.3459694457578015 5.6113626040285185
Nb 9.44754059 5.3459694457578015 2.457859925971481
Nb 9.44754059 10.979749199776329 1.485015091620609
Nb 7.0 6.746402839776328 6.584207438379391
Nb 7.0 9.579315805757801 5.6113626040285185
Nb 7.0 9.579315805757801 2.457859925971481
Nb 7.0 6.746402839776328 1.485015091620609
V 9.44754059 6.91639100018973 0.0
V 8.238926200595458 11.733316601954028 4.034611265
V 10.656154979404544 11.733316601954028 4.034611265
V 9.44754059 9.68520695360137 4.034611265
V 7.0 11.149737360189729 0.0
V 10.686466790595457 7.499970241954028 4.034611265
V 8.208614389404543 7.499970241954028 4.034611265
V 7.0 5.451860593601371 4.034611265
Ni 9.44754059 8.232536436174405 6.0978433616828465
Ni 9.44754059 8.232536436174405 1.9713791683171529
Ni 10.648297101389536 4.806843896784446 0.0
Ni 8.246784078610464 4.806843896784446 0.0
Ni 7.0 12.465882796174403 6.0978433616828465
Ni 7.0 12.465882796174403 1.9713791683171529
Ni 8.200756511389535 9.040190256784445 0.0
Ni 10.694324668610463 9.040190256784445 0.0
