mp-1207251.cif
Rb 8.51220926311446 4.523624241098913 4.904890796847722
Rb 12.72620023710585 13.641754328901087 4.60708841985413
Rb 11.445160962216004 4.523624241098913 9.363078028205058
Rb 9.793248538004306 13.641754328901087 0.14890118849679596
Rb 9.978685112665232 10.687004985600398 7.13398441252639
Rb 11.259724387555078 7.478373584399602 2.3779948041754633
Rb 13.412453288114463 9.606313526098914 4.904890796847722
Rb 7.825956212105849 8.559065043901086 4.60708841985413
Rb 6.544916937216004 9.606313526098914 9.363078028205058
Rb 14.693492563004307 8.559065043901086 0.14890118849679596
Rb 5.078441087665233 5.604315700600398 7.13398441252639
Rb 6.359480362555077 12.561062869399601 2.3779948041754633
Bi 8.77721562069116 6.880141665477816 8.017252249261123
Bi 12.461193879529151 11.285236904522183 1.4947269674407309
Bi 11.180154604639306 6.880141665477816 6.250716575791657
Bi 10.058254895581006 11.285236904522183 3.261262640910196
Bi 13.677459645691162 11.962830950477816 8.017252249261123
Bi 7.56094985452915 6.202547619522184 1.4947269674407309
Bi 6.279910579639305 11.962830950477816 6.250716575791657
Bi 14.958498920581007 6.202547619522184 3.261262640910196
