mp-23539.cif
K 7.0 4.0 3.515887585
K 11.016417095000001 8.016417095000001 3.515887585
K 11.016417095000001 8.016417095000001 10.547662755000001
K 7.0 4.0 10.547662755000001
Sn 9.604254323142346 5.4121627718576555 0.0
Sn 8.412162771857655 9.428579866857657 0.0
Sn 12.428579866857657 10.620671418142344 0.0
Sn 13.620671418142344 6.604254323142346 0.0
Sn 13.620671418142344 9.428579866857657 7.03177517
Sn 12.428579866857657 5.4121627718576555 7.03177517
Sn 8.412162771857655 6.604254323142346 7.03177517
Sn 9.604254323142346 10.620671418142344 7.03177517
Cl 13.665605245049342 6.649188150049341 5.135672324679371
Cl 9.64918815004934 10.665605245049342 1.8961028453206294
Cl 12.383646039950662 5.36722894495066 1.8961028453206294
Cl 13.665605245049342 9.383646039950662 1.8961028453206294
Cl 8.367228944950659 6.649188150049341 1.8961028453206294
Cl 12.383646039950662 10.665605245049342 5.135672324679371
Cl 7.0 4.0 0.0
Cl 11.016417095000001 8.016417095000001 0.0
Cl 8.367228944950659 9.383646039950662 5.135672324679371
Cl 9.64918815004934 5.36722894495066 5.135672324679371
Cl 9.64918815004934 10.665605245049342 12.16744749467937
Cl 13.665605245049342 6.649188150049341 8.92787801532063
Cl 8.367228944950659 9.383646039950662 8.92787801532063
Cl 9.64918815004934 5.36722894495066 8.92787801532063
Cl 12.383646039950662 10.665605245049342 8.92787801532063
Cl 8.367228944950659 6.649188150049341 12.16744749467937
Cl 11.016417095000001 8.016417095000001 7.03177517
Cl 7.0 4.0 7.03177517
Cl 12.383646039950662 5.36722894495066 12.16744749467937
Cl 13.665605245049342 9.383646039950662 12.16744749467937
