mp-22510.cif
Fe 7.0 4.0 0.0
Fe 6.402417881033072 4.0 2.3734261603673277
Fe 14.786267319596664 5.9831577949999994 1.7293737121752817
Fe 15.48909848746948 4.0 3.0174786085593737
Fe 12.823510015 5.9831577949999994 0.0
Fe 12.225927896033072 5.9831577949999994 2.3734261603673277
Fe 8.962757304596664 4.0 1.7293737121752817
Fe 9.66558847246948 5.9831577949999994 3.0174786085593737
Ge 16.28017185188238 4.0 0.7170287044986154
Ge 13.995193955183762 5.9831577949999994 4.0298236162360395
Ge 13.274379739420326 4.0 1.3889735145217286
Ge 17.00098606764582 5.9831577949999994 3.3578788062129266
Ge 10.45666183688238 5.9831577949999994 0.7170287044986154
Ge 8.171683940183764 4.0 4.0298236162360395
Ge 7.450869724420325 5.9831577949999994 1.3889735145217286
Ge 11.177476052645819 4.0 3.3578788062129266
