mp-29658.cif
Zr 8.75424559 7.785487155092728 3.2196640875
Zr 7.0 5.448752544907272 1.0732213625
Zr 7.0 13.019726855092728 3.2196640875
Zr 8.75424559 10.682992244907272 1.0732213625
Ni 8.75424559 4.724304563369746 3.2196640875
Ni 7.0 8.509935136630254 1.0732213625
Ni 7.0 9.95854436805454 3.2196640875
Ni 8.75424559 13.74417473194546 1.0732213625
H 8.75424559 5.955943357956074 0.0064063158858895
H 7.0 7.278296342043927 4.28647913411411
H 7.0 7.278296342043927 2.152849040885889
H 8.75424559 5.955943357956074 2.1400364091141104
H 7.0 4.723629346448446 3.2196640875
H 8.75424559 8.51061024886676 1.0732213625
H 7.0 11.190183057956073 0.0064063158858895
H 8.75424559 12.512536042043926 4.28647913411411
H 8.75424559 12.512536042043926 2.152849040885889
H 7.0 11.190183057956073 2.1400364091141104
H 8.75424559 9.95786915113324 3.2196640875
H 7.0 13.74484994886676 1.0732213625
