mp-2070.cif
Co 7.0 6.762032935000001 2.762032935
Co 9.762032935 6.762032935000001 0.0
Co 9.762032935 4.0 2.762032935
Co 7.0 4.0 0.0
S 9.159224052873558 4.6028088821264435 4.921256987873557
S 7.6028088821264435 8.921256987873557 2.159224052873557
S 11.921256987873557 6.159224052873557 0.6028088821264431
S 10.364841817126443 7.364841817126443 3.364841817126443
S 9.159224052873558 6.159224052873557 2.159224052873557
S 7.6028088821264435 7.364841817126443 4.921256987873557
S 11.921256987873557 4.6028088821264435 3.364841817126443
S 10.364841817126443 8.921256987873557 0.6028088821264431
