mp-27369.cif
Rb 10.29519559482134 9.24093388 2.2448101258004023
Rb 7.363503916968143 5.74697796 5.4046451027527995
Ge 10.517358605044429 9.24093388 6.73153406416802
Ge 7.141340906745056 5.74697796 0.9179211643851821
Cl 7.013934836396562 9.24093388 6.659607996028637
Cl 10.644764675392922 5.74697796 0.9898472325245653
Cl 7.385665447008756 7.458694916855361 2.464651338363198
Cl 10.27303406478073 10.952650836855359 5.184803890190005
Cl 7.385665447008756 4.03526100314464 2.464651338363198
Cl 10.27303406478073 7.52921692314464 5.184803890190005
