mp-27821.cif
Ag 17.209884292858888 7.790720255 0.1905916326429415
Ag 5.587304439707051 7.790720255 4.639387124645259
Ag 13.502628508699452 7.790720255 0.03356667970632282
Ag 10.696785522858892 4.0 0.1905916326429415
Ag 12.10040320970705 4.0 4.639387124645259
Ag 6.989529738699451 4.0 0.03356667970632282
P 10.899563432186344 7.790720255 0.2540021809048479
P 19.744213390246415 7.790720255 0.3021798119799421
P 12.263961827856566 7.790720255 4.21892756706008
P 5.568938218497371 5.847706831545585 3.07595470231349
P 5.568938218497371 9.733733678454415 3.07595470231349
P 8.809737950950781 6.661334972588374 2.9031852216900274
P 8.809737950950781 8.920105537411626 2.9031852216900274
P 16.981618109407798 9.899484362077988 1.5734178977794941
P 16.981618109407798 5.681956147922013 1.5734178977794941
P 7.187991965374312 6.060733179571768 1.5395993251046496
P 7.187991965374312 9.52070733042823 1.5395993251046496
P 17.412662202186347 4.0 0.2540021809048479
P 13.231114620246416 4.0 0.3021798119799421
P 5.750863057856566 4.0 4.21892756706008
P 12.082036988497372 9.638427086545587 3.07595470231349
P 12.082036988497372 5.943013423454415 3.07595470231349
P 15.32283672095078 10.452055227588374 2.9031852216900274
P 15.32283672095078 5.129385282411626 2.9031852216900274
P 10.468519339407798 6.108764107077987 1.5734178977794941
P 10.468519339407798 9.472676402922012 1.5734178977794941
P 13.701090735374311 9.85145343457177 1.5395993251046496
P 13.701090735374311 5.729987075428231 1.5395993251046496
