mp-29585.cif
K 7.0 4.0 5.78783740043376
K 9.89898385398984 5.67372907500283 3.4727785069600796
K 6.999999971010163 7.347458200217533 1.6219251226260005
K 6.999999971010163 7.347458200217533 7.63869106258632
K 9.89898385398984 5.67372907500283 15.0484533078276
K 6.999999971010163 7.347458200217533 12.7333946921724
K 7.0 4.0 10.88254103001984
K 7.0 4.0 16.89930696998016
K 6.999999971010163 7.347458200217533 24.309069493039917
K 7.0 4.0 21.994010599566238
K 9.89898385398984 5.67372907500283 20.14315693741368
K 9.89898385398984 5.67372907500283 26.159922877374008
Cd 7.0 4.0 0.0
Cd 9.89898385398984 5.67372907500283 9.26061590739384
Cd 6.999999971010163 7.347458200217533 18.521232092606162
As 9.89898385398984 5.67372907500283 6.77527289951832
As 7.0 4.0 2.48534300787552
As 6.999999971010163 7.347458200217533 16.035889084730638
As 9.89898385398984 5.67372907500283 11.745958915269359
As 7.0 4.0 25.296504992124486
As 6.999999971010163 7.347458200217533 21.006575100481687
