mp-22075.cif
In 11.758512185 11.1377682775 0.0
In 14.1377682775 8.758512185 0.0
In 14.1377682775 4.0 4.758512185
In 7.0 8.758512185 2.3792560925
In 11.758512185 4.0 2.3792560925
In 7.0 11.1377682775 4.758512185
In 14.968684733516438 5.548339636483561 1.5483396364835609
In 14.968684733516438 11.968684733516438 7.968684733516438
In 8.548339636483561 11.968684733516438 1.5483396364835609
In 13.306851821483562 10.306851821483562 6.306851821483563
In 14.968684733516438 11.968684733516438 1.5483396364835609
In 10.21017254851644 10.306851821483562 3.210172548516439
In 13.306851821483562 10.306851821483562 3.210172548516439
In 13.306851821483562 7.210172548516439 3.210172548516439
In 7.0 6.3792560925 4.758512185
In 9.3792560925 4.0 4.758512185
In 9.3792560925 8.758512185 0.0
In 11.758512185 4.0 7.137768277499999
In 7.0 8.758512185 7.137768277499999
In 11.758512185 6.3792560925 0.0
In 10.21017254851644 10.306851821483562 6.306851821483563
In 10.21017254851644 7.210172548516439 3.210172548516439
In 13.306851821483562 7.210172548516439 6.306851821483563
In 8.548339636483561 5.548339636483561 1.5483396364835609
In 10.21017254851644 7.210172548516439 6.306851821483563
In 14.968684733516438 5.548339636483561 7.968684733516438
In 8.548339636483561 5.548339636483561 7.968684733516438
In 8.548339636483561 11.968684733516438 7.968684733516438
Pt 7.0 10.228297921652606 0.0
Pt 7.0 4.0 3.288726448347394
Pt 13.228297921652606 4.0 0.0
Pt 10.288726448347393 4.0 0.0
Pt 7.0 7.2887264483473935 0.0
Pt 7.0 4.0 6.228297921652606
Pt 11.758512185 5.4697857366526055 4.758512185
Pt 11.758512185 8.758512185 8.047238633347392
Pt 8.469785736652605 8.758512185 4.758512185
Pt 15.047238633347392 8.758512185 4.758512185
Pt 11.758512185 12.047238633347392 4.758512185
Pt 11.758512185 8.758512185 1.469785736652606
