mp-23714.cif
Sr 7.963296255 8.828720607674574 2.8373609984559796
Sr 9.889888765000002 5.5198781623254245 4.465376851544021
Sr 7.963296255 5.654421222674576 0.8140079265440204
Sr 9.889888765000002 8.694177547325424 6.4887299234559785
H 7.963296255 7.341942579158214 4.955580359435742
H 9.889888765000002 7.006656190841786 2.347157490564258
H 7.963296255 4.167643194158214 5.998526415564258
H 9.889888765000002 10.180955575841786 1.3042114344357418
H 9.889888765000002 6.253538552085463 6.774351393040525
H 7.963296255 8.095060217914536 0.5283864569594745
H 9.889888765000002 9.427837937085464 4.179755381959475
H 7.963296255 4.920760832914537 3.1229824680405254
