mp-28995.cif
Cu 16.708520355282843 10.234150197130884 1.7897692262670324
Cu 12.933254892869117 7.624817810282844 0.3667991637670325
Cu 13.234150197130884 12.542587279717157 0.3667991637670325
Cu 9.458884734717156 9.933254892869117 1.7897692262670324
Cu 15.542587279717157 9.933254892869117 5.325081086232967
Cu 13.234150197130884 6.458884734717157 3.9021110237329673
Cu 12.933254892869117 13.708520355282845 3.9021110237329673
Cu 10.624817810282844 10.234150197130884 5.325081086232967
Cu 10.624817810282844 4.150447652130883 4.635709351267032
Cu 19.016957437869117 13.708520355282845 3.212739288767032
Cu 7.150447652130883 6.458884734717157 3.212739288767032
Cu 15.542587279717157 16.016957437869117 4.635709351267032
Cu 9.458884734717156 16.016957437869117 2.4791409612329676
Cu 7.150447652130883 12.542587279717157 1.0561708987329674
Cu 19.016957437869117 7.624817810282844 1.0561708987329674
Cu 16.708520355282843 4.150447652130883 2.4791409612329676
Si 13.083702545000001 10.083702545000001 2.845940125
Si 7.0 10.083702545000001 4.2689101874999995
Si 7.0 4.0 0.0
Si 13.083702545000001 4.0 1.4229700625
P 8.39141151788026 9.002763539275948 5.669497613942505
P 12.002763539275948 8.692291027119742 4.246527551442505
P 12.002763539275948 14.775993572119742 0.022382636057495
P 14.475114062880259 9.002763539275948 1.445352698557495
P 11.692291027119742 11.164641550724053 1.445352698557495
P 14.164641550724053 5.391411517880258 0.022382636057495
P 14.164641550724053 11.475114062880259 4.246527551442505
P 17.77599357211974 11.164641550724053 5.669497613942505
P 11.211725978944592 12.850359966357944 2.725689250847115
P 16.400747668642055 8.211725978944592 4.148659313347115
P 9.766657421357943 11.955679111055407 4.148659313347115
P 14.955679111055407 7.317045123642057 2.725689250847115
P 14.955679111055407 13.400747668642056 1.5432209366528848
P 15.850359966357944 11.955679111055407 2.966190999152885
P 10.317045123642057 8.211725978944592 2.966190999152885
P 11.211725978944592 6.766657421357943 1.5432209366528848
P 14.475114062880259 15.08646608427595 2.8235574889425052
P 18.086466084275948 14.775993572119742 1.400587426442505
P 18.086466084275948 8.692291027119742 2.8683227610574944
P 8.39141151788026 15.08646608427595 4.2912928235574945
P 17.77599357211974 5.080939005724052 4.2912928235574945
P 8.080939005724051 11.475114062880259 2.8683227610574944
P 8.080939005724051 5.391411517880258 1.400587426442505
P 11.692291027119742 5.080939005724052 2.8235574889425052
P 17.295428523944594 6.766657421357943 5.571629375847114
P 10.317045123642057 14.295428523944594 1.302719188347115
P 15.850359966357944 5.871976566055408 1.302719188347115
P 8.871976566055407 13.400747668642056 5.571629375847114
P 8.871976566055407 7.317045123642057 4.389161061652885
P 9.766657421357943 5.871976566055408 0.120250874152885
P 16.400747668642055 14.295428523944594 0.120250874152885
P 17.295428523944594 12.850359966357944 4.389161061652885
