mp-29211.cif
V 10.32838299328383 5.921642778705736 6.23338558074721
V 5.055998021318722 8.96565566154113 6.216253398537568
V 8.944001978681282 8.96565566154113 6.216253398537568
V 7.0 5.598545464450723 6.216253398537568
V 6.999999966716171 7.843285615060755 12.472367715526849
V 11.712763974602549 5.122370046480374 12.45523534614775
V 8.94400201196511 5.122370046480374 12.45523534614775
V 10.328382993283832 7.520188243156458 12.45523534614775
V 7.0 4.0 18.711349663137028
V 8.384380948034892 7.0440128828353945 18.69421748092739
V 5.615618985397451 7.0440128828353945 18.69421748092739
V 6.999999966716172 9.441831079511477 18.69421748092739
Cu 8.84828766990056 6.776176212087373 2.69847825998319
Cu 10.32838296 4.212575969591746 2.69847825998319
Cu 11.80847825009944 6.776176212087373 2.69847825998319
Cu 5.519904743184391 8.697818990793108 8.93746020759337
Cu 7.00000003328383 6.1342187482974815 8.93746020759337
Cu 8.48009532338327 8.697818990793108 8.93746020759337
Cu 12.17667059661673 4.854533433381637 15.17644234237301
Cu 10.328382926716174 8.0558615846525 15.17644234237301
Cu 8.480095256815611 4.854533433381637 15.17644234237301
S 5.345830247808731 6.888250282564217 4.903665230753539
S 6.999999966716172 9.753356280053833 4.903665230753539
S 7.00000003328383 5.8976952661580295 1.5130653767113598
S 8.68493066750759 8.816080731862833 1.5130653767113598
S 8.65416968562361 6.888250282564217 4.903665230753539
S 10.32838299328383 5.921642778705736 1.1255122922141798
S 7.0 4.0 4.58903954458143
S 5.315069399060071 8.816080731862833 1.5130653767113598
S 8.674213241092561 8.809893061269953 11.142647178363719
S 7.0 5.910070664993077 11.142647178363719
S 10.32838292671617 7.819338102513049 7.752047511491
S 8.68493060093993 4.972795174451363 7.752047511491
S 5.325786758907442 8.809893061269953 11.142647178363719
S 6.999999966716171 7.843285615060755 7.36449442699382
S 10.32838299328383 5.921642778705736 10.828021492191608
S 11.971835252492411 4.972795174451363 7.752047511491
S 8.67421327437639 4.966607446209197 17.381629125973898
S 10.328382993283832 7.831713443698812 17.381629125973898
S 7.000000000000001 9.740980881218785 13.99102945910118
S 5.356547674223761 6.894437953157098 13.99102945910118
S 11.98255271219127 4.966607446209197 17.381629125973898
S 7.0 4.0 13.603476374604
S 6.999999966716171 7.843285615060755 17.06700362697125
S 8.64345232577624 6.894437953157098 13.99102945910118
