mp-27165.cif
Hf 13.433062057032366 5.156468044385491 3.6250542670487906
Hf 12.158513944272716 12.010369951467212 4.157572737186592
Hf 14.089703128596057 9.219066353694496 5.800461949899668
Hf 11.50187287270903 7.947771642158207 1.9821650543357143
Hf 14.748028120891329 8.878858238263804 1.443871874960769
Hf 10.843547880413754 8.2879797575889 6.338755129274614
Hf 16.537586115567507 12.531644948068895 6.947730127102025
Hf 9.053989885737579 4.635193047783807 0.8348968771333592
Ni 9.590893500652541 8.583418997926351 3.891313502117691
Ni 11.351725882579762 5.27877295888894 2.0075908967585505
Ni 14.239850118725322 11.888065036963765 5.775036107476833
Ni 15.289995026585894 6.619740978465034 5.0950991166248025
Ni 10.301580974719192 10.547097017387667 2.687527887610579
Ni 15.018209146021448 7.345290481737074 7.459788070845689
Ni 10.573366855283634 9.821547514115629 0.3228389333896922
Ni 13.61417024068549 6.459062965952386 1.222938659564535
Ni 10.57138062750614 5.637251095485715 6.614423560391636
Ni 15.020195373798943 11.529586900366986 1.1682034438437476
Ni 12.977836655517905 6.709163769700365 6.042159214143202
Ni 12.613739345787181 10.45767422615234 1.7404677900921797
Ni 11.276181256866224 6.664522737113938 4.270444176629017
Ni 14.315394744438859 10.502315258738768 3.512182827606364
Ni 9.253178807958323 6.496190227154033 2.7016066598612407
Ni 16.338397193346758 10.670647768698672 5.08102034437414
Ni 9.712931203130834 7.060804603694573 0.2231823946004581
Ni 15.878644798174252 10.106033392158132 7.559444609634926
Ni 11.935945736338574 9.40233634876218 4.179690963132629
Ni 13.655630264966508 7.764501647090523 3.602936041102754
Ni 11.977405760619593 10.707775029900318 6.559688344670849
