mp-28878.cif
Rb 11.850752526582378 4.986774031784379 2.9615100206874594
Rb 3.7317682497471334 6.773955388215619 8.884530062062378
Rb 5.910589416582377 8.747503451784379 2.9615100206874594
Rb 9.671931359747134 10.53468480821562 8.884530062062378
Te 13.956284925100187 7.870676676245941 4.175158742339334
Te 15.685383238064569 4.10994725624594 1.7478612990355853
Te 14.902575547189834 11.195753121478294 4.814584057005202
Te 8.798929505974922 11.195753121478294 1.1084359843697162
Te 12.56027144913968 8.086435138521704 7.031456025744635
Te 6.783591270354589 8.086435138521704 10.737604098380121
Te 15.977602137087386 6.2375623253972545 5.173100432455998
Te 13.664066026077371 9.998291745397253 0.7499196089189206
Te 11.485244859242126 5.523167094602744 6.672939650293839
Te 13.79878097025214 9.283896514602745 11.096120473830917
Te 11.777463758264943 7.650782163754059 10.098178783714252
Te 13.506562071229325 11.41151158375406 7.670881340410504
Te 8.016121815100187 4.10994725624594 4.175158742339334
Te 9.745220128064568 7.870676676245941 1.7478612990355853
Te 8.962412437189833 7.435023701478295 4.814584057005202
Te 14.739092615974926 7.435023701478295 1.1084359843697162
Te 6.620108339139677 4.325705718521705 7.031456025744635
Te 12.723754380354588 4.325705718521705 10.737604098380121
Te 10.037439027087386 9.998291745397253 5.173100432455998
Te 7.72390291607737 6.2375623253972545 0.7499196089189206
Te 5.545081749242126 9.283896514602745 6.672939650293839
Te 7.858617860252141 5.523167094602744 11.096120473830917
Te 5.837300648264944 11.41151158375406 10.098178783714252
Te 7.566398961229324 7.650782163754059 7.670881340410504
