mp-27488.cif
Ta 8.940572464999999 7.113821993414848 7.7320858425
Ta 7.0 5.369606253177039 9.690211427060518
Ta 8.940572464999999 7.76891194682296 0.6192363629394826
Ta 8.940572464999999 7.76891194682296 4.535487532060516
Ta 7.0 6.024696206585152 2.5773619474999996
Ta 7.0 5.369606253177039 5.773960257939482
Ta 7.0 12.252340193414847 7.7320858425
Ta 8.940572464999999 10.50812445317704 9.690211427060518
Ta 7.0 12.90743014682296 0.6192363629394826
Ta 7.0 12.90743014682296 4.535487532060516
Ta 8.940572464999999 11.163214406585151 2.5773619474999996
Ta 8.940572464999999 10.50812445317704 5.773960257939482
N 8.940572464999999 8.654318404813829 9.084221776680883
N 7.0 7.166301782561812 0.7637827592300809
N 8.940572464999999 5.972216417438188 9.54566503076992
N 7.0 7.166301782561812 4.390941135769919
N 8.940572464999999 6.705101686527748 2.5773619474999996
N 8.940572464999999 5.972216417438188 5.918506654230081
N 8.940572464999999 8.654318404813829 6.379949908319117
N 7.0 4.484199795186172 3.929497881680884
N 7.0 6.4334165134722525 7.7320858425
N 7.0 4.484199795186172 1.2252260133191162
N 7.0 13.792836604813829 9.084221776680883
N 8.940572464999999 12.304819982561812 0.7637827592300809
N 7.0 11.110734617438187 9.54566503076992
N 8.940572464999999 12.304819982561812 4.390941135769919
N 7.0 11.843619886527748 2.5773619474999996
N 7.0 11.110734617438187 5.918506654230081
N 7.0 13.792836604813829 6.379949908319117
N 8.940572464999999 9.622717995186171 3.929497881680884
N 8.940572464999999 11.571934713472253 7.7320858425
N 8.940572464999999 9.622717995186171 1.2252260133191162
