mp-23253.cif
Rb 11.80139421 4.0 0.0
Rb 9.400697104999999 6.400697105 7.202091315
Rb 11.80139421 8.80139421 4.80139421
Rb 9.400697104999999 11.202091315 2.400697105
Rb 7.0 4.0 4.80139421
Rb 14.202091315 6.400697105 2.400697105
Rb 7.0 8.80139421 0.0
Rb 14.202091315 11.202091315 7.202091315
Bi 13.0017427625 7.6010456575 8.4024398675
Bi 13.0017427625 5.2003485524999995 6.001742762499999
Bi 15.4024398675 12.4024398675 1.2003485525
Bi 15.4024398675 5.2003485524999995 8.4024398675
Bi 13.0017427625 12.4024398675 3.6010456575
Bi 13.0017427625 10.0017427625 1.2003485525
Bi 15.4024398675 7.6010456575 6.001742762499999
Bi 15.4024398675 10.0017427625 3.6010456575
Bi 8.2003485525 7.6010456575 3.6010456575
Bi 8.2003485525 5.2003485524999995 1.2003485525
Bi 10.6010456575 12.4024398675 6.001742762499999
Bi 10.6010456575 5.2003485524999995 3.6010456575
Bi 8.2003485525 12.4024398675 8.4024398675
Bi 8.2003485525 10.0017427625 6.001742762499999
Bi 10.6010456575 7.6010456575 1.2003485525
Bi 10.6010456575 10.0017427625 8.4024398675
