mp-2263.cif
Sc 8.8433699075 5.8433699075 5.530109722500001
Sc 10.686739815 7.686739814999999 3.6867398149999993
Sc 8.8433699075 9.5301097225 1.8433699074999996
Sc 10.686739815 4.0 0.0
Sc 12.5301097225 5.8433699075 1.8433699074999996
Sc 7.0 7.686739814999999 0.0
Sc 12.5301097225 9.5301097225 5.530109722500001
Sc 7.0 4.0 3.6867398149999993
Ir 13.45179467625 4.92168495375 6.4517946762500005
Ir 9.76505486125 6.76505486125 0.9216849537499998
Ir 7.92168495375 6.76505486125 2.7650548612500003
Ir 7.92168495375 4.92168495375 0.9216849537499998
Ir 13.45179467625 8.608424768749998 2.7650548612500003
Ir 9.76505486125 10.45179467625 4.608424768749998
Ir 7.92168495375 10.45179467625 6.4517946762500005
Ir 7.92168495375 8.608424768749998 4.608424768749998
Ir 9.76505486125 4.92168495375 2.7650548612500003
Ir 13.45179467625 6.76505486125 4.608424768749998
Ir 11.608424768749998 6.76505486125 6.4517946762500005
Ir 11.608424768749998 4.92168495375 4.608424768749998
Ir 9.76505486125 8.608424768749998 6.4517946762500005
Ir 13.45179467625 10.45179467625 0.9216849537499998
Ir 11.608424768749998 10.45179467625 2.7650548612500003
Ir 11.608424768749998 8.608424768749998 0.9216849537499998
