mp-28090.cif
Si 10.421679075136456 9.53067626757869 5.607640761447561
Si 11.471360154863543 6.36236296242131 5.607640761447561
Si 13.308882577421311 4.524840539863543 1.1730013314475614
Si 9.36236296242131 7.421679075136457 3.2616380985524382
Si 8.58415665257869 11.368198690136456 1.1730013314475614
Si 14.368198690136456 10.308882577421311 7.696277528552438
Si 7.524840539863543 5.584156652578691 7.696277528552438
Si 12.53067626757869 8.471360154863543 3.2616380985524382
H 10.057502532755448 10.677983271256346 6.453816705791153
H 11.835536697244553 5.215055958743654 6.453816705791153
H 12.161575573743654 4.889017082244552 2.0191772757911535
H 8.215055958743655 7.057502532755448 2.4154621542088464
H 13.677983271256346 8.835536697244553 2.4154621542088464
H 7.889017082244552 6.731463656256348 6.850101584208844
H 14.00402214775545 9.161575573743654 6.850101584208844
H 9.731463656256349 11.00402214775545 2.0191772757911535
S 10.946519615 7.946519615 6.941353337145534
S 10.946519615 7.946519615 1.9279255228544656
S 7.0 4.0 6.362564952854465
S 7.0 4.0 2.5067139071455338
S 12.074970779400328 10.203065573079416 4.426281553759067
S 9.818068450599675 5.689973656920586 4.426281553759067
S 12.636493271920587 10.764588065599675 8.860920983759067
S 8.689973656920586 9.074970779400328 4.442997306240931
S 13.203065573079416 6.818068450599675 4.442997306240931
S 13.764588065599675 6.256545958079415 0.0083578762409324
S 8.128451164400325 9.636493271920587 0.0083578762409324
S 9.256545958079414 5.128451164400325 8.860920983759067
