mp-27629.cif
Cs 10.810614138106143 6.200059054412193 6.2505286337569315
Cs 6.9999999618938595 8.400118174826158 3.120460326243067
Cs 7.0 4.0 0.0
Sb 10.810614138106143 6.200059054412193 1.7428093111193008
Sb 6.9999999618938595 8.400118174826158 7.628179648880699
Cl 12.618329417591951 5.156374151182861 3.13512526799624
Cl 10.8106141 8.287428926872629 3.13512526799624
Cl 9.002898782408051 5.156374151182861 3.13512526799624
Cl 8.807715317591953 9.44380307805549 6.235863692003758
Cl 7.000000000000001 6.312748302365723 6.235863692003758
Cl 10.8106141 4.0 0.0
Cl 5.094692950000001 7.300088614619176 0.0
Cl 8.905307050000001 7.300088614619176 0.0
Cl 5.192284682408052 9.44380307805549 6.235863692003758
