mp-2649.cif
Zr 9.16493265247 4.0 1.445331365
Zr 8.082466326235 5.874886674521447 4.335994095
Zr 3.834734651235001 9.482400403498204 4.335994095
Zr 5.917533673765001 5.874886674521447 1.445331365
Zr 10.165265348765 9.482400403498204 1.445331365
Zr 13.330530697530001 4.0 4.335994095
Zr 6.999999957522685 8.90485807653739 0.0
Zr 11.247731717477318 6.45242900148226 2.89066273
Zr 11.247731717477318 6.45242900148226 0.0
Zr 6.999999957522685 8.90485807653739 2.89066273
Sb 12.212341160294837 4.0 1.445331365
Sb 9.60617058014742 8.514019858006584 4.335994095
Sb 5.358438905147418 6.843267220013066 4.335994095
Sb 4.393829419852584 8.514019858006584 1.445331365
Sb 8.641561094852584 6.843267220013066 1.445331365
Sb 10.283122189705166 4.0 4.335994095
