mp-28877.cif
Cs 13.989147438175 4.670479955817 1.8904821421860003
Cs 10.084224938175 15.461171044183 4.569524357814
Cs 7.820697561825 10.736305455817 11.029530857814
Cs 11.725620061825001 9.395345544183 8.350488642186
Cs 7.820697561825 15.461171044183 11.029530857814
Cs 11.725620061825001 4.670479955817 8.350488642186
Cs 13.989147438175 9.395345544183 1.8904821421860003
Cs 10.084224938175 10.736305455817 4.569524357814
Sn 10.886998905725001 7.0329127499999995 12.072860667602997
Sn 10.922846094275 13.09873825 0.847152332397
Sn 7.017923594275 7.0329127499999995 5.6128541676029995
Sn 14.791921405724999 13.09873825 7.3071588323970005
Te 8.242288614615 13.09873825 1.6118620618410002
Te 12.147211114615 7.0329127499999995 4.848144438159
Te 13.567556385385 7.0329127499999995 11.308150938159
Te 9.662633885385 13.09873825 8.071868561841
Te 12.842599713415 13.09873825 9.361750979708999
Te 12.872167786584999 13.09873825 2.9017444797089995
Te 8.937677213415 7.0329127499999995 10.018268520291
Te 8.967245286585 7.0329127499999995 3.5582620202910005
Te 14.09730598158 10.92304795966 5.552298066672001
Te 10.19238348158 9.20860304034 0.9077084333279999
Te 7.71253901842 4.85722245966 7.367714933328
Te 11.61746151842 15.27442854034 12.012304566672
Te 7.71253901842 9.20860304034 7.367714933328
Te 11.61746151842 10.92304795966 12.012304566672
Te 14.09730598158 15.27442854034 5.552298066672001
Te 10.19238348158 4.85722245966 0.9077084333279999
