mp-21598.cif
Si 11.21142800995 9.603439733504 13.094153334939
Si 11.21142800995 6.598991733504 7.738562165061
Si 8.64332750995 7.4099042664959995 13.094153334939
Si 10.49287349005 9.603439733504 6.1499148349390005
Si 7.92477299005 4.4054562664959995 0.794323665061
Si 7.92477299005 7.4099042664959995 6.1499148349390005
Si 10.49287349005 6.598991733504 0.794323665061
Si 8.64332750995 4.4054562664959995 7.738562165061
Ni 7.081948086955 8.178141620096 11.585392524521001
Ni 9.486152413045 5.1736936200959995 2.303084475479
Ni 9.650048586955 5.8307543799040005 9.247322975479
Ni 12.08612304025 8.848109488512002 7.725465331250001
Ni 7.081948086955 5.1736936200959995 9.247322975479
Ni 9.650048586955 8.835202379904 11.585392524521001
Ni 9.486152413045 8.178141620096 4.641154024520999
Ni 12.054252913045 5.8307543799040005 2.303084475479
Ni 7.05007795975 5.160786511488 6.1630116687499985
Ni 12.08612304025 5.843661488512 13.107250168749996
Ni 9.51802254025 8.165234511487999 7.725465331250001
Ni 9.61817845975 8.848109488512002 0.78122683125
Ni 9.51802254025 5.160786511488 13.107250168749996
Ni 7.05007795975 8.165234511487999 0.78122683125
Ni 9.61817845975 5.843661488512 6.1630116687499985
Ni 12.054252913045 8.835202379904 4.641154024520999
As 10.512175333407999 9.58884412512 9.488496378584001
As 7.944074833408 4.4200518748799995 11.344219121416
As 11.192126166592 6.58439612512 4.399980621416
As 8.624025666592 7.42449987488 2.5442578785839993
As 8.624025666592 4.4200518748799995 4.399980621416
As 11.192126166592 9.58884412512 2.5442578785839993
As 7.944074833408 7.42449987488 9.488496378584001
As 10.512175333407999 6.58439612512 11.344219121416
