mp-23465.cif
Cs 9.639621175 6.639621175 7.918863524999998
Cs 14.918863524999999 11.918863524999999 2.639621175
Cs 9.639621175 11.918863524999999 2.639621175
Cs 14.918863524999999 6.639621175 7.918863524999998
Cs 14.918863524999999 6.639621175 2.639621175
Cs 9.639621175 11.918863524999999 7.918863524999998
Cs 14.918863524999999 11.918863524999999 7.918863524999998
Cs 9.639621175 6.639621175 2.639621175
Te 7.0 4.0 0.0
Te 7.0 9.27924235 5.27924235
Te 12.27924235 4.0 5.27924235
Te 12.27924235 9.27924235 0.0
Cl 7.0 9.27924235 2.722726057810077
Cl 7.0 12.001968407810075 0.0
Cl 7.0 6.556516292189922 0.0
Cl 7.0 9.27924235 7.835758642189923
Cl 9.722726057810076 9.27924235 0.0
Cl 14.835758642189923 9.27924235 0.0
Cl 7.0 4.0 8.001968407810075
Cl 7.0 6.7227260578100765 5.27924235
Cl 7.0 11.835758642189923 5.27924235
Cl 7.0 4.0 2.5565162921899227
Cl 9.722726057810076 4.0 5.27924235
Cl 14.835758642189923 4.0 5.27924235
Cl 12.27924235 9.27924235 8.001968407810075
Cl 12.27924235 12.001968407810075 5.27924235
Cl 12.27924235 6.556516292189922 5.27924235
Cl 12.27924235 9.27924235 2.5565162921899227
Cl 15.001968407810075 9.27924235 5.27924235
Cl 9.556516292189922 9.27924235 5.27924235
Cl 12.27924235 4.0 2.722726057810077
Cl 12.27924235 6.7227260578100765 0.0
Cl 12.27924235 11.835758642189923 0.0
Cl 12.27924235 4.0 7.835758642189923
Cl 15.001968407810075 4.0 0.0
Cl 9.556516292189922 4.0 0.0
