mp-29469.cif
Pd 7.0 4.0 0.0
Pd 5.583021000031229 8.3011735 6.482008999149154
Se 7.473123594273193 7.258035698086 1.9080700970255422
Se 8.646683405789265 9.344311301914 11.05594790127277
Se 6.005320701828517 5.128834382728 4.673826660800502
Se 6.0561445943044205 5.043137801914 8.390079096174698
Se 10.114486298233938 11.473512617272 8.29019133749781
Se 4.588341701859745 7.172339117272001 11.155835659949659
Se 6.398915468663816 10.604271259963003 6.396239056072413
Se 11.137870531367412 6.303097759963 0.08576994307674163
Se 9.720891531398642 5.998075740037 6.567778942225897
Se 4.981936468695044 10.299249240037 12.878248055221567
Se 11.531465298202711 9.430007882727999 1.8081823383486535
Se 10.063662405758036 11.559209198086 4.573938902123614
Cl 7.774458788232435 12.287036573062 11.091391526480116
Cl 6.92836921186125 7.985863073061999 8.35463547096735
Cl 8.345348211830022 4.315310426938 1.8726264718181944
Cl 9.191437788201208 8.616483926937999 4.609382527330961
