mp-20479.cif
Sr 7.0 19.062362553054662 5.494859684999998
Sr 9.251217385 14.647435861945338 1.8316198949999996
Sr 9.251217385 10.492429748054661 5.494859684999998
Sr 7.0 6.0775030569453365 1.8316198949999996
In 9.251217385 17.88108935696374 0.3675937311760097
In 7.0 15.828709058036262 6.958885848823988
In 7.0 15.828709058036262 4.03083352117601
In 9.251217385 17.88108935696374 3.29564605882399
In 7.0 19.835983242261218 1.8316198949999996
In 9.251217385 13.87381517273878 5.494859684999998
In 9.251217385 4.0 0.0
In 9.251217385 4.0 3.663239789999999
In 7.0 9.311156551963741 0.3675937311760097
In 9.251217385 7.258776253036261 6.958885848823988
In 9.251217385 7.258776253036261 4.03083352117601
In 7.0 9.311156551963741 3.29564605882399
In 9.251217385 11.266050437261221 1.8316198949999996
In 7.0 5.303882367738779 5.494859684999998
In 7.0 12.569932805 0.0
In 7.0 12.569932805 3.663239789999999
Ni 9.251217385 16.424758339942034 5.494859684999998
Ni 7.0 17.285040075057964 1.8316198949999996
Ni 7.0 7.854825534942034 5.494859684999998
Ni 9.251217385 8.715107270057967 1.8316198949999996
