mp-23414.cif
Sc 8.74607541 10.949206476557126 0.9393730631384922
Sc 8.74607541 8.609188013442875 11.124314646861507
Sc 8.74607541 5.170009231557126 5.092470791861508
Sc 8.74607541 14.388385258442874 6.971216918138492
Sc 7.0 11.16667073384978 10.332292894072426
Sc 7.0 8.391723756150219 1.7313948159275747
Sc 7.0 5.387473488849782 7.763238670927574
Sc 7.0 14.170921001150218 4.300449039072425
N 7.0 9.779197244999999 0.0
N 7.0 4.0 6.031843855
Cl 7.0 12.848403030903503 8.169065227145797
Cl 7.0 6.709991459096496 3.8946224828542038
Cl 7.0 7.069205785903504 9.926466337854203
Cl 7.0 12.489188704096495 2.137221372145796
Cl 8.74607541 12.782302190990421 11.219386156966475
Cl 8.74607541 6.776092299009577 0.8443015530335242
Cl 8.74607541 15.388742225018897 2.911929561607241
Cl 8.74607541 4.169652264981101 9.151758148392759
Cl 8.74607541 9.6095449800189 3.1199142933927586
Cl 8.74607541 9.948849509981102 8.943773416607241
Cl 8.74607541 12.555289544009577 5.1875423019664755
Cl 8.74607541 7.003104945990422 6.8761454080335245
