mp-27255.cif
Ga 12.158255860811067 4.0 1.6376637576682656
Ga 7.0 9.55848542418893 4.186195647668265
Ga 8.986238329188934 4.0 1.6376637576682656
Ga 7.0 5.586008765811066 4.186195647668265
Ga 8.586008765811066 7.572247094999999 6.734727537668266
Ga 10.572247094999998 5.986238329188933 9.283259427668266
Ga 12.55848542418893 7.572247094999999 6.734727537668266
Ga 10.572247094999998 9.158255860811067 9.283259427668266
Te 7.0 7.572247094999999 2.5633208166751196
Te 7.0 4.0 0.014788926675118799
Te 10.572247094999998 4.0 7.66038459667512
Te 10.572247094999998 7.572247094999999 5.111852706675118
S 10.572247094999998 5.709920872584053 1.370369757335317
S 12.434573317415946 4.0 3.9189016473353178
S 8.709920872584053 4.0 3.9189016473353178
S 10.572247094999998 9.434573317415946 1.370369757335317
S 7.0 9.282167967584051 6.467433537335317
S 8.862326222415946 7.572247094999999 9.015965427335317
S 12.282167967584051 7.572247094999999 9.015965427335317
S 7.0 5.862326222415946 6.467433537335317
