mp-29011.cif
Bi 9.481524160447764 6.481524160447764 2.4815241604477634
Bi 7.880286669552237 8.242097499552237 5.843334990447763
Bi 12.843334990447763 4.880286669552237 4.242097499552237
Bi 11.242097499552237 9.843334990447763 0.8802866695522369
Te 11.205237260887785 8.205237260887785 4.205237260887785
Te 12.880195229112214 6.518384399112215 0.8434264308877846
Te 7.843426430887785 9.880195229112214 2.5183843991122146
Te 9.518384399112215 4.843426430887785 5.880195229112213
Pd 7.0267014514621415 4.0267014514621415 0.0267014514621414
Pd 10.335109378537858 10.696920208537858 3.388512281462141
Pd 10.388512281462141 7.335109378537858 6.6969202085378585
Pd 13.696920208537858 7.388512281462141 3.3351093785378576
