mp-2473.cif
Re 7.0 6.9948259816217515 0.0
Re 9.994825981621752 4.0 0.0
Re 12.805395478378248 4.0 0.0
Re 7.0 4.0 2.994825981621752
Re 7.0 4.0 5.805395478378247
Re 7.0 9.805395478378248 0.0
Re 11.40011073 11.394936711621753 4.40011073
Re 14.394936711621753 8.40011073 4.40011073
Re 8.405284748378248 8.40011073 4.40011073
Re 11.40011073 8.40011073 7.394936711621752
Re 11.40011073 8.40011073 1.4052847483782476
Re 11.40011073 5.405284748378247 4.40011073
As 11.40011073 10.600166094999999 0.0
As 9.200055365 4.0 4.40011073
As 9.200055365 8.40011073 0.0
As 7.0 8.40011073 2.200055365
As 11.40011073 4.0 2.200055365
As 7.0 10.600166094999999 4.40011073
As 12.860376533991674 9.860376533991674 2.9398449260083246
As 8.460265803991675 11.339955656008325 7.339955656008326
As 9.939844926008325 9.860376533991674 2.9398449260083246
As 8.460265803991675 5.460265803991675 1.460265803991675
As 8.460265803991675 11.339955656008325 1.460265803991675
As 9.939844926008325 6.939844926008325 2.9398449260083246
As 9.939844926008325 9.860376533991674 5.8603765339916745
As 14.339955656008325 11.339955656008325 1.460265803991675
As 7.0 6.200055365 4.40011073
As 13.600166094999999 8.40011073 0.0
As 13.600166094999999 4.0 4.40011073
As 11.40011073 4.0 6.600166095
As 7.0 8.40011073 6.600166095
As 11.40011073 6.200055365 0.0
As 8.460265803991675 5.460265803991675 7.339955656008326
As 12.860376533991674 6.939844926008325 2.9398449260083246
As 14.339955656008325 5.460265803991675 7.339955656008326
As 12.860376533991674 9.860376533991674 5.8603765339916745
As 12.860376533991674 6.939844926008325 5.8603765339916745
As 14.339955656008325 11.339955656008325 7.339955656008326
As 14.339955656008325 5.460265803991675 1.460265803991675
As 9.939844926008325 6.939844926008325 5.8603765339916745
