mp-22302.cif
Zr 7.879153329999999 4.267863162225352 6.559255988430454
Zr 9.63745999 10.34115303777465 1.3373995315695455
Zr 7.879153329999999 7.572371262225353 5.285727291569546
Zr 9.63745999 7.036644937774648 2.6109282284304545
V 9.63745999 6.4573852879751925 7.445748356252817
V 7.879153329999999 8.151630912024807 0.4509071637471856
V 9.63745999 9.761893387975192 4.399234923747188
V 7.879153329999999 4.847122812024808 3.4974205962528155
P 7.879153329999999 9.029247989157064 2.869963640851008
P 9.63745999 5.579768210842936 5.026691879148992
P 7.879153329999999 5.724739889157064 1.0783641191489926
P 9.63745999 8.884276310842939 6.8182914008510105
