mp-20730.cif
Hf 10.10784372 4.0 0.0
Hf 10.10784372 7.10784372 3.10784372
Hf 7.0 4.0 3.10784372
Hf 7.0 7.10784372 0.0
Co 8.553921859999999 8.66176558 4.66176558
Co 11.66176558 5.55392186 1.55392186
Co 8.553921859999999 5.55392186 1.55392186
Co 11.66176558 8.66176558 4.66176558
Co 11.66176558 8.66176558 1.55392186
Co 8.553921859999999 5.55392186 4.66176558
Co 11.66176558 5.55392186 4.66176558
Co 8.553921859999999 8.66176558 1.55392186
Sn 7.0 4.0 0.0
Sn 7.0 7.10784372 3.10784372
Sn 10.10784372 4.0 3.10784372
Sn 10.10784372 7.10784372 0.0
