mp-22307.cif
Sc 8.006952005 5.511189636824897 6.501871509008104
Sc 8.006952005 8.667271126824897 7.798069655991896
Sc 10.020856015 8.800973343175103 3.031422600991897
Sc 10.020856015 5.644891853175103 1.735224454008103
Si 8.006952005 5.467446599860016 9.262790321614629
Si 10.020856015 8.844716380139985 0.27050378838537037
Si 8.006952005 8.623528089860017 5.037150843385369
Si 10.020856015 5.688634890139984 4.49614326661463
Si 8.006952005 10.031818550068959 1.5078215462905125
Si 10.020856015 7.436425919931043 6.274468601290513
Si 8.006952005 6.875737060068957 3.2588255087094877
Si 10.020856015 4.280344429931042 8.025472563709487
Rh 10.020856015 9.782457182760357 5.712973784811499
Rh 8.006952005 4.529705797239645 3.8203203251885007
Rh 10.020856015 6.626375692760355 8.5869673801885
Rh 8.006952005 7.685787287239645 0.9463267298114996
