mp-22227.cif
Zr 7.9513563225 4.211188287024322 1.3617304020558239
Zr 7.9513563225 7.548059137024322 2.497256412944177
Zr 9.8540689675 7.125682562975678 5.220717217055826
Zr 9.8540689675 10.462553412975678 6.356243227944178
Mn 9.8540689675 9.778181022653527 3.4085358510357806
Mn 7.9513563225 8.232431527346472 7.267522666035782
Mn 9.8540689675 6.441310172653527 0.45045096396422085
Mn 7.9513563225 4.895560677346473 4.309437778964222
Si 7.9513563225 9.082234962737818 4.84167780743975
Si 7.9513563225 5.7453641127378186 6.735282637560251
Si 9.8540689675 5.591506737262181 2.87629582256025
Si 9.8540689675 8.928377587262181 0.98269099243975
