mp-27800.cif
K 7.0 4.0 0.0
K 12.434755514999999 9.434755514999999 5.434755515
K 9.7173777575 9.434755514999999 0.0
K 15.1521332725 9.434755514999999 0.0
K 12.434755514999999 4.0 2.7173777575
K 12.434755514999999 4.0 8.1521332725
K 7.0 12.1521332725 5.434755515
K 7.0 6.7173777574999995 5.434755515
Ge 9.7173777575 4.0 5.434755515
Ge 15.1521332725 4.0 5.434755515
Ge 7.0 9.434755514999999 2.7173777575
Ge 7.0 9.434755514999999 8.1521332725
Ge 12.434755514999999 12.1521332725 0.0
Ge 12.434755514999999 6.7173777574999995 0.0
Ge 9.007501839897722 6.0075018398977225 2.007501839897723
Ge 14.442257354897723 7.427253675102277 7.442257354897723
Ge 14.442257354897723 11.442257354897723 3.427253675102277
Ge 10.427253675102277 11.442257354897723 7.442257354897723
Ge 15.862009190102278 12.862009190102278 2.007501839897723
Ge 9.007501839897722 12.862009190102278 8.862009190102278
Ge 15.862009190102278 6.0075018398977225 8.862009190102278
Ge 10.427253675102277 7.427253675102277 3.427253675102277
Ge 15.862009190102278 12.862009190102278 8.862009190102278
Ge 10.427253675102277 11.442257354897723 3.427253675102277
Ge 10.427253675102277 7.427253675102277 7.442257354897723
Ge 14.442257354897723 7.427253675102277 3.427253675102277
Ge 9.007501839897722 6.0075018398977225 8.862009190102278
Ge 15.862009190102278 6.0075018398977225 2.007501839897723
Ge 9.007501839897722 12.862009190102278 2.007501839897723
Ge 14.442257354897723 11.442257354897723 7.442257354897723
Ge 7.0 7.329825791240864 1.293980179600873
Ge 12.434755514999999 8.140775335399127 8.764581306240865
Ge 12.434755514999999 10.728735694600875 2.104929723759135
Ge 13.728735694600875 12.764581306240865 5.434755515
Ge 11.140775335399127 12.764581306240865 5.434755515
Ge 9.104929723759135 9.434755514999999 6.728735694600874
Ge 15.764581306240865 9.434755514999999 6.728735694600874
Ge 8.293980179600872 4.0 3.329825791240865
Ge 10.329825791240864 5.293980179600873 0.0
Ge 14.539685238759134 13.575530850399128 0.0
Ge 8.293980179600872 4.0 7.539685238759135
Ge 14.539685238759134 5.293980179600873 0.0
Ge 16.575530850399126 4.0 3.329825791240865
Ge 16.575530850399126 4.0 7.539685238759135
Ge 10.329825791240864 13.575530850399128 0.0
Ge 7.0 11.539685238759134 9.575530850399128
Ge 7.0 7.329825791240864 9.575530850399128
Ge 7.0 11.539685238759134 1.293980179600873
Ge 15.764581306240865 9.434755514999999 4.140775335399127
Ge 9.104929723759135 9.434755514999999 4.140775335399127
Ge 13.728735694600875 6.104929723759135 5.434755515
Ge 11.140775335399127 6.104929723759135 5.434755515
Ge 12.434755514999999 10.728735694600875 8.764581306240865
Ge 12.434755514999999 8.140775335399127 2.104929723759135
