mp-28557.cif
Ag 9.28006784915267 6.502524709999999 6.075770055
Ag 12.88479710084733 6.502524709999999 2.025256685
Ag 9.28006784915267 11.50757413 6.075770055
Ag 12.88479710084733 11.50757413 2.025256685
Ag 13.36250032415267 11.50757413 6.075770055
Ag 8.80236462584733 11.50757413 2.025256685
Ag 13.36250032415267 6.502524709999999 6.075770055
Ag 8.80236462584733 6.502524709999999 2.025256685
Pd 7.0 4.0 0.0
Pd 11.082432475000001 4.0 4.05051337
Pd 11.082432475000001 9.005049419999999 0.0
Pd 7.0 9.005049419999999 4.05051337
Cl 8.592918448717485 4.0 6.4202180970196645
Cl 9.489514026282516 4.0 2.3697047270196645
Cl 12.675350923717485 4.0 5.7313220129803355
Cl 13.571946501282515 4.0 1.6808086429803362
Cl 11.082432475000001 11.691288372899646 4.05051337
Cl 11.082432475000001 11.323859887100353 0.0
Cl 11.082432475000001 6.6862389528996475 0.0
Cl 11.082432475000001 6.318810467100352 4.05051337
Cl 12.675350923717485 9.005049419999999 6.4202180970196645
Cl 13.571946501282515 9.005049419999999 2.3697047270196645
Cl 8.592918448717485 9.005049419999999 5.7313220129803355
Cl 9.489514026282516 9.005049419999999 1.6808086429803362
Cl 7.0 6.6862389528996475 4.05051337
Cl 7.0 6.318810467100352 0.0
Cl 7.0 11.691288372899646 0.0
Cl 7.0 11.323859887100353 4.05051337
