mp-22975.cif
Rb 9.5713739575 6.5713739575000005 7.714121872499999
Rb 14.714121872499998 11.714121872499998 2.5713739575
Rb 9.5713739575 11.714121872499998 2.5713739575
Rb 14.714121872499998 6.5713739575000005 7.714121872499999
Rb 14.714121872499998 6.5713739575000005 2.5713739575
Rb 9.5713739575 11.714121872499998 7.714121872499999
Rb 14.714121872499998 11.714121872499998 7.714121872499999
Rb 9.5713739575 6.5713739575000005 2.5713739575
Te 7.0 4.0 0.0
Te 7.0 9.142747915000001 5.142747915
Te 12.142747915000001 4.0 5.142747915
Te 12.142747915000001 9.142747915000001 0.0
Cl 7.0 9.142747915000001 2.5947016677523567
Cl 7.0 11.737449582752358 0.0
Cl 7.0 6.548046247247644 0.0
Cl 7.0 9.142747915000001 7.690794162247643
Cl 9.594701667752357 9.142747915000001 0.0
Cl 14.690794162247643 9.142747915000001 0.0
Cl 7.0 4.0 7.737449582752357
Cl 7.0 6.594701667752357 5.142747915
Cl 7.0 11.690794162247643 5.142747915
Cl 7.0 4.0 2.5480462472476435
Cl 9.594701667752357 4.0 5.142747915
Cl 14.690794162247643 4.0 5.142747915
Cl 12.142747915000001 9.142747915000001 7.737449582752357
Cl 12.142747915000001 11.737449582752358 5.142747915
Cl 12.142747915000001 6.548046247247644 5.142747915
Cl 12.142747915000001 9.142747915000001 2.5480462472476435
Cl 14.737449582752358 9.142747915000001 5.142747915
Cl 9.548046247247644 9.142747915000001 5.142747915
Cl 12.142747915000001 4.0 2.5947016677523567
Cl 12.142747915000001 6.594701667752357 0.0
Cl 12.142747915000001 11.690794162247643 0.0
Cl 12.142747915000001 4.0 7.690794162247643
Cl 14.737449582752358 4.0 0.0
Cl 9.548046247247644 4.0 0.0
