mp-22580.cif
Zr 7.0 4.0 3.029670735
Zr 7.0 7.029670735 0.0
Zr 10.029670735 4.0 0.0
Zr 10.029670735 7.029670735 3.029670735
Ga 7.0 4.0 0.0
Ga 7.0 7.029670735 3.029670735
Ga 10.029670735 4.0 3.029670735
Ga 10.029670735 7.029670735 0.0
Ni 8.5148353675 8.5445061025 1.5148353675
Ni 11.5445061025 5.5148353675 4.5445061025
Ni 8.5148353675 5.5148353675 4.5445061025
Ni 11.5445061025 8.5445061025 1.5148353675
Ni 11.5445061025 8.5445061025 4.5445061025
Ni 8.5148353675 5.5148353675 1.5148353675
Ni 11.5445061025 5.5148353675 1.5148353675
Ni 8.5148353675 8.5445061025 4.5445061025
