mp-28383.cif
K 10.476423865 11.68563231233629 1.5384283217363024
K 8.158807955 4.09017793766371 6.736243568263698
K 10.476423865 7.7977271873362906 2.5989076232636976
K 8.158807955 7.97808306266371 5.675764266736302
Na 10.476423865 10.638220252075556 4.766818948783758
Na 8.158807955 5.1375899979244455 3.507852941216242
Na 10.476423865 6.750315127075555 7.645188886216243
Na 8.158807955 9.025495122924445 0.6294830037837583
S 10.476423865 9.582281627085182 7.418783685459418
S 8.158807955 6.193528622914817 0.8558882045405831
S 10.476423865 5.694376502085182 4.993224149540583
S 8.158807955 10.081433747914819 3.2814477404594173
