mp-23499.cif
K 14.516990942499998 6.5056636475 2.5056636474999996
K 9.5056636475 11.516990942499998 7.516990942499998
K 14.516990942499998 11.516990942499998 7.516990942499998
K 9.5056636475 6.5056636475 2.5056636474999996
K 9.5056636475 6.5056636475 7.516990942499998
K 14.516990942499998 11.516990942499998 2.5056636474999996
K 9.5056636475 11.516990942499998 2.5056636474999996
K 14.516990942499998 6.5056636475 7.516990942499998
Sn 7.0 4.0 0.0
Sn 7.0 9.011327295 5.011327294999999
Sn 12.011327295 4.0 5.011327294999999
Sn 12.011327295 9.011327295 0.0
Cl 7.0 9.011327295 2.5706550500561254
Cl 7.0 11.581982345056122 0.0
Cl 7.0 6.440672244943874 0.0
Cl 7.0 9.011327295 7.451999539943875
Cl 9.570655050056125 9.011327295 0.0
Cl 14.451999539943875 9.011327295 0.0
Cl 7.0 4.0 7.581982345056123
Cl 7.0 6.570655050056125 5.011327294999999
Cl 7.0 11.451999539943875 5.011327294999999
Cl 7.0 4.0 2.4406722449438747
Cl 9.570655050056125 4.0 5.011327294999999
Cl 14.451999539943875 4.0 5.011327294999999
Cl 12.011327295 9.011327295 7.581982345056123
Cl 12.011327295 11.581982345056122 5.011327294999999
Cl 12.011327295 6.440672244943874 5.011327294999999
Cl 12.011327295 9.011327295 2.4406722449438747
Cl 14.581982345056122 9.011327295 5.011327294999999
Cl 9.440672244943874 9.011327295 5.011327294999999
Cl 12.011327295 4.0 2.5706550500561254
Cl 12.011327295 6.570655050056125 0.0
Cl 12.011327295 11.451999539943875 0.0
Cl 12.011327295 4.0 7.451999539943875
Cl 14.581982345056122 4.0 0.0
Cl 9.440672244943874 4.0 0.0
