mp-29422.cif
Hf 7.546618565173665 6.574868278039036 3.0654135466959613
Hf 10.660642300173665 8.981142461960964 3.0654135466959613
Cl 8.630254099535613 8.56999974304889 4.419146395353182
Cl 6.462983030811715 8.56999974304889 1.7116806980387405
Cl 11.553277402248721 10.462214034853817 4.584758427626978
Cl 9.768007198098607 10.462214034853817 1.5460686657649447
Cl 6.6539834630986086 5.0937967051461825 1.5460686657649447
Cl 8.43925366724872 5.0937967051461825 4.584758427626978
Cl 11.744277834535612 6.986010996951112 4.419146395353182
Cl 9.577006765811715 6.986010996951112 1.7116806980387405
