mp-27319.cif
Sc 6.99999997504305 6.881780449594844 4.1506846701116755
Sc 9.495695089956952 5.440890203184068 3.2523305498883275
Sc 9.495695089956952 5.440890203184068 0.44917706011167374
Sc 6.99999997504305 6.881780449594844 6.9538381598883285
Co 10.715432910145237 4.7366742443575935 5.552261415000002
Co 8.21973789505914 7.585996408421318 1.850753805
Co 5.780262154854763 7.585996408421318 1.850753805
Co 9.49569504004305 6.849322207290431 5.552261415000002
Co 7.000000024956951 5.473348445488481 1.850753805
Co 8.275957169940861 4.7366742443575935 5.552261415000002
Si 7.0 4.0 3.70150761
Si 7.0 4.0 0.0
