mp-29035.cif
Sr 7.9983052125 13.108741024914597 4.85466355749941
Sr 9.9949156375 6.914022155085404 9.498150572500595
Sr 7.9983052125 7.097359434914596 2.3217435075005923
Sr 9.9949156375 12.925403745085404 12.031070622499408
Y 7.9983052125 9.197812747462052 5.592412413067396
Y 9.9949156375 10.824950432537946 8.760401716932604
Y 7.9983052125 15.209194337462053 1.5839946519326038
Y 9.9949156375 4.813568842537947 12.768819478067396
Y 7.9983052125 15.05135661697185 8.625666253096783
Y 9.9949156375 4.97140656302815 5.727147876903218
Y 7.9983052125 9.039975026971849 12.903554941903217
Y 9.9949156375 10.98278815302815 1.4492591880967836
S 7.9983052125 11.571679444542475 13.969142596724616
S 9.9949156375 8.451083735457525 0.3836715332753885
S 7.9983052125 5.560297854542475 7.560078598275388
S 9.9949156375 14.462465325457526 6.792735531724612
S 9.9949156375 7.5159680033158365 4.673218295358917
S 7.9983052125 12.506795176684165 9.679595834641088
S 9.9949156375 13.527349593315837 2.5031887696410853
S 7.9983052125 6.495413586684164 11.849625360358916
S 9.9949156375 11.041236936455352 6.05212788263821
S 7.9983052125 8.981526243544648 8.300686247361794
S 9.9949156375 5.029855346455352 1.1242791823617908
S 7.9983052125 14.992907833544647 13.228534947638213
S 9.9949156375 15.7534612197917 10.275470280153133
S 7.9983052125 4.269301960208301 4.0773438498468675
S 9.9949156375 9.7420796297917 11.253750914846867
S 7.9983052125 10.280683550208302 3.0990632151531328
