mp-27833.cif
Tl 9.533365077500001 11.6000952325 7.6000952325
Tl 14.6000952325 6.5333650775 2.5333650775
Tl 9.533365077500001 6.5333650775 2.5333650775
Tl 14.6000952325 11.6000952325 7.6000952325
Tl 14.6000952325 11.6000952325 2.5333650775
Tl 9.533365077500001 6.5333650775 7.6000952325
Tl 14.6000952325 6.5333650775 7.6000952325
Tl 9.533365077500001 11.6000952325 2.5333650775
Te 7.0 4.0 0.0
Te 7.0 9.066730155 5.066730155
Te 12.066730155 4.0 5.066730155
Te 12.066730155 9.066730155 0.0
Cl 7.0 6.524248307262902 5.066730155
Cl 7.0 4.0 2.542481847737098
Cl 7.0 4.0 7.590978462262902
Cl 7.0 11.609212002737099 5.066730155
Cl 9.524248307262901 4.0 5.066730155
Cl 14.609212002737099 4.0 5.066730155
Cl 7.0 11.590978462262903 0.0
Cl 7.0 9.066730155 7.609212002737098
Cl 7.0 9.066730155 2.5242483072629023
Cl 7.0 6.542481847737098 0.0
Cl 9.524248307262901 9.066730155 0.0
Cl 14.609212002737099 9.066730155 0.0
Cl 12.066730155 6.524248307262902 0.0
Cl 12.066730155 4.0 7.609212002737098
Cl 12.066730155 4.0 2.5242483072629023
Cl 12.066730155 11.609212002737099 0.0
Cl 14.590978462262903 4.0 0.0
Cl 9.542481847737097 4.0 0.0
Cl 12.066730155 11.590978462262903 5.066730155
Cl 12.066730155 9.066730155 2.542481847737098
Cl 12.066730155 9.066730155 7.590978462262902
Cl 12.066730155 6.542481847737098 5.066730155
Cl 14.590978462262903 9.066730155 5.066730155
Cl 9.542481847737097 9.066730155 5.066730155
