mp-2223.cif
Ga 8.961327095 4.0 0.0
Ga 8.961327095 4.0 8.28537412
Ga 7.0 8.360423787462132 4.14268706
Ga 7.0 5.160372642537867 12.42806118
Ga 7.0 5.73722581056617 1.5450751251356287
Ga 7.0 7.78357061943383 15.025673114864372
Ga 7.0 5.73722581056617 6.740298994864373
Ga 7.0 7.78357061943383 9.830449245135632
Pt 8.961327095 6.760398215 0.0
Pt 8.961327095 6.760398215 8.28537412
Pt 7.0 5.443259300562389 4.14268706
Pt 7.0 8.077537129437612 12.42806118
Pt 7.0 8.381240723312947 1.1383732856119424
Pt 7.0 5.139555706687052 15.432374954388061
Pt 7.0 8.381240723312947 7.1470008343880576
Pt 7.0 5.139555706687052 9.423747405611943
Pt 8.961327095 4.272380913666018 2.567876887100068
Pt 8.961327095 9.248415516333981 14.002871352899936
Pt 8.961327095 4.272380913666018 5.717497232899935
Pt 8.961327095 9.248415516333981 10.853251007100068
Pt 8.961327095 7.067221334898108 2.7862689093318767
Pt 8.961327095 6.4535750951018915 13.784479330668127
Pt 8.961327095 7.067221334898108 5.499105210668123
Pt 8.961327095 6.4535750951018915 11.071643029331877
