mp-23269.cif
W 7.662159785872679 11.27758183397879 4.685630450615981
W 7.9440456157178865 5.309641339101976 7.643270674372913
W 12.971490853409437 8.537731744903642 1.7279901381298424
W 6.3378400625734015 14.222358144166787 7.144930621870158
W 13.633650715059073 7.065343589809644 4.187290309384019
W 1.0285092223675276 16.96220810199238 1.2296500856270884
W 15.239856116649642 15.652566762890409 7.643270674372913
W 15.521741946494851 9.684626268013595 1.7279901381298424
W 5.393794446855516 12.912716805064813 4.685630450615981
W 6.337840138350361 5.4723881550939995 1.2296500856270884
W 6.055954308505152 11.440328649970814 7.144930621870158
W 16.18390180814449 8.212238112919596 4.187290309384019
W 15.239856192426602 6.902596773817621 1.7279901381298424
W 7.944045539940924 14.059611328174766 4.685630450615981
W 20.549187032632474 4.162746815992023 7.643270674372913
W 13.915536469127328 9.847373084005618 4.187290309384019
W 13.633650639282116 15.81531357888243 1.2296500856270884
W 8.606205401590563 12.587223173080766 7.144930621870158
Cl 8.490291276401893 9.461461740796263 3.3402725094428667
Cl 9.102786007472709 6.934884294165412 6.297912733199797
Cl 10.984618971125403 8.728608883022734 0.3826321969567284
Cl 5.509708572044186 16.038478237349313 8.490288563043272
Cl 12.474910323304254 5.440100634746209 5.532648250557132
Cl 3.015381104651565 16.771330963873293 2.575008026800202
Cl 8.115606477578186 5.552138531164853 2.844591316375054
Cl 7.786388235169298 11.007757173281178 8.759871852618122
Cl 12.675701542252519 8.565059213538376 5.802231628861192
Cl 13.462089853198776 6.822846397746767 0.11304890738187641
Cl 6.213611840607669 14.49218267361485 3.0706891311388067
Cl 1.324298306193561 16.9348807646072 6.028329443624945
Cl 9.636839836875081 10.826201246895291 5.928618843104748
Cl 11.59324377271879 7.053298949930959 2.9709785306186083
Cl 7.347612645406128 7.24545472115816 0.013338306861677598
Cl 4.363160011570995 14.673738731250289 5.901942229381391
Cl 9.984452558058171 5.321685978980661 8.859582453138321
Cl 14.230083685370836 5.12953020775346 2.944301916895253
Cl 16.06798760717885 13.836446669707884 6.297912733199797
Cl 16.680482338249668 11.309869223077031 0.3826321969567284
Cl 3.4069225645714774 13.103593943183903 3.3402725094428667
Cl 5.509708647821148 7.288508248276527 2.575008026800202
Cl 4.89721391675033 9.815085694907378 8.490288563043272
Cl 18.170773690428526 8.021360974800505 5.532648250557132
Cl 15.693302581024257 9.927123591326023 5.802231628861192
Cl 15.36408456594626 15.382742102192797 2.844591316375054
Cl 5.098005363029482 12.940044142449999 8.759871852618122
Cl 5.884393673975739 11.197831326658385 3.0706891311388067
Cl 6.213611689053742 5.742212815791611 6.028329443624945
Cl 16.479690891970524 8.184910775534409 0.11304890738187641
Cl 2.059143657652047 15.20118617580691 0.013338306861677598
Cl 4.015547366164867 11.428284010092128 5.928618843104748
Cl 14.92530897618309 11.62043965006978 2.9709785306186083
Cl 19.518552597347956 5.923768742177499 8.859582453138321
Cl 17.562148888835136 9.69667090789228 2.944301916895253
Cl 6.652387278816911 9.504515267914629 5.901942229381391
Cl 16.067987682955813 5.086476680635093 0.3826321969567284
Cl 9.10278593169575 15.6848542832382 3.3402725094428667
Cl 18.56231515034844 4.353623954111114 6.297912733199797
Cl 13.08740497859811 11.663493177188148 5.532648250557132
Cl 12.474910247527292 14.190070623818995 2.575008026800202
Cl 10.593077283874603 12.396346034961674 8.490288563043272
Cl 8.115606401801227 14.302108520237642 8.759871852618122
Cl 15.364084414392332 6.6327722443695585 5.802231628861192
Cl 20.253397948806445 4.190074153377209 2.844591316375054
Cl 13.462089777421816 15.572816386819557 6.028329443624945
Cl 13.791308019830707 10.11719774470323 0.11304890738187641
Cl 8.901994712747484 12.55989570444603 3.0706891311388067
Cl 17.21453624342901 6.45121618673412 2.9709785306186083
Cl 11.59324369694183 15.803268939003749 0.013338306861677598
Cl 7.34761256962917 15.99542471023095 5.928618843104748
Cl 11.94085641812492 10.29875367108912 2.944301916895253
Cl 9.984452482281213 14.07165596805345 5.901942229381391
Cl 14.230083609593876 13.879500196826246 8.859582453138321
