mp-29603.cif
Rb 7.289826636654868 17.84063049961972 6.120639719089311
Rb 7.166650095668233 10.583057349619722 3.2440601404323983
Rb 10.684764830668232 4.674515800380277 3.2440601404323983
Rb 10.807941371654868 11.932088950380276 6.120639719089311
Rb 10.710916448854501 16.578008435691846 8.463000161324954
Rb 10.7817897534686 9.320435285691847 0.9016996981967542
Rb 7.2636750184686 5.937137864308153 0.9016996981967542
Rb 7.192801713854501 13.194711014308153 8.463000161324954
Zr 8.380458251665095 14.856705135957638 2.7776322535882048
Zr 6.076018480658006 7.599131985957637 6.5870676059335045
Zr 9.594133215658006 7.6584411640423635 6.5870676059335045
Zr 11.898572986665094 14.916014314042362 2.7776322535882048
Te 6.789583814612606 17.229197089604856 2.5900310005953795
Te 7.666892917710494 9.971623939604857 6.774668858926329
Te 11.185007652710496 5.2859492103951435 6.774668858926329
Te 10.307698549612606 12.543522360395142 2.5900310005953795
Te 10.293486484182509 15.81943252005901 4.920562515850467
Te 11.199219718140592 8.561859370059011 4.444137343671241
Te 7.6811049831405915 6.69571377994099 4.444137343671241
Te 6.775371749182509 13.953286929940989 4.920562515850467
Te 10.29217946706971 16.302564519807696 0.8495290489263573
Te 11.20052673525339 9.044991369807693 8.515170810595352
Te 7.6824120002533896 6.212581780192306 8.515170810595352
Te 6.774064732069711 13.470154930192306 0.8495290489263573
