mp-2884.cif
Cs 8.433416729413455 5.385556585651701 0.0
Cs 11.475071614413455 8.420820914348301 0.0
Cs 8.608238155586545 11.191934085651702 0.0
Cs 11.649893040586544 14.2271984143483 0.0
Cs 11.475071614413455 11.191934085651702 7.085766795
Cs 8.433416729413455 14.2271984143483 7.085766795
Cs 11.649893040586544 5.385556585651701 7.085766795
Cs 8.608238155586545 8.420820914348301 7.085766795
Mn 7.0 9.8063775 10.6286501925
Mn 7.0 9.8063775 3.5428833975
Mn 10.041654885 12.41467090438205 10.6286501925
Mn 10.041654885 7.19808409561795 10.6286501925
Mn 10.041654885 12.41467090438205 3.5428833975
Mn 10.041654885 7.19808409561795 3.5428833975
Mn 10.041654885 4.0 3.5428833975
Mn 10.041654885 4.0 10.6286501925
Mn 7.0 6.608293404382049 3.5428833975
Mn 7.0 13.004461595617952 3.5428833975
Mn 7.0 6.608293404382049 10.6286501925
Mn 7.0 13.004461595617952 10.6286501925
S 11.761666983470253 11.3735403869743 11.977761625558998
S 11.761666983470253 8.2392146130257 9.279538759441001
S 8.321642786529747 11.3735403869743 9.279538759441001
S 8.321642786529747 8.2392146130257 11.977761625558998
S 11.761666983470253 8.2392146130257 4.891994972274333
S 11.761666983470253 11.3735403869743 2.1937719644410025
S 8.321642786529747 11.3735403869743 4.891994972274333
S 8.321642786529747 8.2392146130257 2.1937719644410025
S 8.720012098470253 5.5671628869743 4.891994972274333
S 8.720012098470253 14.0455921130257 2.1937718227256675
S 11.363297671529745 5.5671628869743 2.1937718227256675
S 11.363297671529745 14.0455921130257 4.891994972274333
S 8.720012098470253 14.0455921130257 11.977761767274336
S 8.720012098470253 5.5671628869743 9.279538759441001
S 11.363297671529745 5.5671628869743 11.977761767274336
S 11.363297671529745 14.0455921130257 9.279538759441001
