mp-23230.cif
P 12.76292317130434 12.02059842300091 7.140934575000001
P 9.65199555130434 8.247584266999091 2.3803115249999998
P 10.56985968869566 7.93120419300091 7.140934575000001
P 7.45893206869566 4.15819003699909 2.3803115249999998
Cl 11.610626683603346 11.386172746522554 8.718345599813777
Cl 8.499699063603348 8.882009943477446 0.8029005001862252
Cl 11.722156176396652 7.296778516522556 5.5635235501862255
Cl 8.611228556396652 4.792615713477445 3.9577225498137754
Cl 12.219844928004902 5.600345909816854 2.3803115249999998
Cl 9.108917308004902 6.489048320183146 7.140934575000001
Cl 11.112937931995098 9.689740139816854 2.3803115249999998
Cl 8.002010311995098 10.578442550183146 7.140934575000001
Cl 11.610626683603346 11.386172746522554 5.5635235501862255
Cl 8.499699063603348 8.882009943477446 3.9577225498137754
Cl 11.722156176396652 7.296778516522556 8.718345599813777
Cl 8.611228556396652 4.792615713477445 0.8029005001862252
