mp-2398.cif
Sc 9.12641534 4.0 2.3795106297727395
Sc 7.0 4.0 10.18653967977274
Sc 9.12641534 6.126415339999999 5.427518420227259
Sc 7.0 6.126415339999999 28.848605570227257
Sc 7.0 6.126415339999999 17.99356872977274
Sc 9.12641534 6.126415339999999 25.80059777977274
Sc 7.0 4.0 21.041576520227267
Sc 9.12641534 4.0 13.234547470227264
Sn 9.12641534 4.0 28.34614361916345
Sn 7.0 4.0 4.92505615688229
Sn 9.12641534 6.126415339999999 10.689001630836554
Sn 7.0 6.126415339999999 2.8819725808365497
Sn 9.12641534 4.0 7.80702905
Sn 9.12641534 6.126415339999999 0.0
Sn 7.0 4.0 0.0
Sn 7.0 6.126415339999999 7.80702905
Sn 7.0 6.126415339999999 12.732085206882287
Sn 9.12641534 6.126415339999999 20.539114256882286
Sn 7.0 4.0 26.303059730836548
Sn 9.12641534 4.0 18.496030680836558
Sn 7.0 6.126415339999999 23.421087149999998
Sn 7.0 4.0 15.6140581
Sn 9.12641534 6.126415339999999 15.6140581
Sn 9.12641534 4.0 23.421087149999998
