mp-28610.cif
Cs 10.631540874999999 4.0 2.641570515
Cs 7.0 7.631540874999999 2.641570515
Cs 7.0 7.631540874999999 7.924711545000001
Cs 10.631540874999999 4.0 7.924711545000001
Ag 10.631540874999999 7.631540874999999 0.0
Ag 7.0 4.0 0.0
Ag 7.0 4.0 5.28314103
Ag 10.631540874999999 7.631540874999999 5.28314103
Cl 12.526682051971544 9.526682051971544 0.0
Cl 8.736399698028453 9.526682051971544 0.0
Cl 12.526682051971544 5.736399698028452 0.0
Cl 8.736399698028453 5.736399698028452 0.0
Cl 7.0 4.0 2.8603490832510214
Cl 10.631540874999999 7.631540874999999 2.422791946748979
Cl 8.895141176971547 5.8951411769715465 5.28314103
Cl 12.367940573028452 5.8951411769715465 5.28314103
Cl 8.895141176971547 9.367940573028452 5.28314103
Cl 12.367940573028452 9.367940573028452 5.28314103
Cl 10.631540874999999 7.631540874999999 8.143490113251021
Cl 7.0 4.0 7.70593297674898
