mp-20817.cif
Ge 12.314369288925683 9.341356006078943 2.2900885455448177
Ge 12.314369288925683 6.315008511078943 3.820431344455182
Ge 9.29989487892568 7.737686478921057 2.2900885455448177
Ge 9.29989487892568 4.711338983921056 3.820431344455182
Pt 7.015263188280153 7.08299484899226 1.5899471319149825
Pt 10.029737598280153 6.96970014100774 4.5205727580850175
Pt 10.029737598280153 9.99604763600774 1.5899471319149825
Pt 7.015263188280153 4.056647353992259 4.5205727580850175
Se 7.687855311087346 7.732577943822546 5.274977604809616
Se 7.687855311087346 4.706230448822547 0.8355422851903836
Se 10.702329721087345 9.346464541177454 5.274977604809616
Se 10.702329721087345 6.320117046177453 0.8355422851903836
