mp-29662.cif
Tl 6.999999978588359 6.472403466860397 3.792490420849807
Tl 9.1411642 7.7086051817475685 11.377471035
Tl 9.141164221411643 5.236201714887173 18.962451649150193
Bi 7.0 4.0 0.0
Bi 9.141164221411643 5.236201714887173 7.584980614150192
Bi 6.999999978588359 6.472403466860397 15.169961455849808
Se 9.141164221411643 5.236201714887173 1.6414725734553277
Se 7.0 4.0 5.943508268244286
Se 6.999999978588359 6.472403466860397 9.22645318760552
Se 9.141164221411643 5.236201714887173 13.528488882394479
Se 7.0 4.0 16.811433801755715
Se 6.999999978588359 6.472403466860397 21.11346949654467
