mp-23390.cif
Rb 10.04029582 9.149324681122113 2.6194539688005247
Rb 8.01343194 7.894731728877887 12.433126511199474
Rb 10.04029582 4.627296476122113 4.906836271199477
Rb 8.01343194 12.416759933877886 10.145744208800528
Cd 10.04029582 11.549453826236785 14.218579162760582
Cd 8.01343194 5.494602583763216 0.8340013172394176
Cd 10.04029582 7.027425621236784 8.360291557239421
Cd 8.01343194 10.016630788763216 6.692288922760584
Cl 10.04029582 12.817303556366786 1.503038846059834
Cl 10.04029582 6.9753978779269765 14.980550269783883
Cl 8.01343194 5.546630327073023 7.454260029783886
Cl 10.04029582 11.497426082926976 7.598320450216115
Cl 8.01343194 11.071868409219299 4.400173938532915
Cl 10.04029582 5.972188000780701 10.652406541467084
Cl 8.01343194 6.549840204219299 3.1261163014670856
Cl 8.01343194 4.226752853633212 13.54954163394017
Cl 10.04029582 8.295275351366787 6.023251393940169
Cl 8.01343194 8.748781058633213 9.029329086059834
Cl 10.04029582 10.4942162057807 11.926464178532918
Cl 8.01343194 10.068658532073023 0.07203021021611519
