mp-27374.cif
Na 11.107322469308858 5.470364720147098 6.126831383261941
Na 8.385240823310472 8.437313668229766 12.18247300779977
Na 11.433192866689527 5.510688606770233 0.0406803477997704
Na 8.523976021689528 14.385315943229767 12.10111231220023
Na 8.523976021689528 8.437313668229766 0.0406803477997704
Na 11.433192866689527 11.458690881770234 12.10111231220023
Na 8.385240823310472 14.385315943229767 24.24290497220023
Na 11.294457668310471 5.510688606770233 12.18247300779977
Na 11.107322469308858 11.4183669951471 6.014961276738059
Na 8.198105624308859 8.477637554852901 6.126831383261941
Na 11.620328065691142 5.470364720147098 18.26862404326194
Na 8.711111220691143 14.425639829852903 18.15675393673806
Na 8.711111220691143 8.477637554852901 18.26862404326194
Na 11.620328065691142 11.4183669951471 18.15675393673806
Na 8.198105624308859 14.425639829852903 6.014961276738059
Na 11.294457668310471 11.458690881770234 24.24290497220023
As 8.690611075086828 11.665947712482108 9.423662475421798
As 11.127822614913171 14.178059112517893 21.565455135421796
As 8.218605769913172 5.717945437482108 14.859922844578204
As 8.218605769913172 11.665947712482108 21.565455135421796
As 11.127822614913171 8.230056837517893 14.859922844578204
As 8.690611075086828 5.717945437482108 2.7181301845782024
As 11.599827920086828 14.178059112517893 9.423662475421798
As 11.471752266780864 8.224379826226542 20.908235683066454
As 8.562535421780863 11.67162472377346 15.517142296933544
As 11.255898268219136 14.172382101226543 3.3753496369335445
As 8.346681423219136 5.723622448773458 8.766443023066456
As 8.346681423219136 11.67162472377346 3.3753496369335445
As 11.255898268219136 8.224379826226542 8.766443023066456
As 8.562535421780863 5.723622448773458 20.908235683066454
As 11.599827920086828 8.230056837517893 2.7181301845782024
As 11.471752266780864 14.172382101226543 15.517142296933544
Se 8.229110079175413 14.055999919912528 9.028049844882961
Se 8.523394701979559 5.472490298240092 0.40949992731163687
Se 11.29503898802044 8.47551197675991 12.551292587311636
Se 8.385822143020441 11.420492573240093 23.874085392688364
Se 8.385822143020441 5.472490298240092 12.551292587311636
Se 11.29503898802044 14.423514251759908 23.874085392688364
Se 8.523394701979559 11.420492573240093 11.732292732688363
Se 11.43261154697956 8.47551197675991 0.40949992731163687
Se 11.10975341090454 14.397933321495682 5.688425247328789
Se 8.20053656590454 5.498071228504321 6.453367412671211
Se 11.61789712409546 8.44993104649568 18.59516007267121
Se 8.70868027909546 11.446073503504321 17.83021790732879
Se 8.70868027909546 5.498071228504321 18.59516007267121
Se 11.61789712409546 14.397933321495682 17.83021790732879
Se 8.20053656590454 11.446073503504321 5.688425247328789
Se 11.10975341090454 8.44993104649568 6.453367412671211
Se 11.138326924175413 5.840004630087473 3.1137428151170377
Se 11.589323610824586 11.788006905087475 21.16984250488296
Se 8.680106765824586 8.107997644912526 15.25553547511704
Se 8.680106765824586 14.055999919912528 21.16984250488296
Se 11.589323610824586 5.840004630087473 15.25553547511704
Se 8.229110079175413 8.107997644912526 3.1137428151170377
Se 11.138326924175413 11.788006905087475 9.028049844882961
Se 10.791956904849462 5.838167411144772 9.180050033163264
Se 7.882740059849462 14.057837138855229 2.961742626836736
Se 11.935693630150539 11.78616968614477 15.103535286836737
Se 9.026476785150539 8.109834863855228 21.321842693163266
Se 9.026476785150539 14.057837138855229 15.103535286836737
Se 11.935693630150539 5.838167411144772 21.321842693163266
Se 7.882740059849462 8.109834863855228 9.180050033163264
Se 10.791956904849462 11.78616968614477 2.961742626836736
Se 11.43261154697956 14.423514251759908 11.732292732688363
