mp-28353.cif
Na 13.633141558251458 9.101658210552703 3.030043653809042
Na 9.050470578251458 13.778267764447298 4.938172651190955
Na 14.114871381748541 9.101658210552703 12.906388956190957
Na 9.53220040174854 13.778267764447298 10.99825995880904
Na 9.53220040174854 8.818292439447298 12.906388956190957
Na 14.114871381748541 4.141682885552703 10.99825995880904
Na 9.050470578251458 8.818292439447298 3.030043653809042
Na 13.633141558251458 4.141682885552703 4.938172651190955
Na 15.60907178514353 10.75410186513778 0.45932193242165936
Na 11.026400805143531 12.125824109862222 7.508894372578341
Na 12.138941154856468 10.75410186513778 15.477110677578342
Na 7.5562701748564685 12.125824109862222 8.42753823742166
Na 7.5562701748564685 7.16584878486222 15.477110677578342
Na 12.138941154856468 5.794126540137779 8.42753823742166
Na 11.026400805143531 7.16584878486222 0.45932193242165936
Na 15.60907178514353 5.794126540137779 7.508894372578341
Na 13.93836990060726 10.654598312150359 6.167132644188107
Na 9.35569892060726 12.225327662849644 1.8010836608118916
Na 13.80964303939274 10.654598312150359 9.769299965811891
Na 9.22697205939274 12.225327662849644 14.135348949188106
Na 9.22697205939274 7.265352337849643 9.769299965811891
Na 13.80964303939274 5.694622987150357 14.135348949188106
Na 9.35569892060726 7.265352337849643 6.167132644188107
Na 13.93836990060726 5.694622987150357 1.8010836608118916
Te 13.87400647 13.205248461516982 7.968216304999999
Te 9.29133549 9.674677513483019 0.0
Te 9.29133549 4.714702188483018 7.968216304999999
Te 13.87400647 8.245273136516982 0.0
Te 11.677365551715749 6.438378627897588 11.908279823145456
Te 7.094694571715747 6.521596697102412 11.996369091854541
Te 16.07064738828425 6.438378627897588 4.02815278685454
Te 11.487976408284252 6.521596697102412 3.9400635181454606
Te 11.487976408284252 11.481572022102412 4.02815278685454
Te 16.07064738828425 11.398353952897589 3.9400635181454606
Te 7.094694571715747 11.481572022102412 11.908279823145456
Te 11.677365551715749 11.398353952897589 11.996369091854541
Te 9.835182043829688 5.392168354208662 13.814727367522694
Te 14.417853023829688 7.567806970791338 10.089921547477303
Te 8.747488936170312 5.392168354208662 2.1217052424773075
Te 13.330159916170311 7.567806970791338 5.846511062522693
Te 13.330159916170311 12.527782295791338 2.1217052424773075
Te 8.747488936170312 10.352143679208663 5.846511062522693
Te 14.417853023829688 12.527782295791338 13.814727367522694
Te 9.835182043829688 10.352143679208663 10.089921547477303
Te 7.0 8.959975325 7.968216304999999
Te 11.58267098 4.0 0.0
Te 11.58267098 8.959975325 7.968216304999999
Te 7.0 4.0 0.0
