mp-21069.cif
Y 10.244529759999999 4.09706504230765 1.3227117400013038
Y 8.08150992 7.40171993769235 4.862929320001302
Y 10.244529759999999 7.5958500223076495 2.217505839998697
Y 8.08150992 10.900504917692349 5.757723419998697
Si 8.08150992 6.138431418791449 0.7504025733664578
Si 8.08150992 9.63721639879145 2.789815006633541
Si 10.244529759999999 8.859138541208551 6.330032586633542
Si 10.244529759999999 5.3603535612085516 4.290620153366459
Ru 8.08150992 8.562832669089616 0.47766583950334485
Ru 8.08150992 5.064047689089616 3.0625517404966556
Ru 10.244529759999999 9.933522270910384 4.0178834195033435
Ru 10.244529759999999 6.434737290910385 6.6027693204966535
