mp-22337.cif
Hf 6.999999960233147 8.591880760663297 0.0
Hf 10.976685409766855 6.295940345892542 2.8308275399999996
Hf 10.976685409766855 6.295940345892542 0.0
Hf 6.999999960233147 8.591880760663297 2.8308275399999996
Hf 8.924993212185118 4.0 1.4154137699999998
Hf 7.96249660609256 5.66709302386492 4.24624131
Hf 11.93918197609256 9.220728082690918 4.24624131
Hf 6.037503393907441 5.66709302386492 1.4154137699999998
Hf 10.014188763907441 9.220728082690918 1.4154137699999998
Hf 13.028377527814882 4.0 4.24624131
Ga 11.828869956701224 4.0 1.4154137699999998
Ga 9.414434978350613 8.181924054074724 4.24624131
Ga 5.437749608350613 6.705897052481117 4.24624131
Ga 4.585565021649389 8.181924054074724 1.4154137699999998
Ga 8.562250391649389 6.705897052481117 1.4154137699999998
Ga 10.124500783298776 4.0 4.24624131
