mp-28108.cif
Na 15.541087682188857 12.424777706372716 9.020705584234282
Na 11.213681332188857 8.803533923627286 6.317519235765719
Na 7.113725017811143 8.015340496372716 13.986631645765716
Na 11.441131367811144 4.3940967136272855 1.3515931742342815
Na 12.414230906329294 10.731499669843775 9.729641709824138
Na 8.086824556329294 10.496811960156226 5.608583110175856
Na 10.240581793670707 6.322062459843776 13.27769552017586
Na 14.567988143670705 6.087374750156224 2.0605292998241413
Na 12.778066423114499 9.551157001000089 2.0286708865795116
Na 8.450660073114497 11.677154628999912 13.309553933420483
Na 9.876746276885504 5.141719791000089 5.640441523420487
Na 14.204152626885502 7.267717418999911 9.697783296579514
Na 14.633209167763495 7.171074637214668 5.7021376921719575
Na 10.305802817763494 5.2383625727853325 9.636087127828041
Na 8.021603532236506 11.580511847214666 1.966974717828041
Na 12.349009882236507 9.647799782785334 13.37125010217196
Sn 13.734662705131907 4.583832768432469 13.400494268378269
Sn 9.407256355131906 7.825604441567533 1.9377305516217327
Sn 8.920149994868094 8.993269978432469 9.606842961621728
Sn 13.247556344868093 12.235041651567531 5.731381858378265
Te 14.045853419610564 10.02830766919633 7.195009874783025
Te 9.718447069610566 11.20000396080367 8.14321494521697
Te 8.608959280389435 5.618870459196328 0.47410253521697343
Te 12.936365630389435 6.790566750803672 14.864122284783024
Te 11.202549165901608 11.464653179011965 4.0402879678929065
Te 15.529955515901609 9.763658450988036 11.297936852107089
Te 11.452263534098392 7.055215969011964 3.628824442107092
Te 7.124857184098391 5.3542212409880365 11.709400377892909
Te 12.587875875454474 5.458757532700391 7.485189302067408
Te 8.260469525454473 6.950679677299609 7.853035517932588
Te 10.066936824545527 9.868194742700389 0.18392310793259123
Te 14.394343174545526 11.360116887299611 15.154301712067406
Te 15.515389119935001 4.370432675141123 4.4519269629706635
Te 11.187982769935001 8.039004534858877 10.886297857029334
Te 7.139423580064999 8.779869885141123 3.2171854470293337
Te 11.466829930065 12.448441744858878 12.121039372970667
