mp-20433.cif
Ti 10.234796053825 5.7622164461750005 1.4943244999999998
Ti 15.231808553825001 7.234796053825001 1.4943244999999998
Ti 8.762216446175 10.759228946175 1.4943244999999998
Ti 7.0 8.9970125 0.0
Ti 13.759228946175 12.231808553825001 1.4943244999999998
Ti 11.9970125 4.0 0.0
In 9.877839462899999 8.409793573075 0.0
In 16.406806073075003 11.8748519629 0.0
In 14.8748519629 4.587218926925 0.0
In 12.584231426925001 6.8778394629 0.0
In 14.116185537100002 9.584231426925001 0.0
In 11.409793573075 11.116185537100002 0.0
In 7.587218926925 6.1191730371 0.0
In 9.119173037100001 13.406806073075002 0.0
