mp-25469.cif
Al 9.978104290000001 7.437524411162125 0.0
Al 9.978104290000001 10.873020428837876 0.0
Al 7.0 12.592796831162124 0.0
Al 7.0 5.717748008837876 0.0
Cl 7.83330958505214 4.0 1.3275052267564063
Cl 10.206161095165658 4.0 4.665574821229607
Cl 6.991319499573073 12.458015120693778 4.671144849757007
Cl 11.048151180644723 12.458015120693778 1.3219351982290073
Cl 11.048151180644723 5.8525297193062205 1.3219351982290073
Cl 6.991319499573073 5.8525297193062205 4.671144849757007
Cl 10.81141387505214 9.15527242 1.3275052267564063
Cl 7.228056805165657 9.15527242 4.665574821229607
Cl 9.969423789573073 7.302742700693781 4.671144849757007
Cl 8.070046890644724 7.302742700693781 1.3219351982290073
Cl 8.070046890644724 11.007802139306222 1.3219351982290073
Cl 9.969423789573073 11.007802139306222 4.671144849757007
