mp-2512.cif
As 10.929869021632136 4.0 2.417761340731294
As 7.36100691420266 4.0 6.000999127327286
As 8.145858836632137 7.881798659999999 2.417761340731294
As 10.14501709920266 7.881798659999999 6.000999127327286
Pd 9.762283402184227 9.740734975833696 1.4673524019109223
Pd 8.528592533650569 9.740734975833696 6.951408066147654
Pd 9.762283402184227 6.0228623441663025 1.4673524019109223
Pd 8.528592533650569 6.0228623441663025 6.951408066147654
Pd 8.531510057334305 4.0 2.964375967403076
Pd 9.759365878500489 4.0 5.454384500655504
Pd 8.419229955217078 4.0 0.051003544918848634
Pd 9.871645980617716 4.0 8.367756923139732
Pd 9.145437967917399 6.457575193967079 4.209380234029289
Pd 9.145437967917399 9.306022126032918 4.209380234029289
Pd 6.978273217184227 5.858936315833698 1.4673524019109223
Pd 11.312602718650568 5.858936315833698 6.951408066147654
Pd 6.978273217184227 9.904661004166302 1.4673524019109223
Pd 11.312602718650568 9.904661004166302 6.951408066147654
Pd 11.315520242334305 7.881798659999999 2.964375967403076
Pd 6.97535569350049 7.881798659999999 5.454384500655504
Pd 11.20324014021708 7.881798659999999 0.051003544918848634
Pd 7.087635795617716 7.881798659999999 8.367756923139732
Pd 11.929448152917399 10.339373776331104 4.209380234029289
Pd 11.929448152917399 5.424223466032921 4.209380234029289
