mp-29752.cif
Ni 10.67592862 6.307442690144329 0.0
Ni 10.67592862 9.40146792985567 0.0
Ni 10.67592862 10.16189800014433 3.917403614999999
Ni 10.67592862 5.54701261985567 3.917403614999999
Ni 7.0 6.307442690144329 3.917403614999999
Ni 7.0 9.40146792985567 3.917403614999999
Ni 7.0 10.16189800014433 0.0
Ni 7.0 5.54701261985567 0.0
Ge 10.67592862 4.0 2.098913282643863
Ge 7.0 4.0 1.8184903323561363
Ge 10.67592862 7.854455309999999 6.016316897643861
Ge 7.0 7.854455309999999 5.7358939473561374
Ge 7.0 4.0 6.016316897643861
Ge 10.67592862 4.0 5.7358939473561374
Ge 7.0 7.854455309999999 2.098913282643863
Ge 10.67592862 7.854455309999999 1.8184903323561363
Pt 12.126055405755356 4.0 0.0
Pt 12.51389293 5.927227654999999 1.9587018074999996
Pt 9.225801834244644 4.0 0.0
Pt 12.51389293 9.781682964999998 1.9587018074999996
Pt 12.126055405755356 7.854455309999999 3.917403614999999
Pt 12.51389293 9.781682964999998 5.8761054225
Pt 9.225801834244644 7.854455309999999 3.917403614999999
Pt 12.51389293 5.927227654999999 5.8761054225
Pt 8.450126785755357 4.0 3.917403614999999
Pt 8.83796431 5.927227654999999 5.8761054225
Pt 12.901730454244642 4.0 3.917403614999999
Pt 8.83796431 9.781682964999998 5.8761054225
Pt 8.450126785755357 7.854455309999999 0.0
Pt 8.83796431 9.781682964999998 1.9587018074999996
Pt 12.901730454244642 7.854455309999999 0.0
Pt 8.83796431 5.927227654999999 1.9587018074999996
