mp-20162.cif
In 7.0 4.0 0.0
In 8.911011229110112 5.103322825484664 6.46636716866966
In 6.999999980889888 6.206645684069013 12.93273453133034
Ag 6.999999980889888 6.206645684069013 3.2331836813303387
Ag 7.0 4.0 9.69955085
Ag 8.911011229110112 5.103322825484664 16.16591801866966
S 7.0 4.0 4.9551707445361
S 8.911011229110112 5.103322825484664 1.511196424133561
S 8.911011229110112 5.103322825484664 11.42153791320576
S 6.999999980889888 6.206645684069013 7.977563786794239
S 6.999999980889888 6.206645684069013 17.88790527586644
S 7.0 4.0 14.443930955463896
