mp-3772.cif
Cd 7.0 4.0 0.0
Cd 9.901128835 6.901128835 5.422869634999999
Ga 9.901128835 4.0 2.7114348174999994
Ga 9.901128835 6.901128835 0.0
Ga 7.0 6.901128835 8.1343044525
Ga 7.0 4.0 5.422869634999999
Se 8.523006822984062 8.21929223099919 1.496055852034165
Se 11.27925084701594 5.58296543900081 1.496055852034165
Se 11.48409427400081 8.42413565798406 3.926813782965835
Se 8.318163395999191 5.37812201201594 3.926813782965835
Se 11.42413565798406 5.31816339599919 6.918925487034165
Se 8.378122070038517 8.48409427400081 6.918925487034165
Se 8.582965439000809 5.523006764961484 9.349683417965835
Se 11.21929223099919 8.27925084701594 9.349683417965835
