mp-30367.cif
Ca 9.908617928357932 9.814266182347886 3.6341026565914514
Ca 6.454923459667119 8.664498027481429 4.703144242164241
Ca 7.572471759955048 4.8006764493384395 4.703812859609485
Ca 11.026166228645861 5.950444604204899 3.6347712740366953
Ca 7.534314230858298 4.818834526748054 8.337667379835175
Ca 9.946775457454683 9.79610810493827 0.00024813636576213985
Ca 7.743038552493659 7.051922871396982 1.5159030793356665
Ca 4.292737466878709 3.6996140942549474 6.820505942289803
Ca 9.73805113581932 7.563019760289344 6.822012436865271
Ca 13.188352221434272 10.915328537431378 1.5174095739111335
Au 11.90371656630542 8.246544648095636 1.8479936662929681
Au 8.460004482851764 10.231100503880356 6.4899970579059225
Au 5.577373122007561 6.368397983590691 6.48992184990797
Au 9.021085205461217 4.383842127805969 1.847918458295012
