mp-3567.cif
Na 6.999999981184728 6.172600579827754 3.3852724910387817
Na 8.881527285 7.258900853447127 10.15581727
Na 8.881527303815274 5.086300273619373 16.926362048961217
V 7.0 4.0 0.0
V 8.881527303815274 5.086300273619373 6.770544778961217
V 6.999999981184728 6.172600579827754 13.541089761038782
Se 7.0 4.0 5.359974272693526
Se 8.881527303815274 5.086300273619373 1.4105705062676923
Se 8.881527303815274 5.086300273619373 12.130519051654744
Se 6.999999981184728 6.172600579827754 8.181115488345256
Se 6.999999981184728 6.172600579827754 18.901064033732307
Se 7.0 4.0 14.951660267306472
