mp-3167.cif
Hg 9.88504542 6.88504542 0.0
Hg 9.88504542 4.0 2.86301385
Hg 7.0 4.0 5.7260277
Hg 7.0 6.88504542 8.589041550000001
Ge 7.0 6.88504542 2.86301385
Ge 9.88504542 4.0 8.589041550000001
Se 11.286454501737747 7.99909451495677 4.354188732127296
Se 8.114049094956771 8.368681758262252 1.371838967872704
Se 8.483636338262253 5.77099632504323 4.354188732127296
Se 11.656041745043229 5.401409081737748 1.371838967872704
Se 8.401409081737748 5.11404909495677 10.080216432127298
Se 10.99909451495677 5.483636338262252 7.0978666678727045
Se 11.368681758262252 8.656041745043229 10.080216432127298
Se 8.77099632504323 8.286454501737747 7.0978666678727045
