mp-31185.cif
Mn 7.0 6.825931709999999 0.0
Mn 7.0 4.0 2.8259317099999994
Mn 9.825931709999999 6.825931709999999 2.8259317099999994
Mn 9.825931709999999 4.0 0.0
Al 7.0 4.0 0.0
Al 7.0 6.825931709999999 2.8259317099999994
Al 9.825931709999999 4.0 2.8259317099999994
Al 9.825931709999999 6.825931709999999 0.0
Fe 11.238897565 8.238897565 1.4129658549999997
Fe 11.238897565 5.4129658549999995 1.4129658549999997
Fe 11.238897565 5.4129658549999995 4.238897565
Fe 11.238897565 8.238897565 4.238897565
Fe 8.412965855 8.238897565 4.238897565
Fe 8.412965855 5.4129658549999995 4.238897565
Fe 8.412965855 5.4129658549999995 1.4129658549999997
Fe 8.412965855 8.238897565 1.4129658549999997
