mp-30666.cif
Sc 11.697932006375684 7.209717566914012 1.8920140929780802
Sc 7.719708388624317 6.207922828085987 8.845590177978082
Sc 14.625563223085987 10.137348783624317 5.06156199202192
Sc 10.209717566914012 10.137348783624317 1.8920140929780802
Sc 9.207922828085987 14.115572401375683 8.845590177978082
Sc 11.697932006375684 11.625563223085987 5.06156199202192
Sc 13.137348783624317 7.209717566914012 5.06156199202192
Sc 10.209717566914012 8.697932006375684 5.06156199202192
Sc 7.719708388624317 6.207922828085987 5.06156199202192
Sc 11.697932006375684 7.209717566914012 12.015138077021918
Sc 15.627357961914013 14.115572401375683 1.8920140929780802
Sc 9.207922828085987 14.115572401375683 5.06156199202192
Sc 10.209717566914012 10.137348783624317 12.015138077021918
Sc 7.719708388624317 12.627357961914013 1.8920140929780802
Sc 17.115572401375683 6.207922828085987 1.8920140929780802
Sc 9.207922828085987 4.719708388624317 1.8920140929780802
Sc 7.0 9.417640395 2.0432150155861892
Sc 12.417640395 4.0 2.0432150155861892
Sc 7.0 9.417640395 4.910361069413811
Sc 12.417640395 4.0 4.910361069413811
Sc 14.255725184348307 5.838084789348308 0.0
Sc 10.579555605651693 5.838084789348308 6.953576085
Sc 8.838084789348308 7.579555605651693 0.0
Sc 15.997196000651693 7.579555605651693 6.953576085
Sc 17.115572401375683 12.627357961914013 8.845590177978082
Sc 13.137348783624317 11.625563223085987 1.8920140929780802
Sc 9.20792271973318 4.719708388624317 12.015138077021918
Sc 15.627357961914013 4.719708388624317 8.845590177978082
Sc 14.625563223085987 8.697932006375684 1.8920140929780802
Sc 17.115572401375683 6.20792271973318 12.015138077021918
Sc 7.719708388624317 12.627357961914013 12.015138077021918
Sc 15.627357961914013 14.115572401375683 12.015138077021918
Sc 13.137348783624317 11.625563223085987 12.015138077021918
Sc 17.115572401375683 12.627357961914013 5.06156199202192
Sc 10.20971767526682 8.697932006375684 8.845590177978082
Sc 14.625563223085987 8.697932006375684 12.015138077021918
Sc 15.627357961914013 4.719708388624317 5.06156199202192
Sc 13.137348783624317 7.209717675266821 8.845590177978082
Sc 11.697932006375684 11.625563223085987 8.845590177978082
Sc 14.625563223085987 10.137348783624317 8.845590177978082
Sc 12.417640395 4.0 8.99679110058619
Sc 7.0 9.417640395 8.99679110058619
Sc 12.417640395 4.0 11.86393715441381
Sc 7.0 9.417640395 11.86393715441381
Sc 8.838084789348308 11.255725184348307 6.953576085
Sc 15.997196000651693 11.255725184348307 0.0
Sc 14.255725184348307 12.997196000651693 6.953576085
Sc 10.579555605651693 12.997196000651693 0.0
Ga 14.332949314066717 5.9153089190667165 2.7783926947515067
Ga 10.502331475933284 12.919971870933283 2.7783926947515067
Ga 15.919971870933283 7.502331475933284 4.175183390248493
Ga 8.915308919066716 7.502331475933284 2.7783926947515067
Ga 15.919971870933283 11.332949314066717 2.7783926947515067
Ga 14.332949314066717 12.919971870933283 4.175183390248493
Ga 10.502331475933284 5.9153089190667165 4.175183390248493
Ga 8.915308919066716 11.332949314066717 4.175183390248493
Ga 11.136535738317898 13.554176133317899 6.953576085
Ga 8.281104656682103 8.136535738317898 6.953576085
Ga 11.136535738317898 5.2811046566821025 0.0
Ga 8.281104656682103 10.698745051682103 0.0
Ga 7.0 4.0 6.953576085
Ga 7.0 4.0 0.0
Ga 7.0 4.0 10.430364127499999
Ga 7.0 4.0 3.4767880425
Ga 8.915308919066716 11.332949314066717 9.731968779751506
Ga 15.919971870933283 7.502331475933284 9.731968779751506
Ga 10.502331475933284 12.919971870933283 11.128759475248494
Ga 14.332949314066717 12.919971870933283 9.731968779751506
Ga 10.502331475933284 5.9153089190667165 9.731968779751506
Ga 8.915308919066716 7.502331475933284 11.128759475248494
Ga 15.919971870933283 11.332949314066717 11.128759475248494
Ga 14.332949314066717 5.9153089190667165 11.128759475248494
Ga 16.5541761333179 8.136535846670705 0.0
Ga 13.698745051682103 13.554176133317899 0.0
Ga 16.5541761333179 10.698745051682103 6.953576085
Ga 13.698745051682103 5.281104548329294 6.953576085
Ga 12.417640395 9.417640395 0.0
Ga 12.417640395 9.417640395 6.953576085
Ga 12.417640395 9.417640395 3.4767880425
Ga 12.417640395 9.417640395 10.430364127499999
