mp-30533.cif
K 10.543701130437011 6.045956760666254 0.523533566760732
K 7.0 4.0 5.8914816490891155
K 6.99999996456299 8.09191358271121 6.938548975061037
K 10.543701130437011 6.045956760666254 12.306496864938962
K 7.0 4.0 13.353564190910884
K 6.99999996456299 8.09191358271121 18.721512273239266
Pt 6.99999996456299 8.09191358271121 3.2075077041501525
Pt 10.54370105956299 8.09191358271121 3.2075077041501525
Pt 8.77185051206299 5.022978411022478 3.2075077041501525
Pt 12.31555160706299 5.022978411022478 3.2075077041501525
Pt 7.0 4.0 9.62252292
Pt 10.543701095 4.0 9.62252292
Pt 5.228149452500001 7.068935171688732 9.62252292
Pt 8.771850547500001 7.068935171688732 9.62252292
Pt 10.543701130437011 6.045956760666254 16.037538135849847
Pt 7.0000000354370115 6.045956760666254 16.037538135849847
Pt 8.771850582937013 9.114891932354986 16.037538135849847
Pt 5.228149487937013 9.114891932354986 16.037538135849847
S 8.812719378925427 7.045339540863797 4.383710827312142
S 10.543701095 4.047191261649871 4.383710827312142
S 12.274682811074573 7.045339540863797 4.383710827312142
S 8.81271941436244 9.138487563179922 2.0313043885377047
S 5.187280656511586 9.138487563179922 2.0313043885377047
S 7.0000000354370115 5.998765499016383 2.0313043885377047
S 5.26901831936244 9.09129630153005 10.79872604316199
S 7.0000000354370115 6.093148022316125 10.79872604316199
S 8.730981751511585 9.09129630153005 10.79872604316199
S 8.812719343488416 5.046574041847414 8.44631979683801
S 12.274682775637562 5.046574041847414 8.44631979683801
S 10.54370105956299 8.04472232106134 8.44631979683801
S 12.356420438488415 4.999382780197543 17.213741451462294
S 10.54370105956299 8.139104844361082 17.213741451462294
S 8.730981680637562 4.999382780197543 17.213741451462294
S 5.269018283925428 7.092530802513668 14.861335012687858
S 8.730981716074574 7.092530802513668 14.861335012687858
S 7.000000000000002 10.090679081727593 14.861335012687858
