mp-30853.cif
Tl 7.0 4.0 3.50859025
Tl 7.0 4.0 10.52577075
Tl 6.9999999715381405 7.286492592241983 3.50859025
Tl 9.846186088461861 5.6432462714722975 10.52577075
Tl 6.9999999715381405 7.286492592241983 12.733969669457517
Tl 6.9999999715381405 7.286492592241983 8.31757183054248
Tl 9.846186088461861 5.6432462714722975 1.3003913305424801
Tl 9.846186088461861 5.6432462714722975 5.71678916945752
Pt 7.000000028461861 5.637786092706848 1.20963785444876
Pt 8.427821711981945 8.110845792712162 1.20963785444876
Pt 5.572178344941777 8.110845792712162 1.20963785444876
Pt 8.427821711981945 8.110845792712162 5.807542645551241
Pt 7.000000028461861 5.637786092706848 5.807542645551241
Pt 5.572178344941777 8.110845792712162 5.807542645551241
Pt 9.84618603153814 7.291952771007434 12.82472314555124
Pt 8.418364348018056 4.818893071002118 12.82472314555124
Pt 11.274007715058225 4.818893071002118 12.82472314555124
Pt 8.418364348018056 4.818893071002118 8.226818354448762
Pt 9.84618603153814 7.291952771007434 8.226818354448762
Pt 11.274007715058225 4.818893071002118 8.226818354448762
