mp-3827.cif
K 9.014493599255687 13.458607095735749 3.72062320315932
K 10.028627576418563 5.556326644264251 1.24020773438644
K 5.478799034255687 7.951140225735749 3.72062320315932
K 6.492933011418563 11.06379351426425 1.24020773438644
Fe 10.028627576418563 9.576549670534508 1.24020773438644
Fe 9.014493599255687 9.438384069465492 3.72062320315932
Fe 6.492933011418563 4.069082800534508 1.24020773438644
Fe 5.478799034255687 14.945850939465492 3.72062320315932
S 11.88329446756376 13.83403954658322 1.9449073121332747
S 8.173960685273364 13.83403954658322 0.5355081566396053
S 10.869160490400885 5.180894193416778 4.425322780906154
S 7.159826708110489 5.180894193416778 3.0159236254124853
S 8.347599902563761 8.326572676583222 1.9449073121332747
S 11.709655250273364 8.326572676583222 0.5355081566396053
S 7.333465925400885 10.688361063416778 4.425322780906154
S 10.69552127311049 10.688361063416778 3.0159236254124853
