mp-31169.cif
Sc 10.280518395 4.0 0.0
Sc 10.280518395 7.280518395 3.280518395
Sc 7.0 4.0 3.280518395
Sc 7.0 7.280518395 0.0
Al 7.0 4.0 0.0
Al 7.0 7.280518395 3.280518395
Al 10.280518395 4.0 3.280518395
Al 10.280518395 7.280518395 0.0
Ag 8.6402591975 8.920777592500002 4.920777592500001
Ag 11.920777592500002 5.6402591975 1.6402591975
Ag 8.6402591975 5.6402591975 1.6402591975
Ag 11.920777592500002 8.920777592500002 4.920777592500001
Ag 11.920777592500002 8.920777592500002 1.6402591975
Ag 8.6402591975 5.6402591975 4.920777592500001
Ag 11.920777592500002 5.6402591975 4.920777592500001
Ag 8.6402591975 8.920777592500002 1.6402591975
