mp-3276.cif
Nb 7.0 6.018701114774 1.0369995517800001
Nb 9.479333 5.9277048852259995 7.109940448220001
Nb 7.0 9.965107114774 7.109940448220001
Nb 9.479333 9.874110885226001 1.0369995517800001
Nb 7.0 7.050121947715999 5.810365020240001
Nb 9.479333 4.896284052284 2.3365749797600004
Nb 7.0 10.996527947716 2.3365749797600004
Nb 9.479333 8.842690052284 5.810365020240001
Nb 9.479333 9.965107114774 9.18393955178
Nb 7.0 9.874110885226001 15.256880448220002
Nb 9.479333 6.018701114774 15.256880448220002
Nb 7.0 5.9277048852259995 9.18393955178
Nb 9.479333 10.996527947716 13.957305020240002
Nb 7.0 8.842690052284 10.483514979759997
Nb 9.479333 7.050121947715999 10.483514979759997
Nb 7.0 4.896284052284 13.957305020240002
Cr 10.718999499999999 4.0 4.994888914000001
Cr 8.2396665 7.946406 3.1520510860000006
Cr 10.718999499999999 7.946406 3.1520510860000006
Cr 8.2396665 4.0 4.994888914000001
Cr 8.2396665 7.946406 13.141828914000001
Cr 10.718999499999999 4.0 11.298991086000001
Cr 8.2396665 4.0 11.298991086000001
Cr 10.718999499999999 7.946406 13.141828914000001
Si 10.718999499999999 4.0 0.0
Si 8.2396665 4.0 0.0
Si 7.0 4.64768415272 6.999459794880001
Si 9.479333 7.2987218472799995 1.1474802051200002
Si 7.0 8.59409015272 1.1474802051200002
Si 9.479333 11.24512784728 6.999459794880001
Si 7.0 5.626791427725999 3.5511452357799995
Si 9.479333 6.319614572274 4.595794764219998
Si 9.479333 10.266020572274 3.5511452357799995
Si 7.0 9.573197427726 4.595794764219998
Si 8.2396665 7.946406 8.14694
Si 10.718999499999999 7.946406 8.14694
Si 9.479333 8.59409015272 15.14639979488
Si 7.0 11.24512784728 9.294420205120002
Si 9.479333 4.64768415272 9.294420205120002
Si 7.0 7.2987218472799995 15.14639979488
Si 9.479333 9.573197427726 11.69808523578
Si 7.0 10.266020572274 12.742734764220002
Si 7.0 6.319614572274 11.69808523578
Si 9.479333 5.626791427725999 12.742734764220002
