mp-30418.cif
Sn 7.0 4.0 0.0
Sn 9.550736980507372 5.472668652874489 4.913610230863896
Sn 6.999999974492631 6.945337349929039 9.827220609136099
Au 9.550736980507372 5.472668652874489 0.0513051669220032
Au 7.839802900563071 5.490756013630028 2.4568051891361016
Au 7.839802900563074 8.399918686228052 2.4568051891361016
Au 5.320394122351751 6.945337349929039 2.4568051891361016
Au 7.0 4.0 4.862305063941894
Au 6.999999974492631 6.945337349929039 4.964915545194208
Au 5.289065971070441 6.963424666504517 7.370415419999998
Au 7.8398029260704405 5.454581336299012 7.370415419999998
Au 10.42186805785912 4.0 7.370415419999998
Au 9.550736980507372 5.472668652874489 9.775915294805786
Au 7.0 4.0 9.878525776058106
Au 10.39053990657781 4.018087316575477 12.284025650863892
Au 10.39053990657781 6.927249989173502 12.284025650863892
Au 7.87113112836649 5.472668652874489 12.284025650863892
Au 6.999999974492631 6.945337349929039 14.689525673077997
