mp-33024.cif
H 10.95528094910736 6.269259221774056 0.4804534979936289
H 10.202106143928939 4.680618187112909 1.3182371586192658
H 10.606235433882489 8.184250431673451 3.4445515920068823
H 9.115736907911735 8.367199870486512 0.31974955249883286
H 7.609798135100509 9.197725989481544 1.2543226864246497
H 7.759097411086138 5.340432751250171 5.4021418535728705
H 8.17032922735639 4.8264963948363775 3.577042068222535
H 12.30181014423719 7.546627743935767 4.181466784508049
S 11.180358697863426 5.559583390073877 1.6005580466904996
S 11.483968660452575 8.603092040163482 4.372047539858331
S 8.464701417463008 8.181838456665956 1.48338448616102
S 8.705847624930813 5.644367158814793 4.496999284620515
