mp-30661.cif
Sc 7.0 7.173410785 0.0
Sc 7.0 4.0 3.173410785
Sc 10.173410785 7.173410785 3.173410785
Sc 10.173410785 4.0 0.0
Ga 7.0 4.0 0.0
Ga 7.0 7.173410785 3.173410785
Ga 10.173410785 4.0 3.173410785
Ga 10.173410785 7.173410785 0.0
Pd 8.5867053925 5.5867053925 4.760116177500001
Pd 11.760116177500002 8.760116177500002 1.5867053925
Pd 8.5867053925 8.760116177500002 1.5867053925
Pd 11.760116177500002 5.5867053925 4.760116177500001
Pd 11.760116177500002 5.5867053925 1.5867053925
Pd 8.5867053925 8.760116177500002 4.760116177500001
Pd 11.760116177500002 8.760116177500002 4.760116177500001
Pd 8.5867053925 5.5867053925 1.5867053925
