mp-31150.cif
Sr 13.268185824420726 4.0 3.9200544649999993
Sr 10.723282930579273 7.434640495 3.9200544649999993
Sr 7.392793345579273 4.0 11.760163395000001
Sr 9.937696239420728 7.434640495 11.760163395000001
Sr 11.9957343775 9.151960742500002 15.678595427858022
Sr 11.9957343775 5.7173202475 7.841731362141974
Sr 8.6652447925 5.7173202475 0.0016224321419741996
Sr 8.6652447925 9.151960742500002 7.838486497858025
Bi 11.9957343775 9.151960742500002 6.703481454566499
Bi 11.9957343775 5.7173202475 1.1366274754335015
Bi 8.6652447925 5.7173202475 8.976736405433497
Bi 8.6652447925 9.151960742500002 14.543590384566496
Bi 9.810456217021637 10.435085759863833 2.4283642931468363
Bi 9.810456217021637 4.434195230136168 5.411744636853161
Bi 7.520033367978364 7.000445264863832 5.411744636853161
Bi 7.520033367978364 7.868835725136169 2.4283642931468363
Bi 10.850522952978363 4.434195230136168 13.251853566853164
Bi 10.850522952978363 10.435085759863833 10.268473223146838
Bi 13.140945802021637 7.868835725136169 10.268473223146838
Bi 13.140945802021637 7.000445264863832 13.251853566853164
