mp-31172.cif
Ca 7.0 4.0 0.0
Ca 10.981617349999999 7.981617349999999 0.0
Ca 8.351812364365143 9.333429793997489 2.1721783165467965
Ca 9.62980490600251 5.351812364365143 2.1721783165467965
Ca 12.333429793997489 10.611422256002509 2.1721783165467965
Ca 8.351812364365143 6.62980490600251 5.318405828453205
Ca 13.611422256002509 9.333429793997489 5.318405828453205
Ca 12.333429793997489 5.351812364365143 5.318405828453205
Ca 9.62980490600251 10.611422256002509 5.318405828453205
Ca 13.611422256002509 6.62980490600251 2.1721783165467965
Ca 10.981617349999999 7.981617349999999 7.490584145
Ca 7.0 4.0 7.490584145
Ca 12.333429793997489 5.35181244399749 9.662762461546796
Ca 13.611422256002509 9.333429793997489 9.662762461546796
Ca 8.35181244399749 6.62980490600251 9.662762461546796
Ca 12.333429793997489 10.611422256002509 12.808989973453206
Ca 9.62980490600251 5.35181244399749 12.808989973453206
Ca 8.35181244399749 9.333429793997489 12.808989973453206
Ca 13.611422256002509 6.62980490600251 12.808989973453206
Ca 9.62980490600251 10.611422256002509 9.662762461546796
Ag 7.0 4.0 3.7452920725
Ag 10.981617349999999 7.981617349999999 3.7452920725
Ag 9.988907134063703 10.970524484063702 0.0
Ag 7.992710215936295 6.9889071340637035 0.0
Ag 13.970524484063702 8.974327565936294 0.0
Ag 11.974327565936294 4.992710215936295 0.0
Ag 10.981617349999999 7.981617349999999 11.2358762175
Ag 7.0 4.0 11.2358762175
Ag 13.970524484063702 6.9889071340637035 7.490584145
Ag 11.974327565936294 10.970524484063702 7.490584145
Ag 9.988907134063703 4.992710215936295 7.490584145
Ag 7.992710215936295 8.974327565936294 7.490584145
