mp-3084.cif
Sc 11.459049269590494 6.574433244639209 1.788383175
Sc 6.999999955409509 9.148866566511419 0.0
Ni 8.477117176201823 7.353761153247159 1.788383175
Ni 4.70683463301751 8.767198235569936 1.788383175
Ni 8.536883195269757 4.72730453341002 1.788383175
Ni 11.320471918766772 10.028667654692608 1.788383175
Ni 14.51979269473495 4.967327545815001 1.788383175
Ni 9.54064491767559 10.783991701953497 0.0
Ni 4.313617657798142 10.531566923643762 0.0
Ni 7.145737558297749 6.131040919470996 0.0
Ni 13.693518655547571 6.872738826108071 0.0
Ni 10.083474364969232 8.360387706122225 0.0
Ni 10.600154788254676 4.490173201687333 0.0
Ni 7.816048324552147 11.325640156251165 1.788383175
P 7.0 4.0 0.0
P 9.362183244334918 6.278016087207174 0.0
P 9.105883917227233 9.45437814117008 1.788383175
P 5.682477278877046 10.819859633072458 1.788383175
P 6.211638937667202 7.17236177082572 1.788383175
P 12.764187070671994 4.906702577151397 0.0
P 12.250777493764566 8.538581069559058 0.0
