mp-30708.cif
Hf 10.426140755 4.0 0.0
Hf 8.7130703775 5.7130703775 5.139211132499999
Hf 10.426140755 7.4261407550000005 3.426140755
Hf 8.7130703775 9.139211132499998 1.7130703775
Hf 7.0 4.0 3.426140755
Hf 12.139211132499998 5.7130703775 1.7130703775
Hf 7.0 7.4261407550000005 0.0
Hf 12.139211132499998 9.139211132499998 5.139211132499999
Ni 11.28267594375 8.28267594375 0.85653518875
Ni 7.85653518875 9.99574632125 5.99574632125
Ni 12.99574632125 4.85653518875 5.99574632125
Ni 12.99574632125 9.99574632125 0.85653518875
Ni 11.28267594375 4.85653518875 4.28267594375
Ni 7.85653518875 6.569605566249999 2.5696055662499995
Ni 12.99574632125 8.28267594375 2.5696055662499995
Ni 12.99574632125 6.569605566249999 4.28267594375
Ni 7.85653518875 8.28267594375 4.28267594375
Ni 11.28267594375 9.99574632125 2.5696055662499995
Ni 9.569605566249999 4.85653518875 2.5696055662499995
Ni 9.569605566249999 9.99574632125 4.28267594375
Ni 7.85653518875 4.85653518875 0.85653518875
Ni 11.28267594375 6.569605566249999 5.99574632125
Ni 9.569605566249999 8.28267594375 5.99574632125
Ni 9.569605566249999 6.569605566249999 0.85653518875
