mp-4549.cif
Sr 7.197214945154174 4.510127853456959 3.6425037784113203
Sr 7.1576658041074825 8.151590068456958 1.8611102729607885
Sr 9.914601534107483 10.77279657654304 1.8611102729607885
Sr 9.954150675154173 7.131334361543041 3.6425037784113203
Si 10.012533019400863 10.253753476803585 4.913739669297634
Si 7.099283459860794 5.029170953196414 0.589874382074475
Si 9.856219189860793 6.612291261803586 0.589874382074475
Si 7.255597289400862 8.670633168196414 4.913739669297634
N 5.7864863953757375 9.307334606784558 4.306451412075494
N 8.568394353885918 5.665872391784558 1.1971626392966153
N 11.32533008388592 5.975589823215442 1.1971626392966153
N 8.543422125375738 9.61705203821544 4.306451412075494
N 10.142249282551466 4.653288735952935 4.365680370881972
N 7.385313552551467 6.988173479047065 4.365680370881972
N 6.96956719671019 10.629635694047064 1.1379336804901374
N 9.72650292671019 8.294750950952935 1.1379336804901374
