mp-4955.cif
Al 7.0 4.0 0.0
Al 7.0 6.8600753999999995 2.8600754
Al 9.8600754 4.0 2.8600754
Al 9.8600754 6.8600753999999995 0.0
V 9.8600754 4.0 0.0
V 9.8600754 6.8600753999999995 2.8600754
V 7.0 4.0 2.8600754
V 7.0 6.8600753999999995 0.0
Co 8.4300377 5.4300377 1.4300377
Co 8.4300377 5.4300377 4.2901131
Co 8.4300377 8.2901131 4.2901131
Co 8.4300377 8.2901131 1.4300377
Co 11.2901131 5.4300377 4.2901131
Co 11.2901131 5.4300377 1.4300377
Co 11.2901131 8.2901131 1.4300377
Co 11.2901131 8.2901131 4.2901131
