mp-452.cif
Co 13.1486362825 6.0495454275 2.0495454275
Co 13.1486362825 10.1486362825 6.1486362825
Co 9.0495454275 10.1486362825 2.0495454275
Co 13.1486362825 10.1486362825 2.0495454275
Co 9.0495454275 10.1486362825 6.1486362825
Co 9.0495454275 6.0495454275 2.0495454275
Co 13.1486362825 6.0495454275 6.1486362825
Co 9.0495454275 6.0495454275 6.1486362825
As 11.099090855 9.335503072829969 6.8983828728064704
As 13.961769492170031 6.79929201780647 0.0
As 7.0 10.961769492170031 2.799292017806471
As 11.099090855 9.335503072829969 1.2997988371935287
As 12.335503072829969 10.89838287280647 4.099090855
As 8.299798837193528 8.099090855 2.862678637170032
As 9.79929201780647 4.0 1.2364122178299684
As 12.39888969219353 4.0 1.2364122178299684
As 13.961769492170031 9.39888969219353 0.0
As 7.0 10.961769492170031 5.39888969219353
As 12.335503072829969 5.299798837193529 4.099090855
As 13.89838287280647 8.099090855 2.862678637170032
As 7.0 5.236412217829969 2.799292017806471
As 9.862678637170031 10.89838287280647 4.099090855
As 11.099090855 6.862678637170032 6.8983828728064704
As 7.0 5.236412217829969 5.39888969219353
As 8.236412217829969 6.79929201780647 0.0
As 12.39888969219353 4.0 6.961769492170031
As 13.89838287280647 8.099090855 5.335503072829969
As 8.299798837193528 8.099090855 5.335503072829969
As 9.862678637170031 5.299798837193529 4.099090855
As 11.099090855 6.862678637170032 1.2997988371935287
As 8.236412217829969 9.39888969219353 0.0
As 9.79929201780647 4.0 6.961769492170031
