mp-4364.cif
Nb 7.0 6.96970228 0.0
Nb 7.0 4.0 2.96970228
Nb 9.96970228 6.96970228 2.96970228
Nb 9.96970228 4.0 0.0
Ga 7.0 4.0 0.0
Ga 7.0 6.96970228 2.96970228
Ga 9.96970228 4.0 2.96970228
Ga 9.96970228 6.96970228 0.0
Co 11.45455342 8.45455342 1.48485114
Co 11.45455342 8.45455342 4.45455342
Co 11.45455342 5.48485114 4.45455342
Co 11.45455342 5.48485114 1.48485114
Co 8.48485114 8.45455342 4.45455342
Co 8.48485114 8.45455342 1.48485114
Co 8.48485114 5.48485114 1.48485114
Co 8.48485114 5.48485114 4.45455342
