mp-434.cif
Sr 7.0 9.678595877500001 3.8655841562915336
Sr 7.0 5.8928652925 4.492627563708468
Sr 9.35133133 5.8928652925 8.044690016291533
Sr 9.35133133 9.678595877500001 0.3135217037084664
Au 9.35133133 7.470855245033258 2.826323943862499
Au 9.35133133 8.100605924966743 5.531887776137501
Au 7.0 8.100605924966743 7.005429803862499
Au 7.0 7.470855245033258 1.3527819161375008
Au 7.0 11.256585830033258 7.005429803862499
Au 7.0 4.3148753399667426 1.3527819161375008
Au 9.35133133 4.3148753399667426 2.826323943862499
Au 9.35133133 11.256585830033258 5.531887776137501
