mp-4979.cif
Al 9.643408015 4.0 2.619417575
Al 7.0 4.0 5.23883515
Al 7.0 6.643408015 7.858252725
Al 9.643408015 6.643408015 0.0
Cu 9.643408015 6.643408015 5.23883515
Cu 7.0 6.643408015 2.619417575
Cu 7.0 4.0 0.0
Cu 9.643408015 4.0 7.858252725
S 8.3217040075 5.283689738386048 3.9291263625
S 8.283689738386048 7.9651120225 6.5485439375
S 10.9651120225 8.003126291613953 3.9291263625
S 11.003126291613953 5.3217040075 6.5485439375
S 10.9651120225 7.9270977533860485 9.1679615125
S 10.927097753386048 5.3217040075 1.3097087875
S 8.3217040075 5.359718276613951 9.1679615125
S 8.359718276613952 7.9651120225 1.3097087875
