mp-4016.cif
Tl 8.935525803626271 13.732399296673753 1.7359396916346546
Tl 14.125378132362858 13.732399296673753 5.77033250802708
Tl 12.821121608351987 4.6356256633262465 13.27660470768881
Tl 7.6312692796154025 4.6356256633262465 9.242211891296387
Tl 10.214058415592916 12.416222903148581 9.150456120680385
Tl 10.238332472374475 12.416222903148581 13.368360478304815
Tl 11.542588996385344 5.951802056851418 5.862088278643081
Tl 11.518314939603785 5.951802056851418 1.644183921018654
Tl 14.118106033626272 8.548386816673753 1.7359396916346546
Tl 8.942797902362859 8.548386816673753 5.77033250802708
Tl 7.638541378351989 9.819638143326246 13.27660470768881
Tl 12.813849509615402 9.819638143326246 9.242211891296387
Tl 15.396638645592915 7.232210423148582 9.150456120680385
Tl 5.055752242374476 7.232210423148582 13.368360478304815
Tl 6.360008766385345 11.13581453685142 5.862088278643081
Tl 16.700895169603783 11.13581453685142 1.644183921018654
Ga 8.943579688863661 5.957690058226202 12.556403711707635
Ga 14.133403674764969 13.700093671381138 9.94530819469075
Ga 15.437660198775838 4.667931288618861 2.4390359950290175
Ga 7.6232437372132935 4.667931288618861 5.067236204632715
Ga 10.24783621287453 12.410334901773798 5.050131512045904
Ga 12.8130677231146 12.410334901773798 2.456140687615831
Ga 11.50881119910373 5.957690058226202 9.962412887277567
Ga 6.318987213202424 13.700093671381138 12.57350840429445
Ga 14.12615991886366 11.141702538226202 12.556403711707635
Ga 8.950823444764968 8.51608119138114 9.94530819469075
Ga 10.255079968775837 9.85194376861886 2.4390359950290175
Ga 12.805823967213293 9.85194376861886 5.067236204632715
Ga 15.43041644287453 7.226322421773798 5.050131512045904
Ga 7.6304874931146 7.226322421773798 2.456140687615831
Ga 6.32623096910373 11.141702538226202 9.962412887277567
Ga 11.501567443202424 8.51608119138114 12.57350840429445
S 11.548681808410283 11.125827847849447 1.0626471921344927
S 11.512222127578847 11.125827847849447 6.443625007527241
S 10.207965603567978 7.242197112150553 13.949897207188972
S 10.244425284399414 7.242197112150553 8.568919391796225
S 7.69232408443381 12.416548770173074 11.278728843632752
S 12.760066803533583 12.416548770173074 11.24008775535245
S 14.064323327544452 5.951476189826925 3.7338155556907138
S 8.99658060844468 5.951476189826925 3.7724566439710197
S 12.828102453994749 4.66088911870553 8.621384481335765
S 7.624288433972643 4.66088911870553 13.89743211764944
S 8.928544957983512 13.707135841294471 6.391159917987705
S 11.530451967994566 8.484040054405256 3.7531360998308663
S 10.226195443983695 4.585873244032192 11.259408299492598
S 11.530451967994566 13.782151715967807 3.7531360998308663
S 10.226195443983695 9.883984905594744 11.259408299492598
S 14.13235897800562 13.707135841294471 1.1151122816740284
S 16.731262038410282 5.941815367849447 1.0626471921344927
S 6.329641897578847 5.941815367849447 6.443625007527241
S 5.025385373567977 12.426209592150553 13.949897207188972
S 15.427005514399413 12.426209592150553 8.568919391796225
S 12.87490431443381 7.2325362901730745 11.278728843632752
S 7.577486573533581 7.2325362901730745 11.24008775535245
S 8.881743097544451 11.135488669826923 3.7338155556907138
S 14.179160838444679 11.135488669826923 3.7724566439710197
S 7.645522223994749 9.84490159870553 8.621384481335765
S 12.806868663972642 9.84490159870553 13.89743211764944
S 14.111125187983511 8.52312336129447 6.391159917987705
S 6.3478717379945655 13.668052534405254 3.7531360998308663
S 5.043615213983696 9.769885724032193 11.259408299492598
S 6.3478717379945655 8.598139235967807 3.7531360998308663
S 5.043615213983696 4.699972425594746 11.259408299492598
S 8.949778748005619 8.52312336129447 1.1151122816740284
