mp-4809.cif
Ga 9.791094805 4.0 2.5733472125
Ga 9.791094805 6.791094805 0.0
Ga 7.0 6.791094805 7.7200416375
Ga 7.0 4.0 5.146694425
Hg 7.0 4.0 0.0
Hg 9.791094805 6.791094805 5.146694425
S 8.52556703721147 8.076331609644557 1.406342074606776
S 8.285236804644557 5.265527767788529 3.7403522474593354
S 11.296952805355444 8.31666184221147 3.7403522474593354
S 11.05662257278853 5.505858000355444 1.406342074606776
S 11.31666184221147 5.285236804644557 6.553036602540664
S 11.076331609644557 8.05662257278853 8.887046672459336
S 8.505858000355444 5.525567037211471 8.887046672459336
S 8.26552776778853 8.296952805355444 6.553036602540664
