mp-4276.cif
Na 7.257721319164873 4.0 0.0
Na 12.60342843376053 7.527021964999999 0.0
Na 10.112066289164874 7.527021964999999 4.883290095
Na 9.74908346376053 4.0 4.883290095
Si 9.438161949654406 7.527021964999999 7.909859927374384
Si 7.347976905941161 7.527021964999999 3.3586855170409953
Si 9.438161949654406 7.527021964999999 1.856720262625617
Si 7.347976905941161 7.527021964999999 6.407894672959007
Si 12.292506919654405 4.0 3.0265698323743844
Si 10.202321875941161 4.0 8.241975612040996
Si 12.292506919654405 4.0 6.740010357625617
Si 10.202321875941161 4.0 1.5246045779590058
Pd 11.304234558660337 6.111134478991717 2.436136110278029
Pd 11.304234558660337 8.94290945100828 2.436136110278029
Pd 11.304234558660337 8.94290945100828 7.330444079721973
Pd 9.843693639223048 5.9957465445979565 0.0
Pd 9.843693639223048 9.058297385402042 0.0
Pd 11.304234558660337 6.111134478991717 7.330444079721973
Pd 8.449889588660337 9.638156443991718 7.319426205278029
Pd 8.449889588660337 5.415887486008282 7.319426205278029
Pd 8.449889588660337 5.415887486008282 2.447153984721971
Pd 12.69803860922305 9.522768509597956 4.883290095
Pd 12.69803860922305 5.531275420402043 4.883290095
Pd 8.449889588660337 9.638156443991718 2.447153984721971
