mp-4627.cif
Co 9.786947656475881 6.74897154410054 1.3390499137565532
Co 9.786947656475881 9.52795836910054 4.224484186243447
Co 7.010132321475881 4.03001528089946 1.3390499137565532
Co 7.010132321475881 6.809002105899459 4.224484186243447
As 9.13292200809845 8.890496307767677 2.0559624670552727
As 11.909737343098449 7.446464167232323 2.0559624670552727
As 9.13292200809845 6.111509482767678 3.507571632944727
As 11.909737343098449 4.667477342232322 3.507571632944727
S 10.449451699579361 4.651823698505253 0.727134156323945
S 7.672636364579362 6.127163126494747 0.727134156323945
S 7.672636364579362 8.906149951494747 4.836399943676056
S 10.449451699579361 7.430810523505253 4.836399943676056
