mp-4899.cif
Ga 7.0 7.172299335 9.1337374875
Ga 10.172299335 7.172299335 0.0
Ga 10.172299335 4.0 3.0445791625
Ga 7.0 4.0 6.089158325
Ag 10.172299335 4.0 9.1337374875
Ag 7.0 4.0 0.0
Ag 7.0 7.172299335 3.0445791625
Ag 10.172299335 7.172299335 6.089158325
Te 11.876787568649025 8.7584490025 7.61144790625
Te 8.586149667499999 8.640110436350973 10.65602706875
Te 11.7584490025 5.704488233649027 10.65602706875
Te 8.467811101350973 5.5861496675 7.61144790625
Te 8.704488233649027 5.5861496675 1.52228958125
Te 11.7584490025 5.467811101350974 4.56686874375
Te 8.586149667499999 8.876787568649025 4.56686874375
Te 11.640110436350973 8.7584490025 1.52228958125
