mp-510032.cif
Ge 8.257435117791234 6.020069717639334 0.7932057573848805
Ge 9.020069717639334 8.520756342208768 8.508797892615119
Ge 10.758121742360668 5.257435117791234 8.508797892615119
Ge 11.520756342208768 7.758121742360667 0.7932057573848805
Ge 9.020069717639334 5.257435117791234 3.8577960676151193
Ge 10.758121742360668 8.520756342208768 3.8577960676151193
Ge 11.520756342208768 6.020069717639334 5.44420758238488
Ge 8.257435117791234 7.758121742360667 5.44420758238488
Ge 7.989946860645148 4.989946860645148 6.9765027375
Ge 7.989946860645148 8.788244599354854 2.3255009125
Ge 11.788244599354854 4.989946860645148 2.3255009125
Ge 11.788244599354854 8.788244599354854 6.9765027375
Os 7.0 6.88909573 3.5030470427356533
Os 9.889095730000001 4.0 5.798956607264347
Os 9.889095730000001 4.0 1.1479547822643463
Os 7.0 6.88909573 8.154048867735654
Os 9.889095730000001 6.88909573 2.3255009125
Os 9.889095730000001 6.88909573 6.9765027375
Os 7.0 4.0 0.0
Os 7.0 4.0 4.651001825
