mp-571661.cif
K 7.0 8.595901 6.8247285
K 7.0 4.0 0.0
K 11.059353 8.595901 0.0
K 7.0 8.595901 0.0
K 11.059353 4.0 6.8247285
K 7.0 4.0 6.8247285
K 11.059353 8.595901 6.8247285
K 11.059353 4.0 0.0
Hg 9.232790286708 6.2979505 3.186179098053
Hg 12.885915713291997 10.8938515 10.463277901947
Hg 13.292143286708 10.8938515 3.638549401947
Hg 8.826562713291999 6.2979505 10.010907598053
Cl 13.281312932904001 8.588621092815998 4.151113811210999
Cl 13.081300491888001 6.2979505 0.6233161033619999
Cl 12.896746067096 4.007279907184 10.975842311211
Cl 13.131701418736 10.8938515 0.931684635906
Cl 9.037405508112 10.8938515 13.026140896638001
Cl 8.837393067095999 8.603180907184 9.498343188788999
Cl 9.221959932904 8.603180907184 2.6736146887889998
Cl 8.987004581264 6.2979505 12.717772364094
Cl 13.281312932904001 4.007279907184 4.151113811210999
Cl 8.837393067095999 13.184522092816 9.498343188788999
Cl 13.046357581264 10.8938515 7.7564131359060005
Cl 13.096758508112 6.2979505 7.448044603362
Cl 9.221959932904 13.184522092816 2.6736146887889998
Cl 9.021947491888 10.8938515 6.201412396638
Cl 12.896746067096 8.588621092815998 10.975842311211
Cl 9.072348418736 6.2979505 5.893043864094
