mp-540922.cif
Cr 10.168069275048252 15.554661942196866 1.798327964035215
Cr 9.307967003472426 9.775910207196866 3.368590720781943
Cr 6.577100021993102 4.002841527803135 8.535509405599102
Cr 7.437202293568929 9.781593262803135 6.965246648852373
Cr 11.221838259646994 12.272990196714794 0.06335737694347017
Cr 8.254198018873684 6.494238461714795 5.103561307873688
Cr 5.523331037394361 7.284513273285206 10.270479992690847
Cr 8.49097127816767 13.063265008285207 5.2302760617606285
Te 12.441504081368747 5.08478334614302 0.6962800112855112
Te 7.034532197151932 10.86353508114302 4.470638673531648
Te 4.303665215672608 14.47272012385698 9.637557358348806
Te 9.710637099889423 8.69396838885698 5.863198696102669
Te 9.135816091257718 11.826895295830221 7.611061572020023
Te 4.878486224304314 6.048143560830221 7.889694482431453
Te 7.609353205783639 7.730608174169779 2.7227757976142937
Te 11.86668307273704 13.50935990916978 2.4441428872028648
Te 8.07980672380067 13.538531625803234 9.598689419219015
Te 5.93449559176136 7.759779890803233 5.90206663523246
Te 8.665362573240683 6.018971844196767 0.735147950415301
Te 10.810673705279992 11.797723579196767 4.431770734401858
Te 7.85281833475148 8.43807983000455 9.3245598917949
Te 6.161483980810554 14.216831565004549 6.176196162656575
Te 8.892350962289877 11.11942363999545 1.0092774778394171
Te 10.583685316230804 5.340671904995451 4.1576412069777415
Te 12.99357602531715 10.375118567326897 1.00897366302075
Te 6.482460253203526 4.596366832326896 4.157945021796408
Te 3.7515932717242033 9.182384902673103 9.324863706613566
Te 10.262709043837829 14.961136637673103 6.175892347837909
Te 11.498668085108832 8.436263915059342 2.39306686261971
Te 7.977368193411846 14.215015650059343 2.7738518221974484
Te 5.246501211932523 11.121239554940658 7.940770507014607
Te 8.767801103629509 5.342487819940658 7.5599855474368685
