mp-569989.cif
Nb 9.329722465 7.661982289348342 3.277285766200063
Nb 7.776574155 5.330267810651658 7.758324413799938
Nb 7.776574155 7.762237304849055 6.028584996498246
Nb 9.329722465 7.826392860651658 8.795090856200064
Nb 7.776574155 7.726137845150944 0.510779906498246
Nb 9.329722465 5.2300127951509445 5.007025183501754
Nb 9.329722465 5.266112254849055 10.524830273501756
Nb 7.776574155 5.165857239348342 2.240519323799938
C 7.776574155 8.940257562496035 4.144308853465332
C 9.329722465 4.051992537503965 6.891301326534669
C 7.776574155 6.548117587503965 9.662113943465332
C 9.329722465 6.444132512496035 1.3734962365346683
