mp-570351.cif
Na 5.053350088903859 8.461495173891752 5.662186762499999
Na 9.89044320390386 7.916595862229855 1.8873955875
Na 11.837093115 4.544899311661899 1.8873955875
Na 7.000000000000002 11.83319172445971 5.662186762499999
Na 13.783743026096143 7.916595862229855 1.8873955875
Na 8.946649911096141 8.461495173891752 5.662186762499999
Na 7.0 4.0 1.8873955875
Na 7.0 4.0 5.662186762499999
Sn 11.83709306662907 9.511674056048463 4.177547502140976
Sn 9.35470316823212 10.944882587975489 0.4027563271409761
Sn 4.645296783396951 10.94488250419458 0.4027563271409761
Sn 7.000000048370931 6.8664169800731445 3.372034847859025
Sn 9.35470316823212 10.944882587975489 3.372034847859025
Sn 7.000000048370931 6.8664169800731445 0.4027563271409761
Sn 4.645296783396951 10.94488250419458 3.372034847859025
Sn 14.19179633160305 5.433208531927027 4.177547502140976
Sn 14.19179633160305 5.433208531927027 7.146826022859026
Sn 9.482389946767881 5.433208448146117 7.146826022859026
Sn 11.83709306662907 9.511674056048463 7.146826022859026
Sn 9.482389946767881 5.433208448146117 4.177547502140976
Au 11.837093163370932 6.792696984113565 7.268187371035039
Au 6.99999995162907 9.585394052008041 0.2813949789649621
Au 6.99999995162907 9.585394052008041 3.493396196035038
Au 11.837093163370932 6.792696984113565 4.056186153964962
