mp-541106.cif
Nb 7.586459541828435 4.625132756396779 1.1757593198136493
Nb 13.53022062286776 10.441445681432773 7.341105494898286
Nb 9.994419575661972 6.498662626233409 3.4025469411938256
Nb 11.122260589034227 8.567915811596144 5.114317873518112
Se 14.741997442620885 5.005740463846983 3.497097512114886
Se 6.374682722075309 10.060837973982569 5.01976730259705
Se 9.041065558028615 7.077291411027259 5.820478218935989
Se 12.075614606667582 7.989287026802292 2.696386595775948
Se 11.00568794222506 9.451182768020532 7.717066565606542
Se 10.110992222471136 5.615395669809019 0.7997982491053945
Se 14.517862047327728 10.767714669336481 1.1875759587321735
Se 6.598818117368468 4.298863768493068 7.329288855979762
Se 8.860291009261624 4.046364310073751 3.4937053300278356
Se 12.256389155434572 11.0202141277558 5.0231594846841015
Se 11.083877212524715 5.981885190702583 5.750848249968719
Se 10.032802952171481 9.08469324712697 2.7660165647432184
Se 8.123083179541311 11.067171204253707 0.006653119287308524
Se 12.993596985154886 3.999407233575848 8.510211695424628
Se 13.714417791832236 8.114096690100805 5.8873933520749215
Se 7.402262372863959 6.952481747728746 2.6294714626370155
Se 11.278733683246662 4.384830982075429 2.457233031778837
Se 9.837946481449535 10.681747455754124 6.0596317829331
