mp-542826.cif
Sc 9.957253 10.82789122873 8.80499686059
Sc 7.9857510000000005 9.52592277127 5.59849213941
Sc 9.957253 4.65098422873 12.80023663941
Sc 7.9857510000000005 15.702829771269998 1.6032523605900002
Sc 9.957253 11.201557040788 1.352285968254
Sc 7.9857510000000005 9.152256959212 13.051203031746
Sc 9.957253 5.024650040788 5.849458531745999
Sc 7.9857510000000005 15.329163959212 8.554030468254
Pb 9.957253 6.966471940564 9.745933586493
Pb 7.9857510000000005 13.387342059436001 4.6575554135070005
Pb 9.957253 13.143378940563998 11.859299913507
Pb 7.9857510000000005 7.210435059436 2.544189086493
Se 9.957253 13.858664771164 2.254462905258
Se 7.9857510000000005 6.495149228836 12.149026094742
Se 9.957253 7.6817577711639995 4.947281594741999
Se 7.9857510000000005 12.672056228836 9.456207405258
Se 9.957253 14.830687564312003 6.751217767569
Se 7.9857510000000005 5.523126435688 7.652271232431
Se 9.957253 8.653780564312001 0.45052673243100005
Se 7.9857510000000005 11.700033435688 13.952962267569001
Se 9.957253 9.760447576246001 11.305284112611
Se 7.9857510000000005 10.593366423754 3.098204887389
Se 9.957253 15.937354576246 10.299949387389
Se 7.9857510000000005 4.416459423754 4.103539612611001
Se 9.957253 11.30833105519 6.162359926782
Se 7.9857510000000005 9.04548294481 8.241129073218
Se 9.957253 5.13142405519 1.039384573218
Se 7.9857510000000005 15.222389944809999 13.364104426782001
