mp-505443.cif
Na 7.520200923612 6.70879375 8.517896711486001
Na 11.008111423612 6.70879375 8.373732288514
Na 13.455620076388 12.12638125 2.7431892885140003
Na 9.967709576388 12.12638125 2.887353711486
Na 7.356331912501 8.536525244875001 1.5880158255480001
Na 10.844242412501 4.881062255125 4.042527174452
Na 13.619489087499002 13.954112744875001 9.673070174451999
Na 10.131578587499 10.298649755125 7.218558825548
Na 13.619489087499002 10.298649755125 9.673070174451999
Na 10.131578587499 13.954112744875001 7.218558825548
Na 7.356331912501 4.881062255125 1.5880158255480001
Na 10.844242412501 8.536525244875001 4.042527174452
Fe 7.323127004541 8.036709457299999 5.30616741777
Fe 10.811037504541 5.3808780427 0.32437558222999996
Fe 13.652693995459 13.4542969573 5.95491858223
Fe 10.164783495459002 10.7984655427 10.936710417770001
Fe 13.652693995459 10.7984655427 5.95491858223
Fe 10.164783495459002 13.4542969573 10.936710417770001
Fe 7.323127004541 5.3808780427 5.30616741777
Fe 10.811037504541 8.036709457299999 0.32437558222999996
Se 9.184952701978 6.70879375 6.070919029116
Se 12.672863201978 6.70879375 10.820709970884002
Se 11.790868298022 12.12638125 5.190166970884
Se 8.302957798022 12.12638125 0.44037602911600005
Se 9.643257165857 6.70879375 1.9271321693520003
Se 13.131167665857 6.70879375 3.703410830648
Se 11.332563834143002 12.12638125 9.333953830648001
Se 7.844653334143 12.12638125 7.557675169352
Se 8.19949242095 10.011539287975 4.244731234668
Se 11.687402920950003 14.241223212025 1.3858117653320001
Se 12.776328579049999 4.593951787975 7.016354765332
Se 9.28841807905 8.823635712025 9.875274234668
Se 12.776328579049999 8.823635712025 7.016354765332
Se 9.28841807905 4.593951787975 9.875274234668
Se 8.19949242095 14.241223212025 4.244731234668
Se 11.687402920950003 10.011539287975 1.3858117653320001
