mp-573145.cif
Cs 7.862445342277805 9.35305489470541 3.8985002409170444
Cs 11.349141442277805 5.0622382002945905 3.8985002409170444
Cs 9.420835849097337 15.768347989705411 6.909281497065759
Cs 12.907531949097336 11.47753129529459 6.909281497065759
Ga 7.04192178580041 14.26399473353442 3.5636492239981656
Ga 13.72805550557473 6.5665914564655825 7.244132513984638
Ga 10.24135940557473 7.848701638534418 7.244132513984638
Ga 11.183787683234927 9.939259743001026 1.3925447416251842
Ga 10.52861788580041 12.981884551465585 3.5636492239981656
Ga 12.126281059188894 13.300437084850564 0.16145961294007272
Ga 13.072885708140213 16.354552838001027 9.41523699635762
Ga 7.697091583234928 4.476033351998976 1.3925447416251842
Ga 8.639584959188895 13.945442200149435 0.16145961294007272
Ga 8.643696232186246 7.530149105149436 10.646322125042731
Ga 9.586189608140213 10.891326446998974 9.41523699635762
Ga 12.130392332186245 6.885143989850564 10.646322125042731
S 13.77488744847613 7.716133840819685 9.29705012032917
S 11.749301366594533 11.088495476345187 10.320502630933198
S 6.995089842899011 13.114452349180315 1.5107316176536338
S 8.727698008708227 6.577919452706872 6.123390081420366
S 8.555583182666915 12.993212547706872 4.684391656562436
S 12.214394108708227 7.837373642293128 6.123390081420366
S 10.48178594289901 14.131426935819684 1.5107316176536338
S 10.28819134847613 6.699159254180314 9.29705012032917
S 7.820621723260149 16.386786863074438 3.4153316574958454
S 11.30731782326015 10.859092421925562 3.4153316574958454
S 12.949355568114992 4.4437993269255625 7.3924500804869595
S 9.020675924780605 9.742090713654814 0.4872791070496058
S 8.262605266594537 16.157383808654817 10.320502630933198
S 12.507372024780604 4.673202381345186 0.4872791070496058
S 12.042279282666914 14.252666737293127 4.684391656562436
S 12.035930204069246 14.409959202901852 9.052491959395548
S 8.549234104069244 12.835920082098147 9.052491959395548
S 12.220743187305898 7.994666107901853 1.7552897785872565
S 8.734047087305898 6.420626987098148 1.7552897785872565
S 9.462659468114992 9.971493768074438 7.3924500804869595
