mp-5372.cif
Rb 9.204716248767543 5.644928597468573 3.7641513621135174
Rb 10.182128292922513 13.792630552531428 1.2547171207045058
Rb 5.533881933767542 11.363708172468574 3.7641513621135174
Rb 6.511293977922514 8.073850977531428 1.2547171207045058
Fe 10.182128292922513 9.672117650560153 1.2547171207045058
Fe 9.204716248767543 9.765441499439845 3.7641513621135174
Fe 6.511293977922514 15.390897225560154 1.2547171207045058
Fe 5.533881933767542 4.046661924439847 3.7641513621135174
S 12.166528373811676 5.167801324352228 2.0084864736090293
S 8.197728212033352 5.167801324352228 0.5009477677999823
S 11.189116329656704 14.269757825647773 4.5179207150180405
S 7.220316167878379 14.269757825647773 3.010382009208994
S 8.495694058811676 10.886580899352229 2.0084864736090293
S 11.868562527033351 10.886580899352229 0.5009477677999823
S 7.518282014656704 8.550978250647772 4.5179207150180405
S 10.891150482878379 8.550978250647772 3.010382009208994
