mp-557179.cif
Na 6.392998928715019 6.7940640000000005 4.626910915903114
Na 11.45892507090446 4.0 0.7248660839709417
Na 12.82739192871502 4.0 4.626910915903114
Na 17.89331807090446 6.7940640000000005 0.7248660839709417
Sb 10.221558580451706 6.7940640000000005 3.154551434805763
Sb 7.630365419167774 4.0 2.197225565068292
Sb 16.655951580451706 4.0 3.154551434805763
Sb 14.064758419167774 6.7940640000000005 2.197225565068292
S 6.430884850861826 4.0 4.334275749550001
S 7.818240864632139 6.7940640000000005 1.9670670434117086
S 11.421039148757654 6.7940640000000005 1.0175012503240548
S 10.033683134987342 4.0 3.3847099564623466
S 12.865277850861826 6.7940640000000005 4.334275749550001
S 14.252633864632138 4.0 1.9670670434117086
S 17.855432148757654 4.0 1.0175012503240548
S 16.468076134987342 6.7940640000000005 3.3847099564623466
