mp-505511.cif
Co 7.019128112016447 5.024603472235513 4.281477111393363
Co 9.885810767016446 5.884960487764487 7.183410238606637
Co 12.714237197983554 7.934167432235514 1.4509665636066371
Co 9.847554542983552 8.794524447764488 10.013920786393362
Co 12.714237197983554 8.794524447764488 7.183410238606637
Co 9.847554542983552 7.934167432235514 4.281477111393363
Co 7.019128112016447 5.884960487764487 10.013920786393362
Co 9.885810767016446 5.024603472235513 1.4509665636066371
As 9.115311944384286 5.835020964720163 4.98253456534638
As 11.981994599384286 5.074542995279836 6.482352784653619
As 10.618053365615713 8.744584924720165 0.74990910965362
As 7.7513707106157135 7.984106955279836 10.71497824034638
As 10.618053365615713 7.984106955279836 6.482352784653619
As 7.7513707106157135 8.744584924720165 4.98253456534638
As 9.115311944384286 5.074542995279836 10.71497824034638
As 11.981994599384286 5.835020964720163 0.74990910965362
Se 7.694500542767374 4.350280717597303 2.0619231876091066
Se 10.561183197767374 6.559283242402697 9.402964162390893
Se 12.038864767232628 7.259844677597303 3.6705204873908936
Se 9.172182112232626 9.468847202402696 7.794366862609107
Se 12.038864767232628 9.468847202402696 9.402964162390893
Se 9.172182112232626 7.259844677597303 2.0619231876091066
Se 7.694500542767374 6.559283242402697 7.794366862609107
Se 10.561183197767374 4.350280717597303 3.6705204873908936
