mp-542642.cif
K 9.66512337406657 7.786723254688573 8.79439770243278
K 9.095769303038935 3.933377205419796 10.959630842415356
K 7.467081391529421 5.4540671236496685 1.967082932533696
K 6.7460375125878285 8.755614453036532 5.682510441960193
Sb 6.194740268790098 4.9878926857138195 8.081483679684677
Sb 10.255044935928566 8.731083066681379 2.7751267179100556
Sb 10.47628900205892 5.462159464354224 4.889555359346031
Sb 6.0697042877453775 6.745391362810805 11.67767409281319
Se 5.866847482185986 4.275447049678051 10.996004467179143
Se 10.151539543210278 4.687116618450392 7.76135040256991
Se 10.726123099104978 6.2731442232942936 2.1837843042306955
Se 6.52468990651348 5.44593759798033 5.294186218555855
Se 6.3904052318666835 7.46085659249333 8.75240005716126
Se 7.703482529204607 8.766465370953142 2.357671882475825
Se 9.991224599444685 7.921752983690802 5.471729047290978
Se 8.61731844838459 7.032467601257004 11.993587298453637
