mp-593.cif
Al 8.037292526340815 5.037292526340815 1.037292526340815
Al 14.580438013659185 5.037292526340815 7.580438013659185
Al 14.580438013659185 11.580438013659185 1.037292526340815
Al 8.037292526340815 11.580438013659185 7.580438013659185
Al 13.97629606448584 8.007757283712518 1.6414344755141612
Al 11.007757283712518 10.97629606448584 1.6414344755141612
Al 13.97629606448584 8.609973256287482 6.976296064485839
Al 11.609973256287482 10.97629606448584 6.976296064485839
Al 8.641434475514162 10.97629606448584 4.007757283712519
Al 13.97629606448584 5.641434475514162 4.007757283712519
Al 11.609973256287482 5.641434475514162 1.6414344755141612
Al 11.007757283712518 5.641434475514162 6.976296064485839
Al 8.641434475514162 8.007757283712518 6.976296064485839
Al 8.641434475514162 8.609973256287482 1.6414344755141612
Al 13.97629606448584 10.97629606448584 4.609973256287481
Al 8.641434475514162 5.641434475514162 4.609973256287481
Cu 9.812892743008105 9.804837796991896 5.804837796991896
Cu 12.556329680246803 4.0 0.0
Cu 7.0 4.0 3.061400859753197
Cu 7.0 4.0 5.556329680246803
Cu 7.0 9.556329680246803 0.0
Cu 7.0 7.061400859753197 0.0
Cu 14.363696230521418 8.30886527 4.30886527
Cu 8.254034309478582 8.30886527 4.30886527
Cu 11.30886527 8.30886527 7.363696230521418
Cu 11.30886527 8.30886527 1.2540343094785822
Cu 10.061400859753197 4.0 0.0
Cu 11.30886527 11.363696230521418 4.30886527
Cu 9.722118912492679 6.722118912492679 0.2749769590348712
Cu 12.895611627507321 4.274976959034872 5.895611627507321
Cu 12.895611627507321 12.342753580965129 2.722118912492679
Cu 15.342753580965129 9.895611627507321 2.722118912492679
Cu 7.274976959034872 9.895611627507321 5.895611627507321
Cu 9.722118912492679 9.895611627507321 8.342753580965129
Cu 12.895611627507321 6.722118912492679 8.342753580965129
Cu 7.274976959034872 6.722118912492679 2.722118912492679
Cu 9.722118912492679 4.274976959034872 2.722118912492679
Cu 15.342753580965129 6.722118912492679 5.895611627507321
Cu 9.722118912492679 12.342753580965129 5.895611627507321
Cu 12.895611627507321 9.895611627507321 0.2749769590348712
Cu 12.804837796991896 9.804837796991896 2.812892743008104
Cu 12.804837796991896 6.8128927430081045 5.804837796991896
Cu 9.812892743008105 6.8128927430081045 2.812892743008104
Cu 14.152127067785674 5.465603472214325 1.4656034722143252
Cu 8.465603472214326 5.465603472214325 7.152127067785675
Cu 8.465603472214326 11.152127067785674 1.4656034722143252
Cu 14.152127067785674 11.152127067785674 7.152127067785675
Cu 12.214003347318418 7.403727192681583 3.4037271926815826
Cu 10.403727192681583 7.403727192681583 5.214003347318418
Cu 10.403727192681583 9.214003347318418 3.4037271926815826
Cu 12.214003347318418 9.214003347318418 5.214003347318418
Cu 11.30886527 5.254034309478582 4.30886527
