mp-568646.cif
Ta 12.276602067530764 10.57286361704385 1.424530743220622
Ta 11.065013718406913 4.874650222735239 0.16248150851939291
Ta 14.260534611984344 12.270986375917666 2.67318704918822
Ta 16.152208338406915 9.961844842735239 2.4354942464806073
Ta 15.68872024295615 4.189407447530764 4.022506498220622
Ta 7.189407447530764 5.485668997043851 1.1734450117793784
Ta 15.001049248015656 10.990597484082333 5.1207402158117805
Ta 9.913854628015656 5.903402864082334 2.67318704918822
Ta 13.990597484082333 6.173339991984344 0.07521129418821981
Ta 11.212544397264761 13.152208338406913 2.760457263519393
Ta 15.270986375917666 6.913854628015656 2.5227644608117803
Ta 10.60152562295615 9.276602067530764 3.7714207667793787
Ta 13.57286361704385 8.897787172469236 3.7714207667793787
Ta 8.48566899704385 13.984981792469236 4.022506498220622
Ta 9.173339991984344 7.183791755917666 5.1207402158117805
Ta 16.299739017264763 8.065013718406913 5.033470001480608
Ta 10.183791755917666 12.001049248015656 0.07521129418821981
Ta 13.109375521593087 13.299739017264761 0.16248150851939291
Ta 7.874650222735239 10.109375521593087 5.033470001480608
Ta 8.022180901593087 8.212544397264761 2.4354942464806073
Ta 16.984981792469235 12.68872024295615 1.1734450117793784
Ta 8.903402864082334 11.260534611984344 2.5227644608117803
Ta 11.897787172469236 7.601525622956149 1.424530743220622
Ta 12.961844842735239 5.022180901593087 2.760457263519393
Si 16.866961319138653 12.088382033752229 3.7371310200604055
Si 9.086007206247771 13.866961319138653 1.458820489939595
Si 15.088382033752229 4.307427920861347 1.458820489939595
Si 11.779766699138655 7.001187413752228 4.056796244939595
Si 10.001187413752227 9.394622540861345 1.1391552650604053
Si 7.307427920861347 6.086007206247772 3.7371310200604055
Si 14.173201826247771 8.779766699138655 1.1391552650604053
Si 12.394622540861345 11.173201826247771 4.056796244939595
