mp-570651.cif
Al 6.466272378619774 8.25741489852 14.596646006304749
Al 10.75566149936689 4.955183985612 7.1959817506940045
Al 12.138374185816836 7.397878190868 3.0366179470118615
Al 9.542628675057655 5.615960020448 20.167372102714
Al 10.290859322409908 7.321947979552 8.616554900062008
Al 11.220463676323874 7.321947979552 5.7754086013259975
Al 10.104871553370963 5.712910906119999 2.466868895918913
Al 13.967527812916948 4.928924190868 11.355345554376145
Al 7.797033302279704 4.80122495208 18.143660546929837
Al 8.61302432114369 5.615960020448 23.00851840145002
Al 13.36721561884779 4.68049310148 14.18728099647127
Al 9.955017690377634 8.090481511718 18.88326355126616
Al 12.753937412520129 8.187664479066001 7.852514341700323
Al 7.079550584947436 4.750243520934 20.931412661075697
Al 8.200635305823713 8.090481511718 24.292626952897862
Al 9.728616444096602 7.22499709388 26.317058106857104
Al 13.351964586213654 5.718710479066 6.5394491596876865
Al 5.865960184550618 8.008983809132001 17.428581448399864
Al 12.738686379885992 7.14944710148 0.20468250491674025
Al 11.632852691643851 4.847426488282 4.491300049878157
Al 9.077826498100674 7.982724014387999 21.587945252082015
Al 8.427036552104745 7.22499709388 16.858832397306923
Al 6.481523411253911 7.219197520934 22.244477843088323
Al 6.304057023964836 5.668845015128 15.94851192191713
Al 10.358619693921641 4.80122495208 25.03222995723419
Al 7.257016972236511 8.137799015128 27.2273785822469
Al 9.87847030708993 4.847426488282 9.90066345150985
Al 7.695113811650728 5.540029809132 25.74730905576416
Al 11.40645144536282 5.712910906119999 11.925094605469097
Al 7.094801617581572 5.78846089852 28.57924449785928
Al 12.576471025231054 4.800108984872 1.5565484205291182
Al 9.474868303545922 8.13668304792 3.7516970455418264
Al 12.03645469518786 8.13668304792 10.640266455846183
Al 13.52943097350273 7.269062984872001 12.83541508085889
Al 11.060851378619773 5.78846089852 14.596646006304749
Al 6.161082499366891 7.424137985612001 7.1959817506940045
Al 7.543795185816835 4.928924190868 3.0366179470118615
Al 4.948049675057656 8.084914020448 20.167372102714
Al 14.885438322409907 4.852993979552 8.616554900062008
Al 6.625884676323874 4.852993979552 5.7754086013259975
Al 14.699450553370962 8.181864906120001 2.466868895918913
Al 9.372948812916947 7.397878190868 11.355345554376145
Al 12.391612302279706 7.27017895208 18.143660546929837
Al 13.20760332114369 8.084914020448 23.00851840145002
Al 8.772636618847791 7.14944710148 14.18728099647127
Al 5.3604386903776335 5.621527511718 18.88326355126616
Al 8.15935841252013 5.718710479066 7.852514341700323
Al 11.674129584947437 7.219197520934 20.931412661075697
Al 12.795214305823714 5.621527511718 24.292626952897862
Al 5.1340374440966015 4.75604309388 26.317058106857104
Al 8.757385586213653 8.187664479066001 6.5394491596876865
Al 10.460539184550619 5.540029809132 17.428581448399864
Al 8.144107379885991 4.68049310148 0.20468250491674025
Al 7.038273691643852 7.316380488282 4.491300049878157
Al 4.483247498100673 5.513770014388 21.587945252082015
Al 13.021615552104747 4.75604309388 16.858832397306923
Al 11.07610241125391 4.750243520934 22.244477843088323
Al 10.898636023964835 8.137799015128 15.94851192191713
Al 5.7640406939216415 7.27017895208 25.03222995723419
Al 11.851595972236513 5.668845015128 27.2273785822469
Al 14.473049307089934 7.316380488282 9.90066345150985
Al 12.289692811650731 8.008983809132001 25.74730905576416
Al 6.811872445362819 8.181864906120001 11.925094605469097
Al 11.689380617581573 8.25741489852 28.57924449785928
Al 7.981892025231054 7.269062984872001 1.5565484205291182
Al 14.069447303545925 5.66772904792 3.7516970455418264
Al 7.44187569518786 5.66772904792 10.640266455846183
Al 8.93485197350273 4.800108984872 12.83541508085889
Mo 9.402504850871775 4.691519450044 27.599468406611784
Mo 7.442278258612622 7.232729857808 19.565356269450948
Mo 13.714692259878841 8.174132142192 5.173392768062939
Mo 12.391209738854943 5.7051781421920005 9.21857073332507
Mo 10.430983146595791 8.246388549956 1.184458596164233
Mo 6.118795737588724 4.763775857808 23.61053423471308
Mo 8.753148145329574 4.691519450044 15.576422097552243
Mo 11.080339852137993 8.246388549956 13.207504905223775
Mo 4.807925850871774 7.160473450044 27.599468406611784
Mo 12.036857258612624 4.763775857808 19.565356269450948
Mo 9.12011325987884 5.7051781421920005 5.173392768062939
Mo 7.796630738854942 8.174132142192 9.21857073332507
Mo 15.02556214659579 5.777434549956 1.184458596164233
Mo 10.713374737588724 7.232729857808 23.61053423471308
Mo 13.347727145329573 7.160473450044 15.576422097552243
Mo 6.485760852137992 5.777434549956 13.207504905223775
