mp-582988.cif
Bi 7.446733176717006 6.686449853419317 0.32436620291977497
Bi 13.633695004771933 4.390764754551371 0.3801305099789684
Bi 16.369446358780227 10.791584749850536 9.238630386765003
Bi 12.333704764658147 8.74798403972864 7.260237965273437
Bi 12.405783910979364 10.908455689444416 5.2688682238639215
Bi 10.178231293321703 13.10955799697097 9.144039083568941
Bi 7.715658676457565 13.006696325912715 2.706324647418608
Bi 16.087057522255396 4.429056967037792 6.8282745127986555
Bi 11.375916702549024 6.494242954554421 3.800331800795838
Bi 11.67968922958776 9.16541004138174 2.6032312912468885
Bi 13.921833209692428 8.15645369794743 4.6187044959745975
Bi 9.936248396612973 8.734419442115591 5.350634881494009
Pt 16.817995118878837 13.490507684440528 9.539446570892496
Cl 13.331246044733234 4.741371367750061 7.159262965735386
Cl 13.533053446893817 11.056992553717112 0.1704609139810802
Cl 7.790362690564863 6.36445626047475 3.108554769846086
Cl 9.912561940231647 13.380449362624159 6.371949959036718
Cl 13.914605644570331 4.048270075501397 3.169748558547422
Cl 10.476012463485922 12.66434797487074 2.3793534383682444
Cl 7.318192060390674 10.253049140143101 2.418533493944057
Cl 14.034613078800133 7.179515109351314 0.7040673162838114
Cl 10.278613344741148 6.423100024556353 9.442393393770825
Cl 16.01607821951483 11.123670930197857 6.428859323735732
Cl 16.50409366082758 7.244861535467964 7.096380217015317
Cl 9.779430519249285 10.300040223235554 8.892966111744592
