mp-567716.cif
Al 8.75778452 6.921798064832858 4.7036597925783905
Al 8.75778452 5.731903825167143 10.105999662578391
Al 12.27335356 10.385605715167141 6.101019947421609
Al 12.27335356 11.575499954832857 0.6986800774216091
Tl 12.27335356 5.762184067254806 7.435925271729719
Tl 8.75778452 10.415885957254805 8.77109433827028
Tl 8.75778452 11.545219712745194 3.3687544682702812
Tl 12.27335356 6.891517822745194 2.0335854017297184
Cl 10.495486281547619 5.663936881359843 4.598428694718635
Cl 8.75778452 8.22209263287927 3.0073091905191727
Cl 10.535651798452381 10.317638771359842 0.8039111752813651
Cl 14.01105532154762 10.317638771359842 0.8039111752813651
Cl 10.495486281547619 6.9897650086401555 10.000768564718634
Cl 12.27335356 9.08531114712073 7.797370549480826
Cl 8.75778452 4.43160925712073 8.409649060519174
Cl 12.27335356 12.627188741917427 9.646557560287443
Cl 14.01105532154762 11.643466898640156 6.206251045281365
Cl 10.535651798452381 11.643466898640156 6.206251045281365
Cl 12.27335356 12.875794522879268 2.395030679480827
Cl 8.75778452 4.680215038082571 1.1581221797125565
Cl 7.02008275845238 5.663936881359843 4.598428694718635
Cl 8.75778452 7.9734868519174285 6.560462049712557
Cl 12.27335356 9.333916928082571 4.244217690287443
Cl 7.02008275845238 6.9897650086401555 10.000768564718634
