mp-573691.cif
K 11.480404 8.12846786263 0.0
K 11.480404 7.27932713737 4.457391
K 13.102453620928 4.0 1.6060247216460002
K 11.480404 15.53626286263 4.457391
K 8.622049620928 4.0 2.8513662783540004
K 14.338758379072 4.0 6.063415721646001
K 11.480404 14.687122137370002 0.0
K 9.858354379072 4.0 7.308757278353999
K 7.0 15.53626286263 0.0
K 7.0 14.687122137370002 4.457391
K 8.622049620928 11.407795 1.6060247216460002
K 7.0 8.12846786263 4.457391
K 13.102453620928 11.407795 2.8513662783540004
K 9.858354379072 11.407795 6.063415721646001
K 7.0 7.27932713737 0.0
K 14.338758379072 11.407795 7.308757278353999
