mp-568848.cif
Ga 8.8027155275 5.743972916549685 0.0
Ga 12.408146582499999 10.532544101549686 4.791616739999999
Ga 8.136794214357028 11.1828567775 7.18742511
Ga 13.074067895642973 6.3942855925 2.3958083699999997
Ga 12.408146582499999 11.833169453450315 0.0
Ga 9.468636840642972 11.1828567775 2.3958083699999997
Ga 8.8027155275 7.044598268450315 4.791616739999999
Ga 11.742225269357029 6.3942855925 7.18742511
Cl 11.832307324809308 9.307394867867094 3.0684897401047238
Cl 10.650973994783307 11.775540627353042 5.1884138763711185
Cl 9.378554785190692 8.269747502132905 6.514743739895277
Cl 11.832307324809308 13.058318687132907 1.7231269998952758
Cl 14.16531917021669 10.590172927646957 0.396797136371118
Cl 9.378554785190692 4.518823682867095 7.860106480104722
Cl 8.226876269809308 8.269747502132905 3.0684897401047238
Cl 7.0455429397833065 5.801601742646957 5.1884138763711185
Cl 12.983985840190691 9.307394867867094 6.514743739895277
Cl 14.16531917021669 11.775540627353042 4.394819603628882
Cl 10.650973994783307 10.590172927646957 9.18643634362888
Cl 8.226876269809308 4.518823682867095 1.7231269998952758
Cl 12.983985840190691 13.058318687132907 7.860106480104722
Cl 7.0455429397833065 6.986969442353043 9.18643634362888
Cl 10.559888115216692 5.801601742646957 4.394819603628882
Cl 10.559888115216692 6.986969442353043 0.396797136371118
