mp-574025.cif
Hf 7.0 4.0 0.0
Hf 7.0 7.399853 3.399853
Hf 10.399853 4.0 3.399853
Hf 10.399853 7.399853 0.0
In 10.399853 4.0 0.0
In 10.399853 7.399853 3.399853
In 7.0 4.0 3.399853
In 7.0 7.399853 0.0
Au 8.6999265 9.099779499999999 5.099779499999999
Au 8.6999265 5.6999265 5.099779499999999
Au 8.6999265 5.6999265 1.6999265
Au 8.6999265 9.099779499999999 1.6999265
Au 12.099779499999999 9.099779499999999 1.6999265
Au 12.099779499999999 5.6999265 1.6999265
Au 12.099779499999999 5.6999265 5.099779499999999
Au 12.099779499999999 9.099779499999999 5.099779499999999
