mp-569594.cif
Fe 8.184331070758752 4.683773889994248 6.569481237887337
Fe 9.380014836199852 6.754758921523502 6.569481237887337
Fe 9.380014836199852 6.741649986343782 1.9383140256018976
Fe 10.564345930758751 4.690328357584107 1.9383140256018976
Fe 7.0 4.0 0.0
Fe 10.575698601640951 4.683773889994248 6.569481237887337
Fe 8.195683741640952 4.690328357584107 1.9383140256018976
Fe 10.5643459545589 6.057876096349535 15.07727624614272
Fe 9.380014860000001 4.00655446758986 15.07727624614272
Fe 7.000000000000001 8.11575219269907 10.446109033857281
Fe 8.1843310945589 6.064430563939395 10.446109033857281
Fe 9.380014883800149 5.374102206355287 8.507795008255382
Fe 8.195683765441101 6.057876096349535 15.07727624614272
Fe 5.8156689054411 6.064430563939395 10.446109033857281
Fe 8.184331118359049 7.431978302704822 23.585071254398102
Fe 7.0000000238001485 5.380656673945148 23.585071254398102
Fe 7.0000000238001485 5.3675477387654285 18.953904042112665
Fe 5.80431625835905 7.438532770294682 18.953904042112665
Fe 6.9999999761998515 6.748204453933642 17.015590271744617
Fe 5.81566892924125 7.431978302704822 23.585071254398102
Fe 8.195683789241249 7.438532770294682 18.953904042112665
Mo 6.9999999761998515 6.748204453933642 0.33753834761085755
Mo 7.0 4.0 4.23409990748448
Mo 6.9999999761998515 6.748204453933642 5.512379189745578
Mo 6.9999999761998515 6.748204453933642 8.170256915878378
Mo 6.9999999761998515 6.748204453933642 2.9954160737436575
Mo 9.380014883800149 5.374102206355287 4.273695100770902
Mo 7.0 4.0 8.845333355866241
Mo 9.380014883800149 5.374102206355287 12.741894915739861
Mo 7.0 4.0 14.020174198000959
Mo 7.0 4.0 16.678051924133758
Mo 7.0 4.0 11.50321108199904
Mo 6.9999999761998515 6.748204453933642 12.78149036426014
Mo 9.380014883800149 5.374102206355287 17.353128364121627
Mo 6.9999999761998515 6.748204453933642 21.249690179229102
Mo 9.380014883800149 5.374102206355287 22.52796920625634
Mo 9.380014883800149 5.374102206355287 25.18584693238914
Mo 9.380014883800149 5.374102206355287 20.011006090254426
Mo 7.0 4.0 21.28928537251552
