mp-568671.cif
V 14.255580916751175 4.696156218502598 2.34963712
V 11.679003145 4.0 1.17481856
V 9.102425373248826 4.696156218502598 0.0
V 14.255580916751175 12.661850071497403 0.0
V 11.679003145 4.0 3.52445568
V 12.375159363502597 10.781428518248827 0.0
V 9.102425373248826 12.661850071497403 2.34963712
V 12.375159363502597 6.576577771751174 2.34963712
V 10.982846926497402 6.576577771751174 0.0
V 10.982846926497402 10.781428518248827 2.34963712
V 9.576577771751175 9.375159363502597 0.0
V 7.0 8.679003145 3.52445568
V 13.781428518248827 9.375159363502597 2.34963712
V 9.576577771751175 7.982846926497402 2.34963712
V 7.0 8.679003145 1.17481856
V 7.696156218502598 6.102425373248826 2.34963712
V 13.781428518248827 7.982846926497402 0.0
V 7.696156218502598 11.255580916751175 0.0
V 15.661850071497403 11.255580916751175 2.34963712
V 15.661850071497403 6.102425373248826 0.0
Si 13.2331402158959 5.5541370708959015 0.0
Si 7.0 4.0 1.17481856
Si 10.124866074104098 5.5541370708959015 2.34963712
Si 10.124866074104098 11.803869219104097 0.0
Si 7.0 4.0 3.52445568
Si 13.2331402158959 11.803869219104097 2.34963712
Si 8.554137070895901 10.2331402158959 2.34963712
Si 11.679003145 8.679003145 3.52445568
Si 14.803869219104097 10.2331402158959 0.0
Si 14.803869219104097 7.124866074104099 2.34963712
Si 11.679003145 8.679003145 1.17481856
Si 8.554137070895901 7.124866074104099 0.0
