mp-5475.cif
Na 6.999999984376858 5.80400504533057 2.815965184652636
Na 8.56231419 6.706007554465816 8.447895385
Na 8.562314205623142 4.902002509135247 14.079825585347365
Ta 7.0 4.0 0.0
Ta 8.562314205623142 4.902002509135247 5.631930200347364
Ta 6.999999984376858 5.80400504533057 11.263860569652637
N 8.562314205623142 4.902002509135247 1.0899836195649473
N 7.0 4.0 4.541946580782416
N 6.999999984376858 5.80400504533057 6.7219139888702175
N 8.562314205623142 4.902002509135247 10.173876781129781
N 7.0 4.0 12.353844189217584
N 6.999999984376858 5.80400504533057 15.805807150435053
