mp-510521.cif
Y 6.999999956871396 8.980062366204919 0.0
Y 11.312860543128606 6.490031145751992 3.2957552
Y 11.312860543128606 6.490031145751992 0.0
Y 6.999999956871396 8.980062366204919 3.2957552
Y 9.19697269132978 4.0 1.6478776
Y 8.09848634566489 5.902634162112258 4.9436328
Y 3.7856258456648915 9.567459349844654 4.9436328
Y 5.90151365433511 5.902634162112258 1.6478776
Y 10.214374154335111 9.567459349844654 1.6478776
Y 13.428748308670219 4.0 4.9436328
Ga 12.23792586238779 4.0 1.6478776
Ga 9.618962931193897 8.536176859967341 4.9436328
Ga 5.306102431193896 6.9339166519895725 4.9436328
Ga 4.381037068806107 8.536176859967341 1.6478776
Ga 8.693897568806106 6.9339166519895725 1.6478776
Ga 10.38779513761221 4.0 4.9436328
