mp-542106.cif
Sb 8.7275788 20.54752191233072 5.585925181550346
Sb 7.0 13.786625882669279 2.102944346550346
Sb 7.0 17.962522287990843 1.905950990780514
Sb 8.7275788 16.371625507009156 5.388931825780514
Sb 7.0 11.769472647330721 5.585925181550346
Sb 8.7275788 5.008576617669279 2.102944346550346
Sb 8.7275788 9.184473022990844 1.905950990780514
Sb 7.0 7.593576242009156 5.388931825780514
Pd 8.7275788 13.451082491660857 6.9388037538756375
Pd 7.0 20.88306530333914 3.4558229188756386
Pd 7.0 18.479414734423614 6.225430416491527
Pd 8.7275788 15.854733060576383 2.7424495814915266
Pd 7.0 15.767448527709854 0.329937898326381
Pd 8.7275788 18.56669926729014 3.812918733326381
Pd 8.7275788 20.040876960609907 1.2054158510945956
Pd 7.0 14.293270834390093 4.688396686094595
Pd 7.0 4.673033226660859 6.9388037538756375
Pd 8.7275788 12.10501603833914 3.4558229188756386
Pd 8.7275788 9.701365469423617 6.225430416491527
Pd 7.0 7.076683795576382 2.7424495814915266
Pd 8.7275788 6.9893992627098545 0.329937898326381
Pd 7.0 9.788650002290145 3.812918733326381
Pd 7.0 11.262827695609907 1.2054158510945956
Pd 8.7275788 5.515221569390093 4.688396686094595
