mp-572596.cif
Tl 21.30770577620344 4.0 2.1993546286637122
Tl 6.490295482969188 4.0 8.827258182914901
Tl 11.039918816203441 5.93059386 2.1993546286637122
Tl 16.75808244296919 5.93059386 8.827258182914901
In 7.636753692706857 5.93059386 4.428410321064436
In 25.260262314967882 5.93059386 2.1457722371655112
In 2.537738944204748 5.93059386 8.880840574413103
In 20.16124756646577 5.93059386 6.598202490514178
In 3.6312136695863146 4.0 5.513306405789307
In 7.0 4.0 0.0
In 17.904540652706856 4.0 4.428410321064436
In 14.992475354967883 4.0 2.1457722371655112
In 12.805525904204748 4.0 8.880840574413103
In 9.893460606465773 4.0 6.598202490514178
In 13.899000629586315 5.93059386 5.513306405789307
In 17.267786960000002 5.93059386 0.0
S 20.53866647335586 5.93059386 9.30249879965851
S 21.932508857496487 4.0 6.737267815705117
S 19.680341634351855 5.93059386 4.088247144722333
S 23.41591437438662 5.93059386 3.7991699347378876
S 8.117659624820774 5.93059386 6.938365666856282
S 4.382086884786013 5.93059386 7.227442876840727
S 5.865492401676145 4.0 4.289344995873497
S 2.9357715868453953 4.0 10.470810107641691
S 7.259334785816767 5.93059386 1.7241140119201046
S 24.862229672327235 4.0 0.5558027039369227
S 10.270879513355862 4.0 9.30249879965851
S 11.664721897496484 5.93059386 6.737267815705117
S 9.412554674351856 4.0 4.088247144722333
S 13.148127414386618 4.0 3.7991699347378876
S 18.385446584820773 4.0 6.938365666856282
S 14.649873844786011 4.0 7.227442876840727
S 16.133279361676145 5.93059386 4.289344995873497
S 13.203558546845395 5.93059386 10.470810107641691
S 17.527121745816764 4.0 1.7241140119201046
S 14.594442712327236 5.93059386 0.5558027039369227
