mp-559634.cif
Ni 7.00000002909258 5.679660832230945 11.043715089158473
Ni 8.45462893590742 4.839830441310385 2.208743070841527
Ni 11.363886865907421 4.839830441310385 2.208743070841527
Ni 9.90925790090742 7.359321714851715 2.208743070841527
Ni 5.5453710350000005 6.51949127354133 6.626229079999998
Ni 8.454628965000001 6.51949127354133 6.626229079999998
Ni 9.909257929999999 4.0 6.626229079999998
Ni 8.45462899409258 8.199152105772274 11.043715089158473
Ni 5.54537106409258 8.199152105772274 11.043715089158473
Bi 6.999999970907421 7.359321714851715 2.208743070841527
Bi 7.0 4.0 0.0
Bi 7.0 4.0 6.626229079999998
Bi 9.90925795909258 5.679660832230945 4.4174860091584724
Bi 9.90925795909258 5.679660832230945 11.043715089158473
Bi 6.999999970907421 7.359321714851715 8.834972150841526
S 6.999999970907421 7.359321714851715 5.234319026144007
S 6.999999970907421 7.359321714851715 12.435625275539048
S 7.0 4.0 9.65180503530248
S 7.0 4.0 3.60065312469752
S 9.90925795909258 5.679660832230945 0.8168328844609526
S 9.90925795909258 5.679660832230945 8.018139133855993
