mp-505164.cif
Nb 7.0 4.68933649529667 0.07072705638625618
Nb 8.903919455 15.99033625470333 7.028736861386256
Nb 7.0 7.40505663240583 6.828794970634679
Nb 8.903919455 13.27461611759417 13.786804775634678
Te 7.0 4.827330134615285 5.481434958338986
Te 8.903919455 15.852342615384714 12.439444763338987
Te 7.0 6.470454817968088 12.013047207153488
Te 8.903919455 14.209217932031912 5.055037402153487
Te 7.0 8.40940996062496 1.276676791371207
Te 8.903919455 12.27026278937504 8.234686596371205
Te 7.0 9.224794195152288 8.765700195698216
Te 8.903919455 11.454878554847712 1.8076903906982156
Te 7.0 11.151638601975453 5.579560013293607
Te 8.903919455 9.528034148024547 12.537569818293607
Te 7.0 12.561285497162492 11.89186247274392
Te 8.903919455 8.118387252837508 4.93385266774392
Te 7.0 14.781360269595613 1.4412050562590606
Te 8.903919455 5.898312480404387 8.39921486125906
Te 7.0 15.289544689450855 8.923191686110076
Te 8.903919455 5.390128060549145 1.9651818811100763
Ir 7.0 10.780421021539532 13.908769642103582
Ir 8.903919455 9.89925172846047 6.950759837103582
Ir 7.0 13.527801540725076 6.8726041311291155
Ir 8.903919455 7.151871209274925 13.830613936129115
