mp-582549.cif
In 11.470960623004654 10.5475451188139 9.680641667718849
In 7.133659338120914 4.060053291849644 11.958686968842729
In 9.233341090189754 5.962896247382737 2.6844714511507113
In 9.23074337361388 12.446898559702534 4.9547493677176595
Te 9.364677317030287 7.307244072747415 10.78604171000043
Te 9.230772092513089 5.691912113307923 5.5643524177806345
Te 11.447594057542307 9.19524758826038 3.77730812012561
Te 9.185879367729221 9.840508238891914 5.83107164687882
Te 9.187494134154445 8.547429819363902 1.7391292783463754
Te 9.293616025870111 12.29255233472584 9.07554338381731
Te 11.401056965613865 4.22029152910519 2.073716690764964
Te 11.428550218855186 6.661851686108514 12.84585655329981
Te 11.431718165248178 7.957805632039124 8.747619037657365
Te 11.475607470925297 10.812399574209511 12.560638310148171
