mp-505351.cif
Na 7.547063947626 6.62465625 8.186987203536
Na 10.878634947626 6.62465625 7.862844796464
Na 13.116078052374 11.87396875 2.5129007964639998
Na 9.784507052374 11.87396875 2.837043203536
Na 7.287301356756 8.358021231999999 1.536889112768
Na 10.618872356756 4.891291268 3.813054887232
Na 13.375840643244 13.607333732 9.162998887232
Na 10.044269643244 10.140603768 6.886833112768
Na 13.375840643244 10.140603768 9.162998887232
Na 10.044269643244 13.607333732 6.886833112768
Na 7.287301356756 4.891291268 1.536889112768
Na 10.618872356756 8.358021231999999 3.813054887232
Fe 7.306757731396 7.927021179875 5.041220131536
Fe 10.638328731396 5.322291320125 0.308723868464
Fe 13.356384268604 13.176333679875 5.658667868464
Fe 10.024813268604 10.571603820125 10.391164131536
Fe 13.356384268604 10.571603820125 5.658667868464
Fe 10.024813268604 13.176333679875 10.391164131536
Fe 7.306757731396 5.322291320125 5.041220131536
Fe 10.638328731396 7.927021179875 0.308723868464
S 8.10165058257 9.793823685625 4.03610475248
S 11.433221582569999 13.954113814375 1.3138392475199998
S 12.56149141743 4.544511185625 6.66378324752
S 9.22992041743 8.704801314375 9.38604875248
S 12.56149141743 8.704801314375 6.66378324752
S 9.22992041743 4.544511185625 9.38604875248
S 8.10165058257 13.954113814375 4.03610475248
S 11.433221582569999 9.793823685625 1.3138392475199998
S 9.032511509395999 6.62465625 5.753693573792
S 12.364082509395999 6.62465625 10.296138426208
S 11.630630490603998 11.87396875 4.946194426208
S 8.299059490604 11.87396875 0.40374957379199994
S 9.509139382939999 6.62465625 1.762506951136
S 12.84071038294 6.62465625 3.587437048864
S 11.15400261706 11.87396875 8.937381048864
S 7.8224316170599995 11.87396875 7.112450951136
