mp-504498.cif
K 10.05410925506 7.67112137854 4.9940805
K 12.67345074494 7.67112137854 1.6646935
K 10.121656205679999 11.596464081975999 4.9940805
K 12.60590379432 11.596464081975999 1.6646935
K 14.417889255059999 13.25300537854 4.9940805
K 8.30967074494 13.25300537854 1.6646935
K 14.485436205680001 6.014580081976 4.9940805
K 8.24212379432 6.014580081976 1.6646935
Cd 11.36378 4.090281391816 0.0
Cd 11.36378 4.090281391816 3.329387
Cd 7.0 9.672165391815998 0.0
Cd 7.0 9.672165391815998 3.329387
Pb 8.9744577177 4.034769555436 4.9940805
Pb 13.753102282299999 4.034769555436 1.6646935
Pb 13.3382377177 9.616653555435999 4.9940805
Pb 9.3893222823 9.616653555435999 1.6646935
