mp-510557.cif
Cs 7.0 4.0 2.0183858975
Cs 7.0 4.0 6.0551576925
Cs 10.289114029999999 7.289114029999999 6.0551576925
Cs 10.289114029999999 7.289114029999999 2.0183858975
N 7.836964927902195 8.126078957902195 0.0
N 9.452149102097804 4.836964927902195 0.0
N 7.836964927902195 6.452149102097804 4.036771795
N 9.452149102097804 9.741263132097803 4.036771795
N 7.0 7.289114029999999 0.0
N 10.289114029999999 4.0 0.0
N 11.126078957902195 4.836964927902195 4.036771795
N 12.741263132097803 8.126078957902195 4.036771795
N 11.126078957902195 9.741263132097803 0.0
N 12.741263132097803 6.452149102097804 0.0
N 10.289114029999999 4.0 4.036771795
N 7.0 7.289114029999999 4.036771795
