mp-510484.cif
Ca 7.0 4.0 5.839415625
Ca 7.0 4.0 1.946471875
Ca 10.824540325 7.824540324999999 1.946471875
Ca 10.824540325 7.824540324999999 5.839415625
Ni 13.58045291084545 8.893168064154548 2.607455495042375
Ni 9.75591258584545 10.58045291084545 2.607455495042375
Ni 11.893168064154548 5.0686277391545485 2.607455495042375
Ni 8.068627739154548 8.893168064154548 1.285488254957625
Ni 13.58045291084545 6.755912585845451 1.285488254957625
Ni 8.068627739154548 6.755912585845451 2.607455495042375
Ni 9.75591258584545 5.0686277391545485 1.285488254957625
Ni 11.893168064154548 10.58045291084545 1.285488254957625
Ni 9.75591258584545 5.0686277391545485 6.500399245042375
Ni 13.58045291084545 6.755912585845451 6.500399245042375
Ni 8.068627739154548 8.893168064154548 6.500399245042375
Ni 11.893168064154548 5.0686277391545485 5.178432004957625
Ni 9.75591258584545 10.58045291084545 5.178432004957625
Ni 11.893168064154548 10.58045291084545 6.500399245042375
Ni 13.58045291084545 8.893168064154548 5.178432004957625
Ni 8.068627739154548 6.755912585845451 5.178432004957625
Sn 9.613856537191879 5.2106837878081205 3.89294375
Sn 13.43839686219188 6.613856537191879 3.89294375
Sn 12.03522411280812 5.2106837878081205 0.0
Sn 8.21068378780812 6.613856537191879 0.0
Sn 13.43839686219188 9.03522411280812 0.0
Sn 9.613856537191879 10.43839686219188 0.0
Sn 8.21068378780812 9.03522411280812 3.89294375
Sn 12.03522411280812 10.43839686219188 3.89294375
