mp-541997.cif
K 5.364049734625048 14.50203351800407 3.4868087052886083
K 9.70185756838237 15.92391179216682 3.2847181418716813
K 6.653422400318857 8.852837189682539 4.386032213286996
K 8.983197191534643 12.116114690317461 3.977023428953103
K 9.861417849392106 5.631638750317462 0.20450439216694627
K 9.142757472544378 9.439435852166817 0.8968096792483677
K 5.775201742461391 15.337313129682538 8.158551250073154
K 5.934762023471128 5.045040087833182 5.078337500368418
K 2.1560542855517975 12.951394301995931 7.668336526408659
K 6.493862119309119 11.529516027833182 7.466245962991732
K 10.27256985722845 6.46691836199593 4.876246936951491
K 13.4805653063017 8.01755757800407 0.6947191158314415
Fe 12.37291739717915 11.257070122766489 2.8288244786268195
Fe 6.4716976437476 4.772594182766488 1.35270334249323
Fe 3.2637021946743494 9.711881757233513 5.534231163613281
Fe 9.1649219481059 16.196357697233513 7.010352299746869
Se 11.413966937799344 9.026237782656965 3.156049101963004
Se 6.516848285882781 11.123026018993741 1.9780323457887647
Se 7.814372376585911 6.263371570065962 2.631291195121019
Se 4.222652654054156 11.942714097343035 5.207006540277096
Se 7.430648103127407 15.510713722656966 1.0254787191570454
Se 7.822247215267587 14.705580309934039 5.731764447119081
Se 9.119771305970717 9.84592586100626 6.385023296451336
Se 11.030242664340836 12.747847510065963 1.5502366259990308
Se 8.205971488726092 5.458238157343034 7.337576923083055
Se 12.32776675504397 4.638550078993741 2.203495475331285
Se 3.308852836809531 16.33040180100626 6.159560166908815
Se 4.606376927512661 8.22110436993404 6.812819016241069
