mp-569837.cif
Ti 13.088281833406 11.57931574777 2.625142
Ti 9.29087374777 13.777044166593999 0.0
Ti 15.28601025223 4.799839833406 0.0
Ti 13.088281833406 6.99756825223 0.0
Ti 7.0 4.0 3.9377129999999996
Ti 15.28601025223 13.777044166593999 2.625142
Ti 11.488602166594 6.99756825223 2.625142
Ti 7.0 4.0 1.312571
Ti 9.29087374777 4.799839833406 2.625142
Ti 11.488602166594 11.57931574777 0.0
Ti 12.288442 4.0 1.312571
Ti 12.288442 4.0 3.9377129999999996
Ti 7.799839833406 6.29087374777 0.0
Ti 14.57931574777 8.488602166594 2.625142
Ti 9.99756825223 10.088281833406 2.625142
Ti 7.799839833406 12.28601025223 2.625142
Ti 12.288442 9.288442 1.312571
Ti 9.99756825223 8.488602166594 0.0
Ti 16.777044166594 12.28601025223 0.0
Ti 12.288442 9.288442 3.9377129999999996
Ti 14.57931574777 10.088281833406 0.0
Ti 16.777044166594 6.29087374777 2.625142
Ti 7.0 9.288442 3.9377129999999996
Ti 7.0 9.288442 1.312571
Sb 10.566906052623999 5.721535947376 0.0
Sb 10.566906052623999 12.855348052623999 2.625142
Sb 14.009977947376 12.855348052623999 0.0
Sb 14.009977947376 5.721535947376 2.625142
Sb 15.855348052623999 11.009977947376 2.625142
Sb 15.855348052623999 7.566906052624 0.0
Sb 8.721535947376 7.566906052624 2.625142
Sb 8.721535947376 11.009977947376 0.0
