mp-570957.cif
Cs 11.03501468765087 14.640306865713088 2.510985071515857
Cs 9.660521385131595 5.299357407035798 5.512489893324554
Cs 9.782835484413257 7.555663014286912 9.174842528756
Cs 8.408342181893982 16.8966124729642 12.176347350564699
Cs 6.761586772650869 7.542321925713087 2.510985071515857
Cs 13.933949300131594 12.397342347035798 5.512489893324554
Cs 5.509407569413256 14.65364795428691 9.174842528756
Cs 12.681770096893985 9.7986275329642 12.176347350564699
Si 13.607184940003098 17.411272597154927 5.176266031536696
Si 11.1543021734037 10.01145606867974 1.7647451223873916
Si 9.902122970166085 12.184513811320256 8.428602579627537
Si 12.355005736765484 4.784697282845073 11.84012348877684
Si 9.333757025003097 10.313287657154925 5.176266031536696
Si 6.880874258403698 17.10944100867974 1.7647451223873916
Si 5.628695055166085 5.086528871320259 8.428602579627537
Si 8.081577821765483 11.882682222845073 11.84012348877684
Te 13.28910165003266 18.119525859833487 2.7182936786961234
Te 11.426472752754417 7.83974367810475 3.00233647121936
Te 11.796577813121877 16.046440679798287 6.068549881203694
Te 7.370438197045826 16.328859847301374 5.5350958302538995
Te 10.544398609884263 6.149529200201707 12.732407338443835
Te 8.894950022648635 4.352364698537625 1.7922331345670595
Te 12.036922446795044 4.076444020166511 9.382151135936269
Te 7.642770819411021 17.843605181462376 8.456090591807204
Te 10.174293549516802 14.35622620189525 9.666193928459506
Te 8.159090372308762 9.462171548072597 12.67129590052362
Te 9.411269575546376 12.7337983319274 6.007438443283477
Te 6.118258993808213 5.867110032698626 12.198953287494042
Te 9.015673735032658 11.021540919833487 2.7182936786961234
Te 7.1530448377544165 14.937728618104746 3.00233647121936
Te 7.5231498981218765 8.948455739798291 6.068549881203694
Te 11.643866112045826 9.230874907301374 5.5350958302538995
Te 6.270970694884263 13.247514140201703 12.732407338443835
Te 13.168377937648636 11.450349638537624 1.7922331345670595
Te 7.763494531795044 11.17442896016651 9.382151135936269
Te 11.916198734411022 10.745620241462376 8.456090591807204
Te 5.900865634516803 7.2582412618952485 9.666193928459506
Te 12.432518287308763 16.5601564880726 12.67129590052362
Te 13.684697490546377 5.6358133919274 6.007438443283477
Te 10.39168690880821 12.965094972698623 12.198953287494042
