mp-542339.cif
Cs 7.0 4.0 0.0
Cs 7.0 7.57164559 2.1559781969084453
Cs 7.0 7.57164559 6.301927553091556
Cs 10.57164559 7.57164559 8.45790575
Cs 10.57164559 4.0 10.613883946908444
Cs 10.57164559 4.0 14.759833303091556
In 10.57164559 7.57164559 0.0
In 10.57164559 5.405276815309624 1.84439622287739
In 11.976922405309626 4.0 6.613509527122609
In 9.166368774690376 4.0 6.613509527122609
In 10.57164559 9.738014364690375 1.84439622287739
In 10.57164559 6.093018746403489 4.724279975761848
In 12.664664264970579 4.0 3.73362577423815
In 8.478626843596512 4.0 3.73362577423815
In 10.57164559 9.050272505029424 4.724279975761848
In 7.0 4.0 8.45790575
In 7.0 8.976922405309626 10.302301972877391
In 8.405276815309623 7.57164559 15.07141527712261
In 12.738014364690375 7.57164559 15.07141527712261
In 7.0 6.166368774690376 10.302301972877391
In 7.0 9.664664264970579 13.18218572576185
In 9.093018674970576 7.57164559 12.191531524238151
In 12.050272505029424 7.57164559 12.191531524238151
In 7.0 5.478626915029425 13.18218572576185
