mp-571059.cif
Y 7.0 4.0 0.0
Y 7.0 7.567814504999999 3.567814505
Y 10.567814505 4.0 3.567814505
Y 10.567814505 7.567814504999999 0.0
Cd 7.0 7.567814504999999 0.0
Cd 8.7839072525 9.3517217575 5.3517217575
Cd 12.3517217575 5.7839072525 1.7839072525
Cd 7.0 4.0 3.567814505
Cd 8.7839072525 5.7839072525 1.7839072525
Cd 12.3517217575 9.3517217575 5.3517217575
Cd 10.567814505 7.567814504999999 3.567814505
Cd 12.3517217575 9.3517217575 1.7839072525
Cd 8.7839072525 5.7839072525 5.3517217575
Cd 10.567814505 4.0 0.0
Cd 12.3517217575 5.7839072525 5.3517217575
Cd 8.7839072525 9.3517217575 1.7839072525
