mp-542681.cif
Na 17.23435999 11.433725604780768 3.41145333
Na 16.62354104521923 4.0 6.82290666
Na 11.022272274780768 4.0 6.82290666
Na 7.0 8.022272274780768 6.82290666
Na 7.0 4.0 2.8006343852192317
Na 7.0 4.0 10.845178934780769
Na 17.23435999 14.23435999 0.6108189447807686
Na 14.433725604780768 14.23435999 3.41145333
Na 20.03499437521923 14.23435999 3.41145333
Na 17.23435999 14.23435999 6.212087715219232
Na 7.0 13.62354104521923 6.82290666
Na 17.23435999 17.03499437521923 3.41145333
Na 17.23435999 4.610818944780768 10.23435999
Na 16.62354104521923 10.822906660000001 0.0
Na 11.022272274780768 10.822906660000001 0.0
Na 7.0 14.845178934780769 0.0
Na 7.0 10.822906660000001 9.62354104521923
Na 7.0 10.822906660000001 4.022272274780768
Na 17.23435999 7.4114533300000005 7.433725604780769
Na 14.433725604780768 7.4114533300000005 10.23435999
Na 20.03499437521923 7.4114533300000005 10.23435999
Na 17.23435999 7.4114533300000005 13.034994375219231
Na 7.0 6.800634385219231 0.0
Na 17.23435999 10.212087715219232 10.23435999
Na 10.41145333 11.433725604780768 10.23435999
Na 9.800634385219231 4.0 0.0
Na 17.84517893478077 4.0 0.0
Na 13.822906660000001 8.022272274780768 0.0
Na 13.822906660000001 4.0 9.62354104521923
Na 13.822906660000001 4.0 4.022272274780768
Na 10.41145333 14.23435999 7.433725604780769
Na 7.610818944780768 14.23435999 10.23435999
Na 13.212087715219232 14.23435999 10.23435999
Na 10.41145333 14.23435999 13.034994375219231
Na 13.822906660000001 13.62354104521923 0.0
Na 10.41145333 17.03499437521923 10.23435999
Na 10.41145333 4.610818944780768 3.41145333
Na 9.800634385219231 10.822906660000001 6.82290666
Na 17.84517893478077 10.822906660000001 6.82290666
Na 13.822906660000001 14.845178934780769 6.82290666
Na 13.822906660000001 10.822906660000001 2.8006343852192317
Na 13.822906660000001 10.822906660000001 10.845178934780769
Na 10.41145333 7.4114533300000005 0.6108189447807686
Na 7.610818944780768 7.4114533300000005 3.41145333
Na 13.212087715219232 7.4114533300000005 3.41145333
Na 10.41145333 7.4114533300000005 6.212087715219232
Na 13.822906660000001 6.800634385219231 6.82290666
Na 10.41145333 10.212087715219232 3.41145333
In 11.534282704060217 8.534282704060217 11.357189364060217
In 19.522983945939785 5.122829374060216 7.945736034060216
In 8.122829374060217 16.522983945939785 7.945736034060216
In 8.122829374060217 5.122829374060216 5.700077285939785
In 9.288623955939784 8.534282704060217 9.111530615939785
In 9.288623955939784 6.288623955939784 11.357189364060217
In 11.534282704060217 6.288623955939784 9.111530615939785
In 19.522983945939785 16.522983945939785 5.700077285939785
In 11.534282704060217 15.357189364060217 4.5342827040602165
In 19.522983945939785 11.945736034060216 1.122829374060216
In 8.122829374060217 9.700077285939784 1.122829374060216
In 8.122829374060217 11.945736034060216 12.522983945939783
In 9.288623955939784 15.357189364060217 2.288623955939784
In 9.288623955939784 13.111530615939785 4.5342827040602165
In 11.534282704060217 13.111530615939785 2.288623955939784
In 19.522983945939785 9.700077285939784 12.522983945939783
In 18.35718936406022 8.534282704060217 4.5342827040602165
In 12.700077285939784 5.122829374060216 1.122829374060216
In 14.945736034060216 16.522983945939785 1.122829374060216
In 14.945736034060216 5.122829374060216 12.522983945939783
In 16.111530615939785 8.534282704060217 2.288623955939784
In 16.111530615939785 6.288623955939784 4.5342827040602165
In 18.35718936406022 6.288623955939784 2.288623955939784
In 12.700077285939784 16.522983945939785 12.522983945939783
In 18.35718936406022 15.357189364060217 11.357189364060217
In 12.700077285939784 11.945736034060216 7.945736034060216
In 14.945736034060216 9.700077285939784 7.945736034060216
In 14.945736034060216 11.945736034060216 5.700077285939785
In 16.111530615939785 15.357189364060217 9.111530615939785
In 16.111530615939785 13.111530615939785 11.357189364060217
In 18.35718936406022 13.111530615939785 9.111530615939785
In 12.700077285939784 9.700077285939784 5.700077285939785
Ag 8.705726665 5.705726665 8.528633325
Ag 8.705726665 15.940086655 5.117179995
Ag 18.940086655 5.705726665 5.117179995
Ag 18.940086655 15.940086655 8.528633325
Ag 8.705726665 12.528633325 1.705726665
Ag 8.705726665 9.117179995 11.940086655
Ag 18.940086655 12.528633325 11.940086655
Ag 18.940086655 9.117179995 1.705726665
Ag 15.528633325 5.705726665 1.705726665
Ag 15.528633325 15.940086655 11.940086655
Ag 12.117179995 5.705726665 11.940086655
Ag 12.117179995 15.940086655 1.705726665
Ag 15.528633325 12.528633325 8.528633325
Ag 15.528633325 9.117179995 5.117179995
Ag 12.117179995 12.528633325 5.117179995
Ag 12.117179995 9.117179995 8.528633325
