mp-570558.cif
Rb 9.506082377834904 6.583006173564554 2.552437593567771
Rb 9.506082377834904 11.742122986435445 2.552437593567771
Rb 4.5566897228349035 11.745570753564554 2.552437593567771
Rb 4.5566897228349035 6.579558406435446 2.552437593567771
Nb 7.0 4.0 0.0
Nb 11.949392655 9.162564579999998 0.0
Cl 9.414482894940718 4.0 0.009003008928784114
Cl 11.949392655 6.707158211117975 0.0
Cl 9.59768186072909 4.0 5.095872178206758
Cl 7.039409111420567 4.0 2.435111379313053
Cl 11.949392655 11.617970948882025 0.0
Cl 11.97275564424924 4.0 2.669763807822489
Cl 14.363875549940717 9.162564579999998 0.009003008928784114
Cl 7.0 11.869722791117972 0.0
Cl 4.64828920572909 9.162564579999998 5.095872178206758
Cl 11.988801766420568 9.162564579999998 2.435111379313053
Cl 7.0 6.4554063688820245 0.0
Cl 7.02336298924924 9.162564579999998 2.669763807822489
