mp-567228.cif
Na 15.86193535 4.36926617605983 2.00541526
Na 15.86193535 16.910011723940173 6.01624578
Na 12.907956899999999 8.186632041903682 1.2552245461093552
Na 12.907956899999999 13.092645858096319 6.766436493890645
Na 9.95397845 4.36926617605983 2.00541526
Na 12.907956899999999 14.826270991903682 2.7556059738906447
Na 12.907956899999999 6.453006908096318 5.266055066109352
Na 9.95397845 16.910011723940173 6.01624578
Na 9.95397845 11.00890512605983 2.00541526
Na 9.95397845 10.27037277394017 6.01624578
Na 7.0 14.826270991903682 1.2552245461093552
Na 7.0 6.453006908096318 6.766436493890645
Na 15.86193535 11.00890512605983 2.00541526
Na 7.0 8.186632041903682 2.7556059738906447
Na 7.0 13.092645858096319 5.266055066109352
Na 15.86193535 10.27037277394017 6.01624578
P 12.907956899999999 11.678023107191157 3.579328767820047
P 12.907956899999999 5.038384157191157 0.4315017521799526
P 12.907956899999999 9.601254792808842 4.442332272179953
P 12.907956899999999 16.240893742808844 7.590159287820045
P 7.0 5.038384157191157 3.579328767820047
P 7.0 11.678023107191157 0.4315017521799526
P 7.0 16.240893742808844 4.442332272179953
P 7.0 9.601254792808842 7.590159287820045
Se 14.718079390470816 12.681307477037034 4.27861378010102
Se 11.097834409529183 12.681307477037034 4.27861378010102
Se 12.907956899999999 11.346548560899716 1.415016675759038
Se 11.097834409529183 6.041668527037034 7.753877779898979
Se 14.718079390470816 6.041668527037034 7.753877779898979
Se 14.718079390470816 8.597970422962966 3.743047259898979
Se 12.907956899999999 16.572368289100282 5.425847195759036
Se 12.907956899999999 4.706909610899716 2.5958138442409604
Se 14.718079390470816 15.237609372962966 0.26778326010102077
Se 11.097834409529183 15.237609372962966 0.26778326010102077
Se 11.097834409529183 8.597970422962966 3.743047259898979
Se 12.907956899999999 9.932729339100284 6.606644364240962
Se 8.810122490470818 6.041668527037034 4.27861378010102
Se 17.005791309529183 6.041668527037034 4.27861378010102
Se 7.0 4.706909610899716 1.415016675759038
Se 17.005791309529183 12.681307477037034 7.753877779898979
Se 8.810122490470818 12.681307477037034 7.753877779898979
Se 8.810122490470818 15.237609372962966 3.743047259898979
Se 7.0 9.932729339100284 5.425847195759036
Se 7.0 11.346548560899716 2.5958138442409604
Se 8.810122490470818 8.597970422962966 0.26778326010102077
Se 17.005791309529183 8.597970422962966 0.26778326010102077
Se 17.005791309529183 15.237609372962966 3.743047259898979
Se 7.0 16.572368289100282 6.606644364240962
