mp-557373.cif
Cu 7.0 6.712102289999999 0.0
Cu 9.712102289999999 4.0 0.0
Cu 9.712102289999999 4.0 5.25657745
Cu 7.0 6.712102289999999 5.25657745
W 7.0 4.0 0.0
W 9.712102289999999 6.712102289999999 5.25657745
S 8.292046127618503 8.132158452381496 1.2843359938858339
S 11.132158452381496 5.292046127618503 1.2843359938858339
S 11.004148417618502 8.004148417618502 3.972241456114167
S 8.420056162381496 5.420056162381496 3.972241456114167
S 11.004148417618502 5.420056162381496 6.540913338754285
S 8.420056162381496 8.004148417618502 6.540913338754285
S 8.292046127618503 5.292046127618503 9.228819011245715
S 11.132158452381496 8.132158452381496 9.228819011245715
