mp-569708.cif
Ti 7.0 4.0 11.41393099188689
Ti 9.775551352755514 5.602465288613719 13.578234668510813
Ti 6.9999999722444874 7.204930625301398 2.278621141489188
Ti 7.0 4.0 4.442924818113112
Ti 9.775551352755514 5.602465288613719 6.818534259595607
Ti 7.0 4.0 0.0
Ti 6.9999999722444874 7.204930625301398 9.038321550404394
Pt 9.775551325000002 7.2037853593728265 9.054812521878237
Pt 8.388767478010475 4.8018052772711455 9.054812521878237
Pt 7.0 5.60288800293643 13.588613139207014
Pt 7.0 5.603610554542291 6.802043288121765
Pt 5.613216153010477 8.005590636643973 6.802043288121765
Pt 9.775551352755514 4.003426952177234 11.310713008951508
Pt 8.386783846989525 8.005590636643973 6.802043288121765
Pt 5.612590404964255 8.005951912446903 13.588613139207014
Pt 8.387409595035747 8.005951912446903 13.588613139207014
Pt 11.162960920035745 4.801444001468215 2.268242670792985
Pt 11.162335171989525 4.8018052772711455 9.054812521878237
Pt 8.390743476265284 6.401984456831961 11.310713008951508
Pt 8.388141729964254 4.801444001468215 2.268242670792985
Pt 9.775551325 7.204507910978688 2.268242670792985
Pt 8.384807848734718 6.405411457083155 4.546142801048493
Pt 6.999999972244488 8.803968961737883 4.546142801048493
Pt 9.775551325 4.0 0.0
Pt 5.615192179020797 6.405411409009195 4.546142801048493
Pt 11.160359145979205 6.401984504905921 11.310713008951508
Pt 8.387775662500001 6.403697956957559 0.0
Pt 5.612224337500001 6.403697956957559 0.0
