mp-580480.cif
Mn 11.816390844311336 12.007464496075244 5.841905974635412
Mn 7.0 4.0 2.7066385541735998
Mn 9.554634382776502 15.590172446419233 8.747564455364593
Mn 8.97183780068867 7.750092410459192 8.747564455364593
Mn 2.473527612887975 12.174849073766017 8.747564455364593
Mn 11.233594262223502 4.167384460115203 5.841905974635412
Mn 18.314701032112026 7.5827078327684205 5.841905974635412
Mn 7.0 4.0 11.8828318758264
Mn 11.81639070854676 4.169093303435999 10.705062881898552
Mn 13.788228712882287 7.919185596319623 7.569795315542033
Mn 9.554634450658785 7.751801136204419 13.610721216733024
Mn 15.76006651357096 11.669278006778816 13.610721216733024
Mn 16.049984970770264 4.336477763551202 13.610721216733024
Mn 18.02182277145893 8.086570174010394 10.705062881898552
Mn 11.526472251347457 11.501893546663611 10.705062881898552
Mn 13.788228712882287 7.919185596319623 2.1565182071948317
Mn 5.0281621314290454 8.088278899755622 0.9787492132669803
Mn 6.999999932117715 11.838371310214814 12.432952222805168
Mn 2.766405873541073 11.67098673252404 3.8844075481014535
Mn 8.971837936453243 15.588463603098436 3.8844075481014535
Mn 9.261756393652549 8.255663359870825 3.8844075481014535
Mn 11.233594194341219 12.005755770330017 0.9787492132669803
Mn 4.738243674229743 15.421079142983233 0.9787492132669803
Mn 6.999999932117715 11.838371310214814 7.019675114457968
Zn 13.044720749741797 14.363381081228301 5.0305952989683
Zn 9.35867179825264 5.458521054261817 7.27755859377865
Zn 7.0 4.0 7.294735215
Zn 1.0474090894281467 14.416572268673464 9.558875131031705
Zn 6.916219749945697 6.771930223607618 7.311911836221355
Zn 19.74081955557186 5.340984637860972 5.0305952989683
Zn 7.7435078952582055 5.394175825306133 9.558875131031705
Zn 13.872008895054304 12.985626682926817 7.27755859377865
Zn 11.429556846747364 14.29903585227262 7.311911836221355
Zn 8.57914562968635 4.053191187445162 5.0305952989683
Zn 12.209083015313652 15.704365719089274 9.558875131031705
Zn 2.6542236069538045 14.444147619613066 7.311911836221355
Zn 18.134005038046197 5.31340928692137 7.27755859377865
Zn 7.0 4.0 0.0
Zn 13.044720817624082 6.5250097710134884 9.893752060336732
Zn 16.146900511134923 9.377706650581441 12.14071535514708
Zn 13.788228712882287 7.919185596319623 12.157891976368436
Zn 14.623866447310434 6.57820095845865 14.422031892400136
Zn 13.704448259181127 10.69111593750281 12.175068743484488
Zn 12.952590978454143 9.260170234180595 9.893752060336732
Zn 14.531736608140491 9.313361421625757 14.422031892400136
Zn 13.872008962936594 5.147255372712004 12.14071535514708
Zn 11.429556710982789 6.460664659633373 12.175068743484488
Zn 15.367374342568636 7.972376783764784 9.893752060336732
Zn 12.20908308319594 7.86599440887446 14.422031892400136
Zn 16.23068076118923 6.605776426973822 12.175068743484488
Zn 11.345776460928487 9.232594883240992 12.14071535514708
Zn 13.788228712882287 7.919185596319623 4.8631567613684314
Zn 6.256492036859511 10.44419548490868 0.16743853759986815
Zn 9.358671934017213 13.296892246901061 2.414401686515512
Zn 6.999999932117715 11.838371310214814 2.431578453631568
Zn 7.8356376665458605 10.49738667235384 4.695718369663268
Zn 6.916219682063412 14.610301533822431 2.448755074852921
Zn 6.164362197689571 13.179355948075786 0.16743853759986815
Zn 7.743507827375921 13.232547135520948 4.695718369663268
Zn 7.083780385818879 9.066440969031627 2.414401686515512
Zn 4.641328133865076 10.379850255952995 2.448755074852921
Zn 8.579145561804067 11.891562497659976 0.16743853759986815
Zn 5.420854302431366 11.785180122769653 4.695718369663268
Zn 9.442452184071517 10.524962023293444 2.448755074852921
Zn 4.557547883810773 13.151780479560614 2.414401686515512
Zn 6.999999932117715 11.838371310214814 9.726313668631573
Ga 9.119162862735681 15.62760451004029 6.353981797257984
Ga 11.375373069938403 15.756024544142807 3.231737959364919
Ga 12.614944417769555 6.080182240574792 6.496486929892982
Ga 6.766206685119842 8.01744349938753 9.769945814267755
Ga 3.807876276942908 13.951306106761862 9.769945814267755
Ga 4.820734228723782 11.934963520195774 8.092983500107024
Ga 10.425917241584113 13.546364089343912 9.769945814267755
Ga 1.4195261394074707 13.668728981639562 3.231737959364919
Ga 16.980352368057098 5.806250799772574 4.8195246157322496
Ga 8.005981544045778 9.902775626913455 8.092983500107024
Ga 15.967494416276221 7.822593386338664 6.496486929892982
Ga 18.129382254338957 7.978553498710063 8.235488632742019
Ga 9.412855575061602 4.001532362391629 11.357732470635085
Ga 12.583128057992727 13.667196501672366 11.357732470635085
Ga 11.566237694749866 11.649051128905796 8.235488632742019
Ga 11.669065782264324 4.129952396494146 8.235488632742019
Ga 10.394114390382288 13.79796404958684 4.8631567613684314
Ga 12.782247100954226 9.854781279620981 6.496486929892982
Ga 8.173284227230448 13.677374665959643 8.092983500107024
Ga 2.658846390661048 11.779003407824373 6.353981797257984
Ga 19.368702505592534 6.088827924894874 11.357732470635085
Ga 14.02202195988016 11.740113407146904 4.8195246157322496
Ga 8.205100587007275 6.090360404862072 3.231737959364919
Ga 10.362311403415891 6.2111928171905255 4.8195246157322496
Ga 9.221990950250138 8.10850577762864 6.353981797257984
Ga 3.6058857453822886 13.79796404958684 4.8631567613684314
Ga 7.000000067882288 7.919185596319623 4.8631567613684314
Ga 9.119162726971105 7.789233317401045 11.217138704521119
Ga 11.375373137820684 7.917653233927994 8.09489472073335
Ga 5.8267158406518424 9.999367836894415 11.359643691261413
Ga 13.554435194355271 11.936629213282721 0.043632291530888115
Ga 17.384333431178334 6.112934914122618 0.043632291530888115
Ga 18.39719158660607 4.09659220998096 12.956140261475456
Ga 10.425917105819538 5.707992896704665 0.043632291530888115
Ga 14.995983497289755 5.830357671424748 8.09489472073335
Ga 10.19212379093938 9.725436396092196 9.68268137710068
Ga 14.794210256928064 13.82196122323308 12.956140261475456
Ga 9.17926583915851 11.741778982658285 11.359643691261413
Ga 11.341153677221243 11.897739095029685 13.09864539411045
Ga 16.20108408429703 7.9207180762868195 1.6314189478982186
Ga 12.583127922228154 5.828825309033119 1.6314189478982186
Ga 4.778009117632154 15.56823672522542 13.09864539411045
Ga 4.8808372051466105 8.049137992813769 13.09864539411045
Ga 10.394114254617714 5.959592856947595 9.726313668631573
Ga 5.994018523836513 13.773966875940603 11.359643691261413
Ga 8.173284295112733 5.839003355744831 12.956140261475456
Ga 9.447074899896474 15.698189121719567 11.217138704521119
Ga 12.58047372482796 10.008013638790064 1.6314189478982186
Ga 7.233793382762447 15.65929900346653 9.68268137710068
Ga 14.993329299889567 10.009546001181693 8.09489472073335
Ga 3.5740828262981768 10.13037841351015 9.68268137710068
Ga 2.433762169485566 12.02769149152383 11.217138704521119
Ga 17.182342899617716 5.959592856947595 9.726313668631573
Ga 13.788228577117717 11.838371310214814 9.726313668631573
Ga 15.907391439853392 11.708418913720667 1.4908250358895505
Ga 4.587144560702974 11.836838830247615 12.958051482101782
Ga 12.61494434988727 13.918553550789605 1.6333301685245487
Ga 13.554435262237554 4.098257903067909 4.906789052899322
Ga 10.59610485406062 10.03212051044224 4.906789052899322
Ga 11.608962805841495 8.01577792387615 3.229826738738589
Ga 17.21414581870183 9.627178493024289 4.906789052899322
Ga 8.207754920172043 9.749543267744372 12.958051482101782
Ga 3.403895213821669 13.644621992411818 14.545838138469115
Ga 14.794210121163488 5.983590030593833 3.229826738738589
Ga 2.3910370583939358 15.660964696553476 1.6333301685245487
Ga 11.341153745103528 4.059367784814872 3.372331725478883
Ga 9.412855507179316 11.839903672606443 6.494575709266651
Ga 5.794899345110441 9.748010905352743 6.494575709266651
Ga 18.354466475514435 7.729865415010606 3.372331725478883
Ga 11.669065918028899 11.96832358913339 3.372331725478883
Ga 3.605885677500001 9.878778453267218 0.0
Ga 5.9940183880719395 5.93559568330136 1.6333301685245487
Ga 14.961512804348162 9.758189069640022 3.229826738738589
Ga 9.44707496777876 7.859817811504751 1.4908250358895505
Ga 5.792245147710247 13.92719923510969 6.494575709266651
Ga 7.233793450644733 7.820927693251715 14.545838138469115
Ga 8.20510072277185 13.928731597501315 12.958051482101782
Ga 10.362311539180464 14.049564009829771 14.545838138469115
Ga 16.010219527367852 4.189320181309018 1.4908250358895505
Ga 10.394114322500002 9.878778453267218 0.0
Ga 13.788228645 4.0 0.0
