mp-555569.cif
Cr 7.0 4.0 5.441554658042738
Cr 6.999999969919476 7.473399771987512 2.817143583009538
Cr 7.0 4.0 0.0
Cr 10.008052455080524 5.736699859943258 0.192732338947726
Cr 10.008052455080524 5.736699859943258 11.075841655033203
Cr 7.0 4.0 8.45143058
Cr 10.008052455080524 5.736699859943258 5.634286996990465
Cr 6.999999969919476 7.473399771987512 5.8270195049668
Cr 6.999999969919476 7.473399771987512 16.710128821052276
Cr 10.008052455080524 5.736699859943258 14.085717576990467
Cr 6.999999969919476 7.473399771987512 11.268574163009538
Cr 7.0 4.0 11.461306501957264
S 6.002640903246056 9.093979901091087 1.3172301665393271
S 5.09785690599133 7.419951496004383 4.317056830451138
S 8.902143124089196 7.526847995869645 1.3172301665393271
S 7.9973591268344695 5.85281959078294 4.317056830451138
S 7.904784057415776 9.147428124973219 4.317056830451138
S 6.095215972664749 5.799371366900808 1.3172301665393271
S 12.01874578332658 5.620580129103574 6.951517163529792
S 8.105909270830281 9.156651408048637 9.951343996470214
S 8.90214315416972 4.053448223882133 6.951517163529792
S 4.989306641673421 7.589519502827194 9.951343996470214
S 7.904783997254727 5.674028405086704 9.951343996470214
S 9.103268427745274 7.536071226844065 6.951517163529792
S 9.010693298165531 7.357280041147829 12.58580432954887
S 8.105909300910804 5.683251636061126 15.585630993460672
S 11.91019551900867 5.790148135926387 12.58580432954887
S 11.005411521753945 4.116119730839682 15.585630993460672
S 10.912836452335252 7.410728265029961 15.585630993460672
S 9.103268367584224 4.0626715069575505 12.58580432954887
