mp-510268.cif
Cs 7.0 4.0 2.301968878273917
Cs 10.167995705 4.0 4.888294106726083
Cs 7.0 9.35982405 9.492231863273918
Cs 10.167995705 9.35982405 12.078557091726081
Cs 10.167995705 4.0 9.492231863273918
Cs 7.0 4.0 12.078557091726081
Cs 10.167995705 9.35982405 2.301968878273917
Cs 7.0 9.35982405 4.888294106726083
Pd 10.167995705 4.0 0.0
Pd 11.7519935575 12.039736075 0.0
Pd 11.7519935575 6.679912025 0.0
Pd 10.167995705 9.35982405 7.190262985
Pd 11.7519935575 6.679912025 7.190262985
Pd 11.7519935575 12.039736075 7.190262985
Pd 7.0 4.0 7.190262985
Pd 8.5839978525 12.039736075 7.190262985
Pd 8.5839978525 6.679912025 7.190262985
Pd 7.0 9.35982405 0.0
Pd 8.5839978525 6.679912025 0.0
Pd 8.5839978525 12.039736075 0.0
S 7.0 5.801442008636088 5.672242583964984
S 7.0 12.918206091363912 5.672242583964984
S 10.167995705 12.918206091363912 1.5180204010350145
S 10.167995705 5.801442008636088 1.5180204010350145
S 7.0 11.161266058636087 12.862505568964982
S 7.0 7.558382041363913 12.862505568964982
S 10.167995705 7.558382041363913 8.708283386035015
S 10.167995705 11.161266058636087 8.708283386035015
S 10.167995705 5.801442008636088 12.862505568964982
S 10.167995705 12.918206091363912 12.862505568964982
S 7.0 12.918206091363912 8.708283386035015
S 7.0 5.801442008636088 8.708283386035015
S 10.167995705 11.161266058636087 5.672242583964984
S 10.167995705 7.558382041363913 5.672242583964984
S 7.0 7.558382041363913 1.5180204010350145
S 7.0 11.161266058636087 1.5180204010350145
