mp-542454.cif
Mo 13.617084375935736 4.0 4.991534083397542
Mo 8.280918996121146 4.0 2.9518836482419206
Mo 10.938520695920767 4.0 6.8773221057748515
Mo 10.959482676136115 4.0 1.0660956258646104
Mo 6.918117300935737 5.638465065 4.991534083397542
Mo 14.979886071121147 5.638465065 2.9518836482419206
Mo 4.239553620920769 5.638465065 6.8773221057748515
Mo 17.658449751136114 5.638465065 1.0660956258646104
As 13.431962524949967 4.0 7.575370750697126
As 8.466040847106918 4.0 0.3680469809423354
As 13.127626301243048 4.0 2.506072434692912
As 8.770377070813836 4.0 5.437345296946547
As 10.257009164974543 5.638465065 2.9452284145638212
As 11.64099420708234 5.638465065 4.998189317075641
As 6.732995449949967 5.638465065 7.575370750697126
As 15.165007922106916 5.638465065 0.3680469809423354
As 6.428659226243047 5.638465065 2.506072434692912
As 15.469344145813837 5.638465065 5.437345296946547
As 16.955976239974543 4.0 2.9452284145638212
As 4.942027132082341 4.0 4.998189317075641
