mp-568920.cif
Ca 7.0 4.0 0.0
Ca 7.0 7.89984165 3.89984165
Ca 10.899841649999999 4.0 3.89984165
Ca 10.899841649999999 7.89984165 0.0
Au 7.97325774163561 4.97325774163561 2.92658390836439
Au 9.926583908364389 4.97325774163561 0.9732577416356102
Au 8.949920825 9.849762475 1.949920825
Au 9.926583908364389 10.82642555836439 6.82642555836439
Au 7.97325774163561 10.82642555836439 4.873099391635612
Au 7.97325774163561 8.873099391635613 6.82642555836439
Au 9.926583908364389 8.873099391635613 4.873099391635612
Au 8.949920825 5.9499208249999995 5.849762475
Au 9.926583908364389 6.92658390836439 2.92658390836439
Au 7.97325774163561 6.92658390836439 0.9732577416356102
Au 11.873099391635613 4.97325774163561 6.82642555836439
Au 13.82642555836439 4.97325774163561 4.873099391635612
Au 12.849762475 9.849762475 5.849762475
Au 13.82642555836439 10.82642555836439 2.92658390836439
Au 11.873099391635613 10.82642555836439 0.9732577416356102
Au 11.873099391635613 8.873099391635613 2.92658390836439
Au 13.82642555836439 8.873099391635613 0.9732577416356102
Au 12.849762475 5.9499208249999995 1.949920825
Au 13.82642555836439 6.92658390836439 6.82642555836439
Au 11.873099391635613 6.92658390836439 4.873099391635612
