mp-571270.cif
Nb 7.0 4.0 13.169048975
Nb 8.755169647551696 5.0133476482204795 0.0
Nb 8.755169647551696 5.0133476482204795 6.592262620677711
Nb 8.755169647551696 5.0133476482204795 19.74583532932229
Se 7.0 4.0 8.241381536384157
Se 7.0 4.0 1.6650998200185902
Se 7.0 4.0 18.09671641361584
Se 6.999999982448305 6.026695326841388 4.944631017362498
Se 6.999999982448305 6.026695326841388 11.503105018942113
Se 6.999999982448305 6.026695326841388 14.834992931057888
Se 7.0 4.0 24.672998129981412
Se 6.999999982448305 6.026695326841388 21.393466932637505
