mp-510696.cif
Cs 7.0 4.0 24.138951787704396
Cs 7.0 4.0 20.33950039940367
Cs 6.99999996534461 8.001659809497111 29.152551799580436
Cs 6.99999996534461 8.001659809497111 25.353100411279712
Cs 10.465539069655389 6.000829874736107 4.342130848720295
Cs 10.465539069655389 6.000829874736107 0.5426794604195625
Cs 7.0 4.0 9.355730860596333
Cs 7.0 4.0 5.5562794722956035
Cs 6.99999996534461 8.001659809497111 14.240541466688502
Cs 6.99999996534461 8.001659809497111 10.44109007838777
Cs 10.465539069655389 6.000829874736107 19.25414118161223
Cs 10.465539069655389 6.000829874736107 15.454689793311498
Sn 10.465539069655389 6.000829874736107 23.248047337534388
Sn 10.465539069655389 6.000829874736107 26.244004564497413
Sn 6.99999996534461 8.001659809497111 3.4512266955025908
Sn 6.99999996534461 8.001659809497111 6.4471839224656184
Sn 7.0 4.0 13.349637016518486
Sn 7.0 4.0 16.345594243481514
Au 10.465539035 8.379284178743916 27.421152039065827
Au 5.594262762028113 7.19005705675246 22.070900159918285
Au 8.405737203316496 4.811602752744651 27.421152039065827
Au 8.405737168661107 7.19005705675246 22.070900159918285
Au 12.525340866683504 4.811602752744651 27.421152039065827
Au 7.0 4.0 0.0
Au 6.99999996534461 9.624865314986415 22.070900159918285
Au 10.46553906965539 4.377624369246805 7.624331100081714
Au 9.059801831683505 9.190886931488567 2.274079220934181
Au 11.871276272971887 6.812432627480758 7.624331100081714
Au 4.940198168316498 9.190886931488567 2.274079220934181
Au 9.059801866338894 6.812432627480758 7.624331100081714
Au 10.465539069655389 6.000829874736107 9.898410321015895
Au 7.0 5.623205505489302 2.274079220934181
Au 6.99999996534461 6.378454304007809 17.52274171804993
Au 9.059801866338892 5.189227121991456 12.172489541950082
Au 8.405737168661108 8.813262562241764 17.52274171804993
Au 11.871276272971887 5.189227121991456 12.172489541950082
Au 5.594262762028113 8.813262562241764 17.52274171804993
Au 6.99999996534461 8.001659809497111 19.796820938984105
Au 10.46553906965539 7.6240353802254095 12.172489541950082
