mp-675022.cif
Cs 6.999999959968449 8.622445389618383 1.6477777612888875
Cs 7.0 4.0 4.943333185
Cs 11.003155155031552 6.311222660140851 8.238888608711113
Pb 7.0 4.0 0.0
Pb 11.003155155031552 6.311222660140851 3.295555423711112
Pb 6.999999959968449 8.622445389618383 6.591110946288889
Cl 8.927117631382913 5.2845796705647015 1.6477777612888875
Cl 11.15207484713952 8.622445389618383 1.6477777612888875
Cl 12.930272746382915 5.026643058912829 1.6477777612888875
Cl 4.923962556414467 7.595802330705553 4.943333185
Cl 11.15207488717107 4.0 4.943333185
Cl 8.927117671414466 7.33786571905368 4.943333185
Cl 8.927117711446018 9.907024990846402 8.238888608711113
Cl 7.148919812202621 6.311222660140851 8.238888608711113
Cl 4.923962596446018 9.64908837919453 8.238888608711113
