mp-607409.cif
Hf 6.999999956802211 8.988051202334159 2.9276980599999995
Hf 8.09871234115209 5.903025597778369 4.3915470899999995
Hf 5.90128765884791 5.903025597778369 1.4638490299999998
Hf 9.19742468230418 4.0 1.4638490299999998
Hf 11.31977907819779 6.494025563756695 0.0
Hf 11.31977907819779 6.494025563756695 2.9276980599999995
Hf 10.22106669384791 9.579051168312485 1.4638490299999998
Hf 6.999999956802211 8.988051202334159 0.0
Hf 13.442133387695819 4.0 4.3915470899999995
Hf 3.7789333061520916 9.579051168312485 4.3915470899999995
Cu 7.0 4.0 2.9276980599999995
Cu 7.0 4.0 0.0
Pb 12.278368414110908 4.0 1.4638490299999998
Pb 4.360815792944548 8.571201137153425 1.4638490299999998
Pb 9.639184207055454 8.571201137153425 4.3915470899999995
Pb 10.361189655889094 4.0 4.3915470899999995
Pb 8.680594827944548 6.910875628937431 1.4638490299999998
Pb 5.319405172055454 6.910875628937431 4.3915470899999995
