mp-685048.cif
Ag 8.659951014539836 4.869935470351421 21.71251639633634
Ag 8.628491898051074 6.519318718241793 24.025694509396118
Ag 6.30581763405087 4.60044152030973 20.181278647776345
Ag 6.503475722834876 4.863892029142676 17.34082421944345
Ag 8.929353279779157 3.3814402354468838 16.49262185810453
Ag 8.141441328296844 3.6307338502397446 13.780299261629969
Ag 8.868384673381435 5.941644699218188 12.258767648449847
Ag 9.17971077480576 5.719552032364023 6.963338771759028
Ag 6.7584022647511794 4.337256117320011 8.935636325793261
Ag 6.920211742448582 4.335021589238668 2.7550783939440064
Ag 6.82114073002306 4.37545158368877 5.897100821802958
Ag 6.910703332733725 7.17029341999257 4.9810368491349255
Ag 7.025457466841454 7.07593276209905 1.4652468728208574
Ag 9.385199018339698 5.6343426673187285 0.6077992819720595
Te 6.100483666024499 2.32215645827842 26.943174442238004
Te 6.283357671779104 4.98522594919501 23.300418454795594
Te 8.660569325880184 3.242542550722785 19.32366838426755
Te 8.970586277179944 6.067729729722375 15.486166110697681
Te 6.490860916284571 4.492732013379522 11.64915185510781
Te 6.820236296571581 7.104659042184625 7.984136825355693
Te 9.272233691749738 5.757141231646545 3.893543004939133
