mp-644431.cif
Cd 8.069669912700439 11.6843584985067 5.324759275142148
Cd 11.877984028762459 11.6843584985067 5.873673763260157
Cd 12.57425021160816 5.375805361493299 2.1408627504593887
Cd 8.76593609554614 5.375805361493299 1.5919482623413799
Cd 12.08789615770044 7.154276568506701 5.324759275142148
Cd 7.8597577837624595 7.154276568506701 5.873673763260157
Cd 8.55602396660816 9.905887291493299 2.1408627504593887
Cd 12.784162340546139 9.905887291493299 1.5919482623413799
P 10.601110352384604 4.416810120330142 7.205713188496263
P 9.346543589078296 4.416810120330142 3.992719849906043
P 10.042809771923997 12.643353739669857 0.25990883710527424
P 11.297376535230303 12.643353739669857 3.4729021756954954
P 9.973826970731448 5.7691129637624075 5.599216519201153
P 10.670093153577149 11.291050896237593 1.8664055064003844
P 6.5828841073846025 8.94689214093178 7.205713188496263
P 13.364769834078295 8.94689214093178 3.992719849906043
P 14.061036016923996 8.113271809669858 0.25990883710527424
P 7.2791502902303025 8.113271809669858 3.4729021756954954
P 5.95560072573145 10.299194893762408 5.599216519201153
P 6.65186690857715 6.760968966237591 1.8664055064003844
Cl 9.973826970731448 9.762896976803983 5.599216519201153
Cl 10.670093153577149 7.297266883196017 1.8664055064003844
Cl 5.95560072573145 5.2328150468039825 5.599216519201153
Cl 6.65186690857715 11.827348813196018 1.8664055064003844
