mp-637232.cif
Ta 8.737138472371385 5.002937344584527 6.691927021339152
Ta 8.737138472371385 5.002937344584527 20.209080938660847
Ta 6.999999982628616 6.005874719257175 0.0
Ta 8.737138472371385 5.002937344584527 13.450503979999997
Se 7.0 4.0 8.356492796333653
Se 7.0 4.0 18.544515163666347
Se 6.999999982628616 6.005874719257175 11.784209008213827
Se 6.999999982628616 6.005874719257175 15.116798951786173
Se 7.0 4.0 5.026272831562587
Se 8.737138472371385 5.002937344584527 25.238183487250744
Se 7.0 4.0 21.87473512843741
Se 8.737138472371385 5.002937344584527 1.6628244727492514
