mp-675691.cif
Ni 10.35659853 5.6936358925 5.96160131805144
Ni 7.0 5.6936358925 8.336825701948559
Ni 12.034897795 5.6936358925 2.38307117
Ni 8.678299265 5.6936358925 2.38307117
Ni 7.0 9.0809076775 1.195458978051441
Ni 10.35659853 9.0809076775 3.570683361948558
Ni 8.678299265 9.0809076775 7.14921351
Ni 12.034897795 9.0809076775 7.14921351
Rh 10.35659853 7.387271784999999 0.0
Rh 10.35659853 4.0 0.0
Rh 7.0 4.0 4.76614234
Rh 7.0 7.387271784999999 4.76614234
S 11.971762190609818 5.6936358925 0.10255289408408641
S 10.35659853 7.278068310505542 2.3541841532143404
S 8.741434869390181 5.6936358925 0.10255289408408641
S 10.35659853 4.109203474494458 2.3541841532143404
S 7.0 7.278068310505542 2.4119581867856597
S 7.0 4.109203474494458 2.4119581867856597
S 8.615163660609818 5.6936358925 4.663589445915913
S 12.098033399390182 5.6936358925 4.663589445915913
S 8.615163660609818 9.0809076775 4.868695234084087
S 7.0 10.665340095505542 7.12032649321434
S 12.098033399390182 9.0809076775 4.868695234084087
S 7.0 7.496475259494457 7.12032649321434
S 10.35659853 10.665340095505542 7.178100526785659
S 10.35659853 7.496475259494457 7.178100526785659
S 11.971762190609818 9.0809076775 9.429731785915914
S 8.741434869390181 9.0809076775 9.429731785915914
