mp-607437.cif
Na 11.7394505 11.849421044694001 0.0
Na 11.7394505 5.629479955306 0.0
Na 14.849421044694001 4.0 4.7394505
Na 7.0 8.7394505 7.849421044694
Na 7.0 8.7394505 1.6294799553060004
Na 8.629479955306 4.0 4.7394505
In 9.686187838786001 6.686187838786001 6.792713161214
In 13.792713161214 10.792713161214 2.6861878387860005
In 13.792713161214 6.686187838786001 6.792713161214
In 11.7394505 4.0 3.200731021769
In 11.7394505 4.0 6.278169978231
In 10.200731021769 8.7394505 0.0
In 13.278169978231 8.7394505 0.0
In 7.0 7.200731021769 4.7394505
In 13.792713161214 10.792713161214 6.792713161214
In 9.686187838786001 10.792713161214 2.6861878387860005
In 7.0 10.278169978231 4.7394505
In 9.686187838786001 10.792713161214 6.792713161214
In 13.792713161214 6.686187838786001 2.6861878387860005
In 9.686187838786001 6.686187838786001 2.6861878387860005
In 7.0 4.0 0.0
Au 14.837790433167001 11.020311053124999 0.0
Au 9.458589946875001 4.0 1.6411105668330002
Au 7.0 5.641110566833 7.020311053125
Au 8.641110566833 6.458589946875001 0.0
Au 14.837790433167001 6.458589946875001 0.0
Au 13.967267123129002 8.7394505 4.7394505
Au 7.0 11.837790433167001 7.020311053125
Au 8.641110566833 11.020311053124999 0.0
Au 14.020311053124999 4.0 1.6411105668330002
Au 7.0 5.641110566833 2.458589946875001
Au 11.7394505 8.7394505 2.511633876871
Au 11.7394505 8.7394505 6.967267123129001
Au 11.7394505 10.967267123129002 4.7394505
Au 9.458589946875001 4.0 7.837790433167002
Au 9.511633876871 8.7394505 4.7394505
Au 14.020311053124999 4.0 7.837790433167002
Au 7.0 11.837790433167001 2.458589946875001
Au 11.7394505 6.5116338768710005 4.7394505
