mp-669692.cif
Nb 10.241418349722007 6.763738155 11.464040613659082
Nb 8.638364130277994 4.0 9.11625527634092
Nb 11.822382672239906 4.0 0.0
Nb 8.638364130277994 4.0 4.6039419836590785
Nb 10.241418349722007 6.763738155 2.2561566463409206
Nb 7.057399807760095 6.763738155 6.860098629999999
Pd 7.79297085032375 8.152563229787557 11.422839821701109
Pd 11.086811629676252 8.138651235212443 4.562741191701108
Pd 7.79297085032375 8.152563229787557 2.2973574382988926
Pd 9.495925099048293 8.136025131217561 6.860098629999999
Pd 9.383857380951708 8.155189333782438 0.0
Pd 7.79297085032375 5.374913080212444 11.422839821701109
Pd 11.086811629676252 8.138651235212443 9.157456068298893
Pd 8.659341729585616 6.763738155 9.13324156655866
Pd 7.79297085032375 5.374913080212444 2.2973574382988926
Pd 10.220440750414383 4.0 2.2731429365586635
Pd 9.383857380951708 5.372286976217563 0.0
Pd 11.086811629676252 5.388825074787556 9.157456068298893
Pd 11.772155119971092 6.763738155 0.0
Pd 8.659341729585616 6.763738155 4.586955693441337
Pd 11.086811629676252 5.388825074787556 4.562741191701108
Pd 10.220440750414383 4.0 11.447054323441336
Pd 7.10762736002891 4.0 6.860098629999999
Pd 9.495925099048293 5.391451178782438 6.860098629999999
