mp-643260.cif
Na 7.0 6.63693706 1.6216084799999995
Na 9.636937060000001 4.0 1.6216084799999995
Na 9.636937060000001 4.0 4.86482544
Na 7.0 6.63693706 4.86482544
H 8.161219271219903 5.1612192712199025 0.0
H 8.475717788780099 5.4757177887800985 3.243216959999999
H 8.475717788780099 7.798156331219902 3.243216959999999
H 10.798156331219902 5.4757177887800985 3.243216959999999
H 10.798156331219902 7.798156331219902 3.243216959999999
H 11.1126548487801 8.1126548487801 0.0
H 11.1126548487801 5.161219323958643 0.0
H 8.161219323958644 8.1126548487801 0.0
Pd 7.0 4.0 0.0
Pd 9.636937060000001 6.63693706 3.243216959999999
