mp-616255.cif
In 10.288789679402509 6.885382 7.746674786782299
In 11.64002132059182 4.961794 4.8376762102973645
In 9.468522059635028 4.961794 11.036261890471915
In 12.460288940359302 6.885382 1.5480891066077491
Sn 15.828199844093804 6.885382 4.872346097294319
Sn 5.460455333111377 4.961794 12.479322003658037
Sn 6.100611155900525 4.961794 7.712004899785344
Sn 7.939485934369414 4.961794 3.520333763572068
Sn 13.989325065624918 6.885382 9.064017233507597
Sn 16.468355666882953 6.885382 0.10502899342162686
S 15.253599431951 4.961794 6.6527674920101525
S 14.139452201183635 4.961794 0.8083557862974122
S 16.54020455619851 4.961794 3.3100995958148554
S 10.821486846981973 4.961794 2.2796803518229756
S 5.388606443795821 6.885382 9.27425140126481
S 8.57572447872019 4.961794 8.45820657650818
S 9.887713477574659 6.885382 5.195122116018416
S 11.107324153012359 6.885382 10.304670645256689
S 13.35308652127414 6.885382 4.126144420571482
S 12.04109752241967 4.961794 7.389228881061249
S 7.789358798810694 6.885382 11.77599521078225
S 7.707230708154335 6.885382 1.4751627925796724
S 14.221580291839995 4.961794 11.109188204499992
S 6.675211568043327 6.885382 5.931583505069511
