mp-675066.cif
Nb 8.381168123236792 10.058873890158914 0.002732288404283094
Nb 11.547149435827084 8.408718639841087 6.579586718124806
Nb 11.81186861746519 4.654618044820178 13.128545682855846
Nb 8.3052265724305 6.7458632688584625 0.017141124163092002
Nb 11.471207885020798 4.743334241141538 6.593995553883614
Nb 8.645887304874899 6.8345794651798215 6.551691253135323
Nb 14.450803093236791 6.5696763801589135 0.002732288404283094
Nb 5.477514465827085 4.919521129841087 6.579586718124806
Nb 5.742233647465192 8.143815554820177 13.128545682855846
Nb 14.374861542430502 10.235060778858461 0.017141124163092002
Nb 5.401572915020795 8.232531751141536 6.593995553883614
Nb 14.715522274874898 10.32377697517982 6.551691253135323
Ir 8.918121422647031 9.929771209634605 6.571236480666655
Ir 12.084102735237327 8.537821320365394 13.148090910387177
Ir 14.987756392647032 6.440573699634607 6.571236480666655
Ir 6.014467765237325 5.0486238103653935 13.148090910387177
Se 12.893916873521402 10.152910973115123 11.346307446084738
Se 7.742895192938155 4.729976336962154 7.952403665233659
Se 9.71132305565288 4.826690402031985 11.507152839537225
Se 12.71181697314261 6.667980612101951 11.544646960492708
Se 12.855193853633892 6.574050019453748 5.2005655611582196
Se 10.716125881213852 10.052735693899322 8.36783961980898
Se 9.951540196224187 8.40434500054625 11.777419990878743
Se 9.727935560931106 8.314681556884878 4.769453016364217
Se 7.550144568623559 8.414856836100679 1.7909851900884572
Se 7.606919359307624 8.454762788022549 8.179780781171374
Se 10.570603825317288 6.635580412511743 8.234103757241625
Se 10.51057301671733 6.523632231977452 1.6029263514508514
Se 12.614976713062585 10.151704617968015 4.930298409816702
Se 9.545835660552317 4.821216897898048 4.967792530772185
Se 7.404622512726994 4.853617097488256 1.6572493275211024
Se 10.646548850347862 10.248418683037844 1.3755492355131358
Se 6.824281903521401 6.663713463115123 11.346307446084738
Se 13.812530162938154 8.219173846962153 7.952403665233659
Se 3.6416880856528797 8.315887912031986 11.507152839537225
Se 6.642182003142611 10.157178122101952 11.544646960492708
Se 6.785558883633892 10.063247529453747 5.2005655611582196
Se 4.646490911213853 6.56353818389932 8.36783961980898
Se 3.881905226224185 4.915147490546252 11.777419990878743
Se 15.797570530931107 4.825484046884878 4.769453016364217
Se 13.61977966001626 4.9256593261006785 1.7909851900884572
Se 13.676554329307624 4.965565278022549 8.179780781171374
Se 4.5009688553172875 10.124777922511742 8.234103757241625
Se 16.580207986717333 10.01282974197745 1.6029263514508514
Se 6.545341743062587 6.662507107968014 4.930298409816702
Se 15.615470630552318 8.310414407898048 4.967792530772185
Se 13.474257482726994 8.342814607488254 1.6572493275211024
Se 16.71618382034786 6.7592211730378455 1.3755492355131358
