mp-643063.cif
Nb 7.0 4.005196688826198 13.199236824999996
Nb 7.0 8.054221494085482 0.0
Nb 7.0 10.077838546951405 6.673372316076525
Nb 7.0 10.077838546951405 19.725101333923476
Nb 8.75555359 7.045227123826198 13.199236824999996
Nb 8.75555359 5.014191059085481 0.0
Nb 8.75555359 7.037808111951406 6.673372316076525
Nb 8.75555359 7.037808111951406 19.725101333923476
Se 7.0 4.001757867198735 1.6673159804055941
Se 7.0 4.001757867198735 24.731157669594406
Se 7.0 8.04846969570185 8.321404211480795
Se 7.0 8.04846969570185 18.077069438519207
Se 7.0 6.023269151782944 5.020398890389712
Se 7.0 6.023269151782944 21.378074759610286
Se 7.0 6.032346986664898 11.534525318004716
Se 7.0 6.032346986664898 14.863948331995282
Se 8.75555359 7.041788302198734 1.6673159804055941
Se 8.75555359 7.041788302198734 24.731157669594406
Se 8.75555359 5.008439260701852 8.321404211480795
Se 8.75555359 5.008439260701852 18.077069438519207
Se 8.75555359 9.063299586782943 5.020398890389712
Se 8.75555359 9.063299586782943 21.378074759610286
Se 8.75555359 9.072377421664896 11.534525318004716
Se 8.75555359 9.072377421664896 14.863948331995282
