mp-684731.cif
Ti 9.391903604370414 6.227800937540813 5.9055070587272915
Ti 14.546044346363669 10.657616318264527 5.846155347816139
Ti 10.754094076219907 3.3771227209864856 7.3666021985367784
Ti 7.589879282313452 8.466377843743643 0.0
Ti 6.85003898327785 7.933383892634866 7.374363178949595
Ti 12.088971267313452 8.466377843743643 0.0
Ti 7.0 4.0 0.0
Ti 13.40974225326013 5.57488067595686 1.481867251158697
Ti 9.50568716031807 10.131141847605244 1.4896282315715135
Ti 10.867877632167566 7.280463631050915 2.950723371381
Ti 5.71373689017431 2.8506482503271995 3.0100750822921527
Ti 12.094695221333222 4.480295667215145 4.393062520698691
Ti 8.165086015204757 9.027968901376582 4.463167909409601
S 8.563611259122442 4.071474008722431 6.669549379211378
S 13.645945721097528 8.55565319785364 6.673008888504292
S 9.866315092855913 1.2564966303690608 8.135194318842029
S 5.9209186942273115 5.703132119835984 8.111964426423855
S 11.723593886121328 5.525638269772846 6.642224631529235
S 7.776988182289182 9.992679945553633 6.616840018247416
S 11.208364947833731 6.354255066121059 0.7655583300091123
S 16.22609392593523 10.784952615685448 0.7390199270268585
S 4.033687310602746 2.7233119529062813 8.117210503081434
S 9.05141628870425 7.154009502470668 8.09067210009918
S 8.536187350416652 7.982626298818882 2.214005798579057
S 12.482793054248797 3.5155846230380923 2.2393904118608763
S 14.338862542310668 7.805132448755742 0.7442660036844374
S 10.393466143682067 12.251767938222667 0.7210361112662633
S 9.894796404738978 5.216840440610653 3.7440158726050394
S 14.95024522065341 9.673118964396645 3.70806533360858
S 6.613835515440454 4.9526113707380865 2.1832215416040004
S 11.696169977415536 9.436790559869296 2.1866810508969134
S 7.238098383332641 6.897974941512675 5.19843394604405
S 11.152733992270807 2.398705729727614 5.1856421839354105
S 13.021682853205338 6.610289627079051 3.657796484064242
S 9.107047244267171 11.109558838864114 3.670588246172882
S 5.309536015884568 3.835145604195082 5.148165096499713
S 10.364984831799001 8.291424127981074 5.112214557503252
