mp-680731.cif
Tl 7.2883695870309335 7.9803794897982305 2.6128684640912803
Tl 9.640976953659454 10.783011122475575 0.3946298000152631
Tl 6.844436826749849 4.034100487524426 4.8124921998737475
Tl 4.491829460121329 6.83673212020177 7.030730863949765
Tl 13.336763392030933 4.571823684798231 2.6128684640912803
Tl 15.689370758659454 7.374455317475574 0.3946298000152631
Tl 12.892830631749849 7.442656292524426 4.8124921998737475
Tl 10.540223265121329 10.245287925201772 7.030730863949765
Te 18.600605848087618 5.569335427826881 0.16388175436697444
Te 7.774399734757474 7.709280753729833 6.604904505312396
Te 10.159764771563143 9.864519315134194 3.5744779771368282
Te 9.75567191617801 5.839220377173119 4.58174415422546
Te 16.619333545699206 10.516386661270168 2.1870421054539113
Te 7.363224644653537 4.9525922948658065 7.992340376995315
Te 12.552212043087614 8.977891232826881 0.16388175436697444
Te 13.822793418789598 4.300724948729832 6.604904505312396
Te 16.208158576563143 6.455963510134193 3.5744779771368282
Te 15.80406572117801 9.24777618217312 4.58174415422546
Te 10.570939740699203 7.1078308562701675 2.1870421054539113
Te 13.411618449653535 8.361148099865808 7.992340376995315
