mp-675750.cif
Ca 8.892248254240325 16.757873458234286 7.75321828874964
Ca 19.89802443567426 16.757873458234286 2.6051312200584302
Ca 16.309664199240324 9.436636668234284 7.75321828874964
Ca 12.48060849067426 9.436636668234284 2.6051312200584302
Ga 7.701046996804313 4.668800398481725 1.7330965789662283
Ga 11.155372681064293 17.135905959160137 1.6728001085579811
Ga 10.00585128032383 5.61152794638075 9.09333089587013
Ga 10.640568213575328 6.312919708981575 2.6169884227411626
Ga 13.768402549034526 4.50340092044361 3.4962109297245165
Ga 15.021870140880056 4.50340092044361 6.862138579083553
Ga 12.258639163791345 7.311406381972184 5.94605557462262
Ga 17.63490000885029 17.135905959160137 8.685549400250089
Ga 16.531633526123237 7.311406381972184 4.412293934185449
Ga 18.784421409590756 5.61152794638075 1.26501861293794
Ga 18.149704476339256 6.312919708981575 7.741361086066906
Ga 21.089225693110272 4.668800398481725 8.62525292984184
Ga 15.118462941804312 11.990037188481724 1.7330965789662283
Ga 18.572788626064295 9.81466916916014 1.6728001085579811
Ga 17.42326722532383 12.932764736380753 9.09333089587013
Ga 18.05798415857533 13.634156498981577 2.6169884227411626
Ga 21.185818494034528 11.82463771044361 3.4962109297245165
Ga 7.604454195880057 11.82463771044361 6.862138579083553
Ga 19.676055108791346 14.632643171972186 5.94605557462262
Ga 10.21748406385029 9.81466916916014 8.685549400250089
Ga 9.114217581123238 14.632643171972186 4.412293934185449
Ga 11.367005464590754 12.932764736380753 1.26501861293794
Ga 10.732288531339256 13.634156498981577 7.741361086066906
Ga 13.67180974811027 11.990037188481724 8.62525292984184
Te 11.138999130653083 15.414248454790547 5.877173379057006
Te 12.561055870079175 14.180898116248835 9.636088832851101
Te 9.673100558680307 18.575270483257228 3.359115170054084
Te 8.30543769784519 5.226413466683191 7.113430584414811
Te 11.280497825989782 17.994723494386353 9.528580766301124
Te 13.498580105518766 16.730004438269468 2.671041812316956
Te 16.229216819835408 14.180898116248835 0.7222606759569687
Te 12.528530909217842 4.705323120332318 5.8959787554232586
Te 15.29169258439582 16.730004438269468 7.687307696491114
Te 17.651273559261497 15.414248454790547 4.481176129751062
Te 11.763296958598275 7.598175419993353 8.563822116578883
Te 13.083846200803269 6.321859085526901 1.7281570964194581
Te 17.509774863924804 17.994723494386353 0.8297687425069465
Te 16.261741780696745 4.705323120332318 4.462370753384811
Te 15.706426489111315 6.321859085526901 8.630192412388611
Te 19.117172131234277 18.575270483257228 6.999234338753986
Te 14.395136344957292 8.742345480346609 5.179174754404035
Te 14.417415945 10.12692445742045 0.0
Te 17.02697573131631 7.598175419993353 1.7945273922291851
Te 20.484834992069395 5.226413466683191 3.244918924393258
Te 18.556415075653085 8.093011664790552 5.877173379057006
Te 19.978471815079175 6.859661326248835 9.636088832851101
Te 17.090516503680306 11.254033693257231 3.359115170054084
Te 15.72285364284519 12.547650256683191 7.113430584414811
Te 18.697913770989782 10.673486704386352 9.528580766301124
Te 20.915996050518764 9.40876764826947 2.671041812316956
Te 8.81180087483541 6.859661326248835 0.7222606759569687
Te 19.945946854217837 12.02655991033232 5.8959787554232586
Te 7.874276639395818 9.40876764826947 7.687307696491114
Te 10.233857614261499 8.093011664790552 4.481176129751062
Te 19.180712903598277 14.91941220999335 8.563822116578883
Te 20.501262145803267 13.6430958755269 1.7281570964194581
Te 10.092358918924802 10.673486704386352 0.8297687425069465
Te 8.844325835696743 12.02655991033232 4.462370753384811
Te 8.289010544111315 13.6430958755269 8.630192412388611
Te 11.699756186234277 11.254033693257231 6.999234338753986
Te 6.977720399957292 16.063582270346608 5.179174754404035
Te 7.0 17.448161247420447 0.0
Te 9.609559786316309 14.91941220999335 1.7945273922291851
Te 13.067419047069395 12.547650256683191 3.244918924393258
