mp-662549.cif
Cs 7.756195435147195 10.484356643904555 10.966922859873844
Cs 11.638409495147197 9.196790096095445 8.305945205126157
Cs 10.126018624852804 15.037363466095446 4.542633504873843
Cs 10.126018624852804 10.484356643904555 4.542633504873843
Cs 11.638409495147197 4.643783273904555 8.305945205126157
Cs 7.756195435147195 15.037363466095446 10.966922859873844
Cs 14.008232684852803 9.196790096095445 1.8816558501261578
Cs 14.008232684852803 4.643783273904555 1.8816558501261578
Ge 10.928461245566874 12.760860055 0.8216911492898361
Ge 7.046247185566875 6.920286685000001 5.602598205710164
Ge 10.835966874433126 6.920286685000001 12.026887560710163
Ge 14.718180934433125 12.760860055 7.245980504289836
Te 12.942638842738507 12.760860055 9.123298288786136
Te 7.652653059241497 4.912924954785406 7.270299009214253
Te 12.33806700463011 6.920286685000001 4.932761966963863
Te 13.308575175369889 6.920286685000001 11.357051321963862
Te 12.704003337261494 12.760860055 2.6990089337861365
Te 11.534867119241497 14.768221785214594 12.002569055785747
Te 14.111775060758504 10.753498324785406 5.578279700785747
Te 8.821789277261493 6.920286685000001 3.725280421213864
Te 9.060424782738508 6.920286685000001 10.149569776213864
Te 9.42636111536989 12.760860055 7.915816743036138
Te 7.652653059241497 8.927648415214595 7.270299009214253
Te 14.111775060758504 14.768221785214594 5.578279700785747
Te 10.229561000758503 8.927648415214595 0.8460096542142531
Te 10.229561000758503 4.912924954785406 0.8460096542142531
Te 8.45585294463011 12.760860055 1.491527388036137
Te 11.534867119241497 10.753498324785406 12.002569055785747
