mp-674993.cif
K 11.28621366322347 8.462125032353836 2.1510810794394253
K 14.87415511677653 8.462125032353836 8.398681549439425
K 7.23275740322347 4.044520442353837 4.096519390560574
K 10.820698856776529 4.044520442353837 10.344119860560571
Pb 11.02952278965108 4.133912084865956 2.2655699824282975
Pb 11.715109059402815 6.188307702025613 6.207636693977568
Pb 14.445259720597182 6.188307702025613 12.455237163977566
Pb 7.023933470348919 4.133912084865956 8.513170452428296
Pb 15.08297904965108 8.551516674865955 3.982030487571702
Pb 7.661652799402818 10.605912292025613 0.0399637760224302
Pb 10.391803460597183 10.605912292025613 6.287564246022431
Pb 11.077389730348917 8.551516674865955 10.229630957571704
Cl 11.431758117593658 6.149599060270381 0.05174462632469039
Cl 12.233801563870323 10.470801622682298 8.626635373700136
Cl 12.482686534584577 8.761953333706828 5.127692720494591
Cl 12.309947198958676 12.440784591111134 5.009212975277492
Cl 12.56649425590296 6.316084529284884 9.040085828851552
Cl 13.59387452409704 6.316084529284884 2.7924853588515512
Cl 13.85042158104132 12.440784591111134 11.25681344527749
Cl 13.67768224541542 8.761953333706828 11.375293190494592
Cl 13.926567216129675 10.470801622682298 2.379034903700137
Cl 14.72861066240634 6.149599060270381 6.29934509632469
Cl 7.378301857593657 10.56720365027038 6.195855843675308
Cl 8.180345303870322 6.053197032682299 10.116166036299864
Cl 8.256490938958677 8.023180001111136 1.238387494722507
Cl 8.42923027458458 4.344348743706828 1.1199077495054082
Cl 8.51303799590296 10.733689119284884 9.702715581148446
Cl 9.540418264097038 10.733689119284884 3.455115111148447
Cl 9.624225985415421 4.344348743706828 7.367508219505409
Cl 9.796965321041323 8.023180001111136 7.485987964722508
Cl 9.873110956129677 6.053197032682299 3.8685655662998633
Cl 10.675154402406342 10.56720365027038 12.443456313675311
