mp-675920.cif
Ti 15.55024905113265 12.573743897633866 4.016823328074667
Ti 16.863754866995457 4.0 1.3604879535710466
Ti 15.55024905113265 5.7138338023661355 4.016823328074667
Ti 9.810578011498361 12.573743897633866 1.362938865631255
Ti 8.497072195635548 4.0 4.019274240134875
Ti 9.810578011498361 5.7138338023661355 1.362938865631255
Ti 8.606232441132649 7.4299550476338645 4.016823328074667
Ti 9.919738256995462 9.14378885 1.3604879535710466
Ti 8.606232441132649 10.857622652366135 4.016823328074667
Ti 16.754594621498363 7.4299550476338645 1.362938865631255
Ti 15.441088805635548 9.14378885 4.019274240134875
Ti 16.754594621498363 10.857622652366135 1.362938865631255
Ag 13.944016609999998 4.0 0.0
Ag 7.0 9.14378885 0.0
S 14.644901340232558 10.869157701738038 2.5312987264070186
S 13.423806193713459 12.562045070024979 5.22199609457763
S 14.673384330372663 4.0 2.5542332444126283
S 18.928637890280065 4.0 0.1444066970655267
S 10.715925722398453 10.869157701738038 2.8484634672989024
S 13.423806193713459 5.725532629975021 5.22199609457763
S 14.644901340232558 7.418419998261964 2.5312987264070186
S 11.937020868917553 12.562045070024979 0.1577660991282908
S 6.4321891723509435 4.0 5.235355496640395
S 10.687442732258347 4.0 2.8255289492932927
S 11.937020868917553 5.725532629975021 0.1577660991282908
S 10.715925722398453 7.418419998261964 2.8484634672989024
S 7.700884730232558 5.725368851738037 2.5312987264070186
S 6.4797895837134565 7.418256220024979 5.22199609457763
S 7.729367720372662 9.14378885 2.5542332444126283
S 11.984621280280066 9.14378885 0.1444066970655267
S 17.65994233239845 5.725368851738037 2.8484634672989024
S 6.4797895837134565 10.86932147997502 5.22199609457763
S 7.700884730232558 12.562208848261964 2.5312987264070186
S 18.88103747891755 7.418256220024979 0.1577660991282908
S 13.376205782350944 9.14378885 5.235355496640395
S 17.631459342258346 9.14378885 2.8255289492932927
S 18.88103747891755 10.86932147997502 0.1577660991282908
S 17.65994233239845 12.562208848261964 2.8484634672989024
