mp-632787.cif
Ca 10.125566494794974 7.1669334353864755 10.181955861697599
Ca 7.945311054794973 8.253242549613525 1.9419671983023976
Ca 10.415199825205027 5.779850554613525 4.119994331697601
Ca 8.234944385205027 4.6935414403864755 8.003928728302398
Al 8.367044579740927 4.618548541372955 11.076416107616
Al 10.547300019740927 5.854843453627046 1.0475069523839997
Al 7.813210860259072 8.328235448627046 5.014454577616
Al 9.993466300259072 7.091940536372954 7.109468482384
H 9.076600384113148 8.335413924746295 11.963787859438908
H 11.256855824113147 7.084762060253706 0.16013520056109196
H 7.103655055886853 4.611370065253706 5.901826329438908
H 9.283910495886852 5.862021929746294 6.22209673056109
H 7.639547496958057 8.462931034148037 10.011633656024573
H 9.819802936958057 6.957244950851964 2.1122894039754248
H 8.540707943041943 4.4838529558519635 3.9496721260245744
H 10.720963383041942 5.9895390391480365 8.174250933975424
H 9.959142931313131 4.542222434606289 1.9418617201717756
H 7.778887491313132 5.931169560393711 10.182061339828223
H 10.58162338868687 8.404561555393713 8.003823250171775
H 8.40136794868687 7.0156144296062894 4.120099809828224
H 9.672595839688615 4.620127208547683 9.951219904938133
H 7.492340399688614 5.853264786452317 2.172703155061865
H 10.868170480311386 8.326656781452318 3.8892583749381338
H 8.687915040311387 7.093519203547684 8.234664685061865
H 7.093410253599837 4.635995205423766 0.1269384443520448
H 9.273665693599837 5.837396789576234 11.996984615647952
H 9.086845186400163 8.310788784576234 6.188899974352044
H 11.267100626400163 7.109387200423766 5.935023085647955
