mp-669720.cif
Ni 10.869835434999999 10.44536695991945 3.019664274075449
Ni 8.289945145 4.65370787008055 5.099166775924552
Ni 12.13914181886464 5.672516828232354 3.0560709798347907
Ni 9.55925152886464 9.426558001767647 5.0627600701652105
Ni 7.020638761135359 5.877020586767646 7.115486504834791
Ni 9.55925152886464 5.877020586767646 7.115486504834791
Ni 7.020638761135359 9.426558001767647 5.0627600701652105
Ni 9.600529051135359 5.672516828232354 3.0560709798347907
Ni 12.13914181886464 9.222054243232355 1.0033445451652097
Ni 10.869835434999999 6.895829544919451 1.039751250924551
Ni 9.600529051135359 9.222054243232355 1.0033445451652097
Ni 8.289945145 8.20324528508055 7.0790797990754495
Sn 10.869835434999999 7.978885627217992 3.2798311596246625
Sn 10.869835434999999 4.680056441265837 5.202890606958347
Sn 8.289945145 10.419018388734166 2.9159404430416536
Sn 8.289945145 6.869480973734164 1.1434750819583466
Sn 10.869835434999999 8.229593856265836 6.975355968041654
Sn 10.869835434999999 4.429348212217992 0.7795843653753376
Sn 8.289945145 7.12018920278201 4.838999890375338
Sn 8.289945145 10.669726617782008 7.339246684624663
