mp-639910.cif
Y 7.0 4.0 0.0
Y 10.43620011 7.43620011 4.909067309999999
Sn 12.673541133593996 5.198859086406003 6.934653143421049
Sn 8.198859086406003 9.673541133593996 6.934653143421049
Sn 9.237341023593997 6.237341023593997 7.792548786578951
Sn 10.43620011 4.0 0.0
Sn 11.635059196406 8.635059196406 7.792548786578951
Sn 7.0 7.43620011 0.0
Sn 9.237341023593997 8.635059196406 2.0255858334210495
Sn 11.635059196406 6.237341023593997 2.0255858334210495
Sn 12.673541133593996 9.673541133593996 2.883481476578951
Sn 7.0 7.43620011 4.909067309999999
Sn 8.198859086406003 5.198859086406003 2.883481476578951
Sn 10.43620011 4.0 4.909067309999999
Ru 11.632240069111756 6.240160150888242 9.05848482818655
Ru 12.676360260888243 9.676360260888243 5.668717101813448
Ru 9.240160150888242 8.632240069111756 9.05848482818655
Ru 8.196039959111756 5.196039959111757 5.668717101813448
Ru 8.196039959111756 9.676360260888243 4.149417518186552
Ru 9.240160150888242 6.240160150888242 0.7596497918134482
Ru 12.676360260888243 5.196039959111757 4.149417518186552
Ru 11.632240069111756 8.632240069111756 0.7596497918134482
