mp-614572.cif
Ca 10.1141908525 8.175686350642788 6.824828399544303
Ca 10.1141908525 7.245032343778359 10.671690079873551
Ca 10.1141908525 14.20799216564279 13.462163205455697
Ca 8.0380636175 5.856619464357211 0.062497864544302104
Ca 8.0380636175 11.888925279357212 6.699832670455698
Ca 8.0380636175 15.276825185658518 5.381946822619306
Ca 8.0380636175 9.244519370658518 1.380383712380694
Ca 10.1141908525 4.787786444341482 8.142714247380695
Ca 8.0380636175 12.819579286221641 2.852970990126449
Ca 8.0380636175 6.787273471221642 3.9093595448735514
Ca 10.1141908525 10.820092259341482 12.144277357619305
Ca 10.1141908525 13.277338158778356 9.61530152512645
In 8.0380636175 15.441202020379896 10.822909180050612
In 10.1141908525 10.655715424620105 4.060578645050611
In 10.1141908525 4.623409609620105 2.7017518899493895
In 8.0380636175 9.408896205379893 9.464082424949389
P 8.0380636175 9.429570003222945 4.96302693781337
P 10.1141908525 4.602735811777054 11.72535747281337
P 8.0380636175 13.005738415302634 11.788399840212348
P 10.1141908525 13.091179029697363 5.02606930521235
P 8.0380636175 14.808531011642021 8.29858474899295
P 8.0380636175 8.77622519664202 11.988406856007051
P 8.0380636175 6.973432600302635 8.498591764787651
P 10.1141908525 5.25608061835798 5.226076321007053
P 10.1141908525 7.058873214697364 1.73626122978765
P 8.0380636175 15.461875818222946 1.7993035971866305
P 10.1141908525 11.28838643335798 1.5362542139929474
P 10.1141908525 10.635041626777054 8.561634132186631
