mp-714.cif
Sr 7.0 10.803058149423466 1.7715687625
Sr 9.33753743 5.953064100576535 5.3147062875
Sr 9.33753743 19.559180399423468 1.7715687625
Sr 7.0 14.709186350576536 5.3147062875
Sn 7.0 7.433206185736781 0.32001285070872654
Sn 9.33753743 9.322916064263222 6.766262199291275
Sn 9.33753743 9.322916064263222 3.8631503757087264
Sn 7.0 7.433206185736781 3.223124674291274
Sn 9.33753743 5.576112687469146 1.7715687625
Sn 7.0 11.180009562530856 5.3147062875
Sn 9.33753743 12.75612225 0.0
Sn 9.33753743 12.75612225 3.543137525
Sn 9.33753743 16.189328435736783 0.32001285070872654
Sn 7.0 18.079038314263222 6.766262199291275
Sn 7.0 18.079038314263222 3.8631503757087264
Sn 9.33753743 16.189328435736783 3.223124674291274
Sn 7.0 14.332234937469146 1.7715687625
Sn 9.33753743 19.93613181253086 5.3147062875
Sn 7.0 4.0 0.0
Sn 7.0 4.0 3.543137525
