mp-779689.cif
H 7.140923662633 6.695211083026001 1.586497383051
H 12.310905416973998 7.750913616949001 2.809629162633
H 8.082208116949 9.196487337367 0.026505583025999997
H 8.586497383051 4.140923662633 2.6952110830260003
H 9.695211083026 5.586497383051 0.14092366263300002
H 9.527781837367 6.642199916974 4.255202883050999
H 9.809629162633 9.310905416973998 3.7509136169490005
H 9.642199916974 8.255202883050998 2.5277818373670002
H 10.750913616949001 6.809629162633 5.310905416973999
H 11.255202883050998 6.527781837367 2.6421999169739996
H 7.026505583026 5.082208116949 5.196487337367
H 12.196487337367 4.026505583026 1.082208116949
N 7.5589603669750005 4.5589603669750005 0.5589603669750001
N 9.109745133025001 8.778450633025 3.2276658669749994
N 10.227665866974998 6.109745133025 4.778450633025001
N 11.778450633025 7.227665866974999 2.109745133025
