mp-755988.cif
Hf 14.8898647975 7.3813706275 1.1271235425
Hf 8.1271235425 9.6356177125 1.1271235425
Hf 13.762741255 6.254247084999999 6.762741255
Hf 10.3813706275 5.1271235425 7.8898647975
Hf 11.508494169999999 8.508494169999999 0.0
Hf 8.1271235425 7.3813706275 7.8898647975
Hf 14.8898647975 11.8898647975 5.635617712499999
Hf 8.1271235425 5.1271235425 5.635617712499999
Hf 13.762741255 10.762741255 2.254247085
Hf 10.3813706275 9.6356177125 3.3813706275
Hf 11.508494169999999 4.0 4.50849417
Hf 8.1271235425 11.8898647975 3.3813706275
Hf 10.3813706275 7.3813706275 5.635617712499999
Hf 12.6356177125 9.6356177125 5.635617712499999
Hf 9.254247085 6.254247084999999 2.254247085
Hf 14.8898647975 5.1271235425 3.3813706275
Hf 7.0 8.508494169999999 4.50849417
Hf 12.6356177125 7.3813706275 3.3813706275
Hf 10.3813706275 11.8898647975 1.1271235425
Hf 12.6356177125 5.1271235425 1.1271235425
Hf 9.254247085 10.762741255 6.762741255
Hf 14.8898647975 9.6356177125 7.8898647975
Hf 7.0 4.0 0.0
Hf 12.6356177125 11.8898647975 7.8898647975
N 8.197337748664978 5.197337748664979 7.819650591335019
N 8.197337748664978 7.311156421335021 5.7058319186649795
N 10.31115642133502 5.197337748664979 5.7058319186649795
N 10.31115642133502 7.311156421335021 7.819650591335019
N 14.96007900366498 7.451584833664979 7.960079003664979
N 14.96007900366498 9.56540350633502 1.0569093363350208
N 8.056909336335021 9.56540350633502 7.960079003664979
N 8.056909336335021 7.451584833664979 1.0569093363350208
N 8.197337748664978 9.70583191866498 3.3111564213350206
N 8.197337748664978 11.81965059133502 1.197337748664979
N 10.31115642133502 9.70583191866498 1.197337748664979
N 10.31115642133502 11.81965059133502 3.3111564213350206
N 14.96007900366498 11.96007900366498 3.451584833664979
N 14.96007900366498 5.056909336335021 5.56540350633502
N 8.056909336335021 5.056909336335021 3.451584833664979
N 8.056909336335021 11.96007900366498 5.56540350633502
N 12.70583191866498 5.197337748664979 3.3111564213350206
N 12.70583191866498 7.311156421335021 1.197337748664979
N 14.81965059133502 5.197337748664979 1.197337748664979
N 14.81965059133502 7.311156421335021 3.3111564213350206
N 10.45158483366498 7.451584833664979 3.451584833664979
N 10.45158483366498 9.56540350633502 5.56540350633502
N 12.56540350633502 9.56540350633502 3.451584833664979
N 12.56540350633502 7.451584833664979 5.56540350633502
N 12.70583191866498 9.70583191866498 7.819650591335019
N 12.70583191866498 11.81965059133502 5.7058319186649795
N 14.81965059133502 9.70583191866498 5.7058319186649795
N 14.81965059133502 11.81965059133502 7.819650591335019
N 10.45158483366498 11.96007900366498 7.960079003664979
N 10.45158483366498 5.056909336335021 1.0569093363350208
N 12.56540350633502 5.056909336335021 7.960079003664979
N 12.56540350633502 11.96007900366498 1.0569093363350208
