mp-7295.cif
Rb 16.005153999999997 4.0 0.0
Rb 7.0 5.7498466100000005 0.0
Cr 8.767152607403208 5.7498466100000005 7.064460267002696
Cr 11.942379452092528 4.0 1.3944068572384665
Cr 8.770447511212287 5.7498466100000005 4.013081371449879
Cr 11.939084548283448 4.0 4.445785752791284
Cr 5.852189029747868 4.0 4.229433562120581
Cr 17.772306607403202 4.0 7.064460267002696
Cr 20.94753345209253 5.7498466100000005 1.3944068572384665
Cr 17.775601511212283 4.0 4.013081371449879
Cr 20.944238548283447 5.7498466100000005 4.445785752791284
Cr 14.857343029747867 5.7498466100000005 4.229433562120581
S 10.929990917034655 5.7498466100000005 2.908334884693651
S 9.779541142461081 4.0 5.550532239547511
S 12.88275218845379 5.7498466100000005 0.11401250217939954
S 7.826779871041945 4.0 8.344854622061764
S 12.922750820589764 5.7498466100000005 5.66676713988646
S 7.786781238905973 4.0 2.7920999843547007
S 6.8971731875093365 5.7498466100000005 5.481786603485447
S 13.812358871986397 4.0 2.9770805207557163
S 19.935144917034652 4.0 2.908334884693651
S 18.784695142461082 5.7498466100000005 5.550532239547511
S 21.88790618845379 4.0 0.11401250217939954
S 16.831933871041947 5.7498466100000005 8.344854622061764
S 21.92790482058976 4.0 5.66676713988646
S 16.79193523890597 5.7498466100000005 2.7920999843547007
S 15.902327187509336 4.0 5.481786603485447
S 22.8175128719864 5.7498466100000005 2.9770805207557163
