mp-7657.cif
K 6.253221299142673 4.0 5.347424795485023
K 14.2796932075 7.435753249999999 0.0
K 9.817415238805916 6.1800283153255595 3.961306991071435
K 9.817415238805916 15.562984684674438 3.961306991071435
K 14.2796932075 14.307259750000002 0.0
K 13.381609178469162 4.0 2.5751891866578482
K 11.106350104142672 10.871506499999999 5.347424795485023
K 9.4265644025 14.307259750000002 0.0
K 4.964286433805917 13.05153481532556 3.961306991071435
K 4.964286433805917 8.691478184674441 3.961306991071435
K 9.4265644025 7.435753249999999 0.0
K 8.52848037346916 10.871506499999999 2.5751891866578482
Si 7.478300021147566 4.0 1.0987749739055825
Si 12.156530456464267 4.0 6.8238390082372895
Si 12.331428826147569 10.871506499999999 1.0987749739055825
Si 7.303401651464267 10.871506499999999 6.8238390082372895
Te 9.624327617046635 4.0 6.963086633909011
Te 10.010502860565197 4.0 0.9595273482338589
Te 8.037613843488876 8.807939912589688 5.574549817768258
Te 11.597216634122958 8.807939912589688 2.3480641643746143
Te 11.597216634122958 12.93507308741031 2.3480641643746143
Te 8.037613843488876 12.93507308741031 5.574549817768258
Te 4.771198812046636 10.871506499999999 6.963086633909011
Te 14.863631665565197 10.871506499999999 0.9595273482338589
Te 12.890742551426296 15.679446412589689 5.574549817768258
Te 6.744087829122958 15.679446412589689 2.3480641643746143
Te 6.744087829122958 6.06356658741031 2.3480641643746143
Te 12.890742551426296 6.06356658741031 5.574549817768258
