mp-7017.cif
Na 6.999999984279334 5.8152661122763485 2.8221282314425635
Na 7.0 4.0 8.466384525
Na 8.572066575720665 4.9076330425236785 14.110640818557437
Nb 7.0 4.0 0.0
Nb 8.572066575720665 4.9076330425236785 5.6442562935574365
Nb 6.999999984279334 5.8152661122763485 11.288512756442564
N 8.572066575720665 4.9076330425236785 1.1087941228474576
N 7.0 4.0 4.535462170709979
N 6.999999984279334 5.8152661122763485 6.753050585732585
N 8.572066575720665 4.9076330425236785 10.179718464267415
N 7.0 4.0 12.397306879290023
N 6.999999984279334 5.8152661122763485 15.823974927152543
