mp-743.cif
Rb 10.152114575 7.152114575000001 5.6368138575
Rb 7.0 4.0 5.6368138575
Rb 7.0 4.0 1.8789379525
Rb 10.152114575 7.152114575000001 1.8789379525
N 10.152114575 4.0 3.757875905
N 7.0 7.152114575000001 3.757875905
N 7.836497574808528 7.988612149808528 3.757875905
N 12.467731575191472 7.988612149808528 0.0
N 10.988612149808528 9.467731575191472 3.757875905
N 9.315617000191471 9.467731575191472 0.0
N 7.0 7.152114575000001 0.0
N 10.152114575 4.0 0.0
N 10.988612149808528 4.836497574808528 0.0
N 9.315617000191471 4.836497574808528 3.757875905
N 7.836497574808528 6.315617000191471 0.0
N 12.467731575191472 6.315617000191471 3.757875905
