mp-7643.cif
K 9.915895885813763 7.454269626972346 1.5722216625
K 12.405753054186238 11.052270083027654 4.7166649875
K 9.915895885813763 11.052270083027654 1.5722216625
K 12.405753054186238 7.454269626972346 4.7166649875
K 14.076720355813762 12.707539481972345 1.5722216625
K 8.244928584186239 5.799000228027654 4.7166649875
K 14.076720355813762 5.799000228027654 1.5722216625
K 8.244928584186239 12.707539481972345 4.7166649875
Ag 11.16082447 4.0 0.0
Ag 11.16082447 4.0 3.144443325
Ag 7.0 9.253269855 0.0
Ag 7.0 9.253269855 3.144443325
Sb 8.966314772115576 4.0 1.5722216625
Sb 13.355334167884424 4.0 4.7166649875
Sb 13.127139242115577 9.253269855 1.5722216625
Sb 9.194509697884426 9.253269855 4.7166649875
