mp-7234.cif
Nb 6.9999999737479675 7.031323759850644 5.24338278
Nb 9.625203396252035 5.515661857190394 0.0
Nb 9.625203396252035 5.515661857190394 5.24338278
Nb 6.9999999737479675 7.031323759850644 0.0
Nb 10.548428485665378 4.0 7.86507417
Nb 8.77421424283269 7.073029212098563 2.62169139
Nb 6.149010872832689 5.473956404942475 2.62169139
Nb 5.225785757167312 7.073029212098563 7.86507417
Nb 7.850989127167312 5.473956404942475 7.86507417
Nb 8.701978254334623 4.0 2.62169139
N 7.89484015673132 5.5499086161115425 3.9630172885707626
N 10.46072642653736 4.0 3.9630172885707626
N 5.26963678673132 6.997077000929496 3.9630172885707626
N 6.105159843268681 5.5499086161115425 9.206400068570764
N 10.46072642653736 4.0 1.2803654914292377
N 8.730363213268681 6.997077000929496 9.206400068570764
N 8.78968031346264 4.0 9.206400068570764
N 8.730363213268681 6.997077000929496 6.523748271429238
N 6.105159843268681 5.5499086161115425 6.523748271429238
N 5.26963678673132 6.997077000929496 1.2803654914292377
N 8.78968031346264 4.0 6.523748271429238
N 7.89484015673132 5.5499086161115425 1.2803654914292377
