mp-7066.cif
Sc 10.0514444125 7.275697723215207 2.061145349832852
Sc 8.0171481375 7.193899116784793 4.976955750167148
Sc 10.0514444125 4.040899303215207 1.457905200167148
Sc 8.0171481375 10.428697536784792 5.5801958998328525
Ni 10.0514444125 9.25035447562088 4.0780427914791035
Ni 8.0171481375 5.219242364379122 2.960058308520897
Ni 10.0514444125 6.015556055620879 6.479108858520897
Ni 8.0171481375 8.454040784379124 0.558992241479103
Ge 10.0514444125 5.315653655104138 4.169480534112106
Ge 8.0171481375 9.153943184895862 2.868620565887896
Ge 10.0514444125 8.550452075104138 6.387671115887895
Ge 8.0171481375 5.919144764895862 0.6504299841121052
