mp-865520.cif
Y 7.0 4.0 0.0
Y 7.0 7.37183123 3.37183123
Y 10.37183123 4.0 3.37183123
Y 10.37183123 7.37183123 0.0
Cd 7.0 7.37183123 0.0
Cd 7.0 4.0 3.37183123
Cd 10.37183123 7.37183123 3.37183123
Cd 10.37183123 4.0 0.0
Pd 12.057746845 9.057746845 1.685915615
Pd 8.685915615 9.057746845 1.685915615
Pd 12.057746845 5.685915615 5.0577468450000005
Pd 8.685915615 5.685915615 5.0577468450000005
Pd 8.685915615 9.057746845 5.0577468450000005
Pd 12.057746845 9.057746845 5.0577468450000005
Pd 8.685915615 5.685915615 1.685915615
Pd 12.057746845 5.685915615 1.685915615
