mp-865665.cif
Ti 7.0 4.0 0.0
Ti 7.0 7.084625879999999 3.084625879999999
Ti 10.084625879999999 4.0 3.084625879999999
Ti 10.084625879999999 7.084625879999999 0.0
Re 7.0 7.084625879999999 0.0
Re 7.0 4.0 3.084625879999999
Re 10.084625879999999 7.084625879999999 3.084625879999999
Re 10.084625879999999 4.0 0.0
Tc 11.62693882 8.62693882 4.6269388199999995
Tc 11.62693882 8.62693882 1.5423129399999995
Tc 11.62693882 5.5423129399999995 1.5423129399999995
Tc 11.62693882 5.5423129399999995 4.6269388199999995
Tc 8.542312939999999 8.62693882 1.5423129399999995
Tc 8.542312939999999 8.62693882 4.6269388199999995
Tc 8.542312939999999 5.5423129399999995 4.6269388199999995
Tc 8.542312939999999 5.5423129399999995 1.5423129399999995
