mp-813.cif
Sc 7.0 4.0 3.777652685
Sc 8.8888263425 5.8888263425 5.666479027500002
Sc 7.0 7.777652685 0.0
Sc 8.8888263425 9.666479027500003 1.8888263425
Sc 10.777652685 4.0 0.0
Sc 12.666479027500003 5.8888263425 1.8888263425
Sc 10.777652685 7.777652685 3.777652685
Sc 12.666479027500003 9.666479027500003 5.666479027500002
Al 7.94441317125 4.94441317125 0.94441317125
Al 11.722065856250001 6.8332395137500015 6.610892198750002
Al 9.833239513750001 4.94441317125 2.833239513750001
Al 9.833239513750001 6.8332395137500015 0.94441317125
Al 7.94441317125 8.722065856250001 4.722065856250002
Al 11.722065856250001 10.610892198750001 2.833239513750001
Al 9.833239513750001 8.722065856250001 6.610892198750002
Al 9.833239513750001 10.610892198750001 4.722065856250002
Al 11.722065856250001 4.94441317125 4.722065856250002
Al 7.94441317125 6.8332395137500015 2.833239513750001
Al 13.610892198750001 4.94441317125 6.610892198750002
Al 13.610892198750001 6.8332395137500015 4.722065856250002
Al 11.722065856250001 8.722065856250001 0.94441317125
Al 7.94441317125 10.610892198750001 6.610892198750002
Al 13.610892198750001 8.722065856250001 2.833239513750001
Al 13.610892198750001 10.610892198750001 0.94441317125
