mp-865640.cif
Ti 7.0 4.0 0.0
Ti 7.0 7.022822165 3.022822165
Ti 10.022822165000001 4.0 3.022822165
Ti 10.022822165000001 7.022822165 0.0
Ge 10.022822165000001 7.022822165 3.022822165
Ge 10.022822165000001 4.0 0.0
Ge 7.0 7.022822165 0.0
Ge 7.0 4.0 3.022822165
Ru 11.5342332475 5.5114110825000004 4.5342332475
Ru 8.5114110825 5.5114110825000004 4.5342332475
Ru 11.5342332475 8.5342332475 1.5114110825
Ru 8.5114110825 8.5342332475 1.5114110825
Ru 8.5114110825 5.5114110825000004 1.5114110825
Ru 11.5342332475 5.5114110825000004 1.5114110825
Ru 8.5114110825 8.5342332475 4.5342332475
Ru 11.5342332475 8.5342332475 4.5342332475
