mp-862370.cif
Sc 11.858637940000001 8.858637940000001 1.61954598
Sc 8.61954598 8.858637940000001 1.61954598
Sc 11.858637940000001 5.61954598 4.85863794
Sc 8.61954598 5.61954598 4.85863794
Sc 8.61954598 8.858637940000001 4.85863794
Sc 11.858637940000001 8.858637940000001 4.85863794
Sc 8.61954598 5.61954598 1.61954598
Sc 11.858637940000001 5.61954598 1.61954598
Pd 7.0 7.23909196 0.0
Pd 7.0 4.0 3.23909196
Pd 10.23909196 7.23909196 3.23909196
Pd 10.23909196 4.0 0.0
Ru 7.0 4.0 0.0
Ru 7.0 7.23909196 3.23909196
Ru 10.23909196 4.0 3.23909196
Ru 10.23909196 7.23909196 0.0
