mp-865899.cif
Ti 11.7384535 8.7384535 1.5794845
Ti 11.7384535 8.7384535 4.7384535
Ti 10.158968999999999 7.158969 3.158969
Ti 11.7384535 5.5794844999999995 4.7384535
Ti 11.7384535 5.5794844999999995 1.5794845
Ti 10.158968999999999 4.0 0.0
Ti 8.5794845 8.7384535 4.7384535
Ti 8.5794845 8.7384535 1.5794845
Ti 7.0 7.158969 0.0
Ti 8.5794845 5.5794844999999995 1.5794845
Ti 8.5794845 5.5794844999999995 4.7384535
Ti 7.0 4.0 3.158969
Os 7.0 4.0 0.0
Os 7.0 7.158969 3.158969
Os 10.158968999999999 4.0 3.158969
Os 10.158968999999999 7.158969 0.0
