mp-865179.cif
Hf 11.785504600000001 8.785504600000001 4.785504600000001
Hf 8.5951682 5.5951682 1.5951682
Hf 11.785504600000001 5.5951682 1.5951682
Hf 8.5951682 8.785504600000001 4.785504600000001
Hf 8.5951682 8.785504600000001 1.5951682
Hf 11.785504600000001 5.5951682 4.785504600000001
Hf 8.5951682 5.5951682 4.785504600000001
Hf 11.785504600000001 8.785504600000001 1.5951682
Fe 7.0 4.0 0.0
Fe 7.0 7.1903364 3.1903364
Fe 10.1903364 4.0 3.1903364
Fe 10.1903364 7.1903364 0.0
Os 10.1903364 7.1903364 3.1903364
Os 10.1903364 4.0 0.0
Os 7.0 7.1903364 0.0
Os 7.0 4.0 3.1903364
