mp-8073.cif
As 7.0 7.38383125536555 5.049077901443873
As 8.700625819999999 9.053161054634453 1.764952546443873
As 8.700625819999999 4.988678988196424 1.9820948426010325
As 7.0 11.448313321803578 5.266220197601033
As 8.700625819999999 15.820823565365549 5.049077901443873
As 7.0 17.49015336463446 1.764952546443873
As 7.0 13.425671298196429 1.9820948426010325
As 8.700625819999999 19.885305631803575 5.266220197601033
Pd 8.700625819999999 6.995436507992698 0.244618733892246
Pd 7.0 9.441555802007304 3.528744088892246
Pd 7.0 11.029674488097072 1.1451152656670958
Pd 8.700625819999999 5.4073178219029305 4.429240620667096
Pd 7.0 6.811851267603715 2.5453997149768965
Pd 8.700625819999999 9.625141042396287 5.829525069976897
Pd 8.700625819999999 11.750301962352331 3.389905850399422
Pd 7.0 4.68669034764767 0.10578049539942219
Pd 7.0 15.4324288179927 0.244618733892246
Pd 8.700625819999999 17.87854811200731 3.528744088892246
Pd 8.700625819999999 19.466666798097073 1.1451152656670958
Pd 7.0 13.844310131902931 4.429240620667096
Pd 8.700625819999999 15.24884357760372 2.5453997149768965
Pd 7.0 18.062133352396287 5.829525069976897
Pd 7.0 20.187294272352332 3.389905850399422
Pd 8.700625819999999 13.12368265764767 0.10578049539942219
