mp-867811.cif
Ta 7.0 4.0 0.0
Ta 7.0 7.091426889999999 3.0914268899999993
Ta 10.09142689 4.0 3.0914268899999993
Ta 10.09142689 7.091426889999999 0.0
Mn 7.0 7.091426889999999 0.0
Mn 7.0 4.0 3.0914268899999993
Mn 10.09142689 7.091426889999999 3.0914268899999993
Mn 10.09142689 4.0 0.0
Ru 11.637140335 8.637140335 1.5457134449999996
Ru 8.545713445 8.637140335 1.5457134449999996
Ru 11.637140335 5.545713445 4.637140335
Ru 8.545713445 5.545713445 4.637140335
Ru 8.545713445 8.637140335 4.637140335
Ru 11.637140335 8.637140335 4.637140335
Ru 8.545713445 5.545713445 1.5457134449999996
Ru 11.637140335 5.545713445 1.5457134449999996
