mp-8446.cif
K 9.639208545594856 10.606254139270847 1.4261077925
K 9.639208545594856 7.277168950729155 1.4261077925
K 11.77231019440514 7.277168950729155 4.2783233775000005
K 11.77231019440514 10.606254139270847 4.2783233775000005
K 13.344967915594857 5.664542594270846 1.4261077925
K 13.344967915594857 12.218880495729154 1.4261077925
K 8.066550824405143 12.218880495729154 4.2783233775000005
K 8.066550824405143 5.664542594270846 4.2783233775000005
Cu 10.705759369999999 4.0 2.852215585
Cu 10.705759369999999 4.0 0.0
Cu 7.0 8.941711545 2.852215585
Cu 7.0 8.941711545 0.0
P 8.993252738207788 4.0 1.4261077925
P 12.418266001792208 4.0 4.2783233775000005
P 12.69901210820779 8.941711545 1.4261077925
P 8.71250663179221 8.941711545 4.2783233775000005
