mp-861501.cif
Ag 7.0 4.0 0.0
Ag 7.0 7.231401180000001 3.23140118
Ag 10.23140118 4.0 3.23140118
Ag 10.23140118 7.231401180000001 0.0
Hg 10.23140118 7.231401180000001 3.23140118
Hg 10.23140118 4.0 0.0
Hg 7.0 7.231401180000001 0.0
Hg 7.0 4.0 3.23140118
Pd 8.61570059 5.61570059 1.61570059
Pd 8.61570059 5.61570059 4.84710177
Pd 8.61570059 8.84710177 4.84710177
Pd 8.61570059 8.84710177 1.61570059
Pd 11.84710177 5.61570059 4.84710177
Pd 11.84710177 5.61570059 1.61570059
Pd 11.84710177 8.84710177 1.61570059
Pd 11.84710177 8.84710177 4.84710177
