mp-862635.cif
Sc 7.0 4.0 0.0
Sc 7.0 7.2118845 3.2118845
Sc 10.2118845 4.0 3.2118845
Sc 10.2118845 7.2118845 0.0
Sb 7.0 7.2118845 0.0
Sb 7.0 4.0 3.2118845
Sb 10.2118845 7.2118845 3.2118845
Sb 10.2118845 4.0 0.0
Rh 11.81782675 8.81782675 1.60594225
Rh 8.60594225 8.81782675 1.60594225
Rh 11.81782675 5.60594225 4.81782675
Rh 8.60594225 5.60594225 4.81782675
Rh 8.60594225 8.81782675 4.81782675
Rh 11.81782675 8.81782675 4.81782675
Rh 8.60594225 5.60594225 1.60594225
Rh 11.81782675 5.60594225 1.60594225
