mp-866279.cif
Ca 10.395189 4.0 0.0
Ca 10.395189 7.395189 3.395189
Ca 7.0 4.0 3.395189
Ca 7.0 7.395189 0.0
Cd 7.0 4.0 0.0
Cd 7.0 7.395189 3.395189
Cd 10.395189 4.0 3.395189
Cd 10.395189 7.395189 0.0
Pd 8.6975945 9.0927835 5.0927834999999995
Pd 8.6975945 5.6975945 5.0927834999999995
Pd 8.6975945 5.6975945 1.6975945
Pd 8.6975945 9.0927835 1.6975945
Pd 12.0927835 9.0927835 1.6975945
Pd 12.0927835 5.6975945 1.6975945
Pd 12.0927835 5.6975945 5.0927834999999995
Pd 12.0927835 9.0927835 5.0927834999999995
