mp-867851.cif
Rb 8.436294855 7.412475105 5.747864681155417
Rb 8.436294855 4.0 7.9218571339572685
Rb 11.308884565 4.0 1.170675486042732
Rb 11.308884565 7.412475105 3.3446679388445837
Tl 11.308884565 7.412475105 8.438440373155274
Tl 8.436294855 7.412475105 0.654092246844726
Au 7.0 4.0 4.54626631
Au 9.87258971 4.0 4.54626631
Au 11.308884565 5.42601028383956 6.504063796189585
Au 11.308884565 9.398939926160441 6.504063796189585
Au 8.436294855 5.42601028383956 2.5884688238104125
Au 8.436294855 9.398939926160441 2.5884688238104125
