mp-866221.cif
Hf 7.0 7.22633668 0.0
Hf 7.0 4.0 3.22633668
Hf 10.22633668 7.22633668 3.22633668
Hf 10.22633668 4.0 0.0
Sn 7.0 4.0 0.0
Sn 7.0 7.22633668 3.22633668
Sn 10.22633668 4.0 3.22633668
Sn 10.22633668 7.22633668 0.0
Rh 11.83950502 8.83950502 1.61316834
Rh 8.61316834 8.83950502 1.61316834
Rh 11.83950502 5.61316834 4.839505020000001
Rh 8.61316834 5.61316834 4.839505020000001
Rh 8.61316834 8.83950502 4.839505020000001
Rh 11.83950502 8.83950502 4.839505020000001
Rh 8.61316834 5.61316834 1.61316834
Rh 11.83950502 5.61316834 1.61316834
