mp-865588.cif
Y 12.133522225 9.133522225 5.133522225000001
Y 12.133522225 9.133522225 1.711174075
Y 12.133522225 5.711174075 1.711174075
Y 12.133522225 5.711174075 5.133522225000001
Y 8.711174075 9.133522225 1.711174075
Y 8.711174075 9.133522225 5.133522225000001
Y 8.711174075 5.711174075 5.133522225000001
Y 8.711174075 5.711174075 1.711174075
Cu 7.0 7.4223481499999995 0.0
Cu 7.0 4.0 3.42234815
Cu 10.42234815 7.4223481499999995 3.42234815
Cu 10.42234815 4.0 0.0
Ru 7.0 4.0 0.0
Ru 7.0 7.4223481499999995 3.42234815
Ru 10.42234815 4.0 3.42234815
Ru 10.42234815 7.4223481499999995 0.0
