mp-862338.cif
Sc 11.820796360000001 8.820796360000001 1.60693212
Sc 8.60693212 8.820796360000001 1.60693212
Sc 11.820796360000001 5.60693212 4.820796360000001
Sc 8.60693212 5.60693212 4.820796360000001
Sc 8.60693212 8.820796360000001 4.820796360000001
Sc 11.820796360000001 8.820796360000001 4.820796360000001
Sc 8.60693212 5.60693212 1.60693212
Sc 11.820796360000001 5.60693212 1.60693212
Cu 7.0 7.2138642399999995 0.0
Cu 7.0 4.0 3.21386424
Cu 10.21386424 7.2138642399999995 3.21386424
Cu 10.21386424 4.0 0.0
Ru 7.0 4.0 0.0
Ru 7.0 7.2138642399999995 3.21386424
Ru 10.21386424 4.0 3.21386424
Ru 10.21386424 7.2138642399999995 0.0
