mp-8147.cif
K 7.0 10.079826848154642 4.5022638825
K 10.258994524999999 5.155574656845356 1.5007546275
K 10.258994524999999 8.264518007813253 4.5022638825
K 7.0 6.970883497186749 1.5007546275
K 10.258994524999999 17.315228353154644 4.5022638825
K 7.0 12.390976161845355 1.5007546275
K 7.0 15.49991951281325 4.5022638825
K 10.258994524999999 14.206285002186748 1.5007546275
As 9.054602137838263 9.619356345646459 1.5007546275
As 8.204392387161738 5.616045159353543 4.5022638825
As 12.313596662838261 5.616045159353543 4.5022638825
As 11.463386912161738 9.619356345646459 1.5007546275
As 12.313596662838261 16.85475785064646 1.5007546275
As 11.463386912161738 12.851446664353546 4.5022638825
As 9.054602137838263 12.851446664353546 4.5022638825
As 8.204392387161738 16.85475785064646 1.5007546275
Pd 7.0 4.0 0.0
Pd 7.0 4.0 3.001509255
Pd 10.258994524999999 11.235401504999999 0.0
Pd 10.258994524999999 11.235401504999999 3.001509255
