mp-8753.cif
K 7.0 4.0 5.619242449287364
K 9.835089478350895 5.636839640765771 3.405978837127089
K 6.999999971649106 7.273679330636733 1.5427567212687698
K 6.999999971649106 7.273679330636733 7.4824648359023245
K 9.835089478350895 5.636839640765771 14.644463735701816
K 6.999999971649106 7.273679330636733 12.431200394298184
K 7.0 4.0 10.567978007683223
K 7.0 4.0 16.507686122316777
K 6.999999971649106 7.273679330636733 23.669685292872913
K 7.0 4.0 21.456421680712637
K 9.835089478350895 5.636839640765771 19.593199294097673
K 9.835089478350895 5.636839640765771 25.532907408731223
Hg 7.0 4.0 0.0
Hg 9.835089478350895 5.636839640765771 9.025221286414453
Hg 6.999999971649106 7.273679330636733 18.050442843585543
P 7.0 4.0 2.3936698452850296
P 9.835089478350895 5.636839640765771 6.631551441129424
P 9.835089478350895 5.636839640765771 11.41889113169948
P 6.999999971649106 7.273679330636733 15.656772998300518
P 6.999999971649106 7.273679330636733 20.44411268887058
P 7.0 4.0 24.68199428471497
