mp-866159.cif
Y 7.0 7.32164777 0.0
Y 7.0 4.0 3.32164777
Y 10.32164777 7.32164777 3.32164777
Y 10.32164777 4.0 0.0
Zr 7.0 4.0 0.0
Zr 7.0 7.32164777 3.32164777
Zr 10.32164777 4.0 3.32164777
Zr 10.32164777 7.32164777 0.0
Ru 11.982471655000001 8.982471655000001 1.660823885
Ru 8.660823885 8.982471655000001 1.660823885
Ru 11.982471655000001 5.660823885 4.982471655000002
Ru 8.660823885 5.660823885 4.982471655000002
Ru 8.660823885 8.982471655000001 4.982471655000002
Ru 11.982471655000001 8.982471655000001 4.982471655000002
Ru 8.660823885 5.660823885 1.660823885
Ru 11.982471655000001 5.660823885 1.660823885
