mp-864684.cif
Hf 11.896908917500001 8.896908917500001 1.6323029725
Hf 11.896908917500001 8.896908917500001 4.896908917500001
Hf 11.896908917500001 5.6323029725 4.896908917500001
Hf 11.896908917500001 5.6323029725 1.6323029725
Hf 8.6323029725 8.896908917500001 4.896908917500001
Hf 8.6323029725 8.896908917500001 1.6323029725
Hf 8.6323029725 5.6323029725 1.6323029725
Hf 8.6323029725 5.6323029725 4.896908917500001
Mo 7.0 4.0 0.0
Mo 7.0 7.264605945 3.264605945
Mo 10.264605945 4.0 3.264605945
Mo 10.264605945 7.264605945 0.0
Ir 7.0 7.264605945 0.0
Ir 7.0 4.0 3.264605945
Ir 10.264605945 7.264605945 3.264605945
Ir 10.264605945 4.0 0.0
