mp-850083.cif
Fe 14.009469479687013 6.104033002109675 10.027827477018688
Fe 13.157187002988557 8.495407882028463 10.014681059629867
Fe 12.570512420524071 11.112362446754968 0.044361609060131396
Fe 11.719881610920716 5.603291159832462 0.058413981705455524
Fe 7.6461363800757765 9.376395017345438 10.029095814377792
Fe 8.500789116275966 6.98329269272469 10.014761588986001
Fe 9.319089379407213 4.7886351132929015 0.04402942546608004
Fe 10.171641849676615 10.297398036378432 0.05620949058129651
S 7.004110661925446 7.948088990568754 1.1929014847469777
S 13.289248993610967 4.827776181352944 1.2619050767840099
S 12.43534298162615 6.867517534531054 8.81975627481003
S 11.789683562212304 9.5371998054037 1.2376758067572942
S 10.8245232994851 11.690757049575097 8.876056360916976
S 7.73621813474126 5.420907206168156 8.79349363854094
S 8.602326456348923 11.074313137833581 1.2594287990828998
S 9.219809012152218 8.612601333240153 8.819776407149064
S 10.09867367420961 6.35527156889479 1.2470071458992824
S 13.919936651813355 10.066171437606542 8.798144208857659
