mp-862256.cif
Cu 8.5119894875 5.5119894875 1.5119894875
Cu 11.5359684625 8.5359684625 4.5359684625
Cu 8.5119894875 8.5359684625 4.5359684625
Cu 11.5359684625 5.5119894875 1.5119894875
Cu 11.5359684625 5.5119894875 4.5359684625
Cu 8.5119894875 8.5359684625 1.5119894875
Cu 11.5359684625 8.5359684625 1.5119894875
Cu 8.5119894875 5.5119894875 4.5359684625
Pd 10.023978975 7.023978975 3.023978975
Pd 10.023978975 4.0 0.0
Pd 7.0 7.023978975 0.0
Pd 7.0 4.0 3.023978975
Au 7.0 4.0 0.0
Au 7.0 7.023978975 3.023978975
Au 10.023978975 4.0 3.023978975
Au 10.023978975 7.023978975 0.0
