mp-865929.cif
Cd 8.612753175 8.838259525 1.612753175
Cd 11.838259525 8.838259525 1.612753175
Cd 8.612753175 5.612753175 4.838259525
Cd 11.838259525 5.612753175 4.838259525
Cd 11.838259525 8.838259525 4.838259525
Cd 8.612753175 8.838259525 4.838259525
Cd 11.838259525 5.612753175 1.612753175
Cd 8.612753175 5.612753175 1.612753175
Pt 7.0 7.22550635 0.0
Pt 7.0 4.0 3.22550635
Pt 10.22550635 7.22550635 3.22550635
Pt 10.22550635 4.0 0.0
Rh 7.0 4.0 0.0
Rh 7.0 7.22550635 3.22550635
Rh 10.22550635 4.0 3.22550635
Rh 10.22550635 7.22550635 0.0
