mp-865373.cif
Y 7.0 4.0 8.651683576529619
Y 6.999999980623807 6.237370071617884 5.422299233840296
Y 8.937619329376194 5.118685019028667 15.688674876159704
Y 7.0 4.0 12.459290533470384
Y 6.999999980623807 6.237370071617884 1.6146920657897903
Y 8.937619329376194 5.118685019028667 19.49628204421021
Co 6.999999980623807 6.237370071617884 10.477970724714197
Co 7.0 4.0 3.596011874545977
Co 7.0 4.0 17.51496223545403
Co 8.937619329376194 5.118685019028667 10.633003385285804
Co 8.937619329376194 5.118685019028667 3.4409794250841106
Co 6.999999980623807 6.237370071617884 17.669994684915892
