mp-862787.cif
Al 4.6882643044028605 8.210525996192356 0.4809159971257952
Al 12.846592505597144 5.91202559620849 9.902896932125797
Al 8.04430218180121 6.015266755082255 6.7622367460855415
Al 8.267433513795932 10.019310433527082 13.04355730660567
Al 9.26742329620407 4.103241158873764 3.621576371605668
Al 9.49055462819879 8.107284837318591 16.184217681085542
In 8.146545617373535 6.062733244489209 18.770909294578953
In 9.388311192626468 8.059818347911637 9.348928359578952
In 8.175204610354882 10.084122601399436 6.208268173538697
In 4.678249772271586 8.098247338913048 12.489588734058826
In 12.856607037728416 6.024304253487797 3.0676077990588255
In 9.359652199645119 4.038428991001411 15.630249108538697
Se 4.918835378828451 8.115087784421043 9.638281728204033
Se 12.61602143117155 6.0074638079798035 0.21630079320403242
Se 8.011668560474131 6.262666268798345 15.919602477163778
Se 8.069496060697421 9.867349131582305 3.3569611676839055
Se 9.465360749302581 4.255202460818541 12.778942102683905
Se 9.523188249525871 7.8598853236025015 6.497621542163779
Se 11.501279874928926 8.328043108614121 2.889940331161811
Se 6.033576935071076 5.794508483786727 12.311921266161812
Se 8.070878401801538 5.73420116692503 9.171261080121557
Se 12.032412153269537 4.060307316861696 15.452581640641686
Se 5.502444656730464 10.06224427553915 6.030600705641683
Se 9.463978408198464 8.388350425475815 18.593242015121557
Se 8.395009606742823 6.128305588367274 2.753890883692404
Se 9.139847203257178 7.994246004033572 12.175871818692404
Se 11.529042110086143 4.143960963778987 9.03521163265215
Se 11.680518713171034 7.850285040254585 15.316532193172277
Se 5.854338096828966 6.272266552146261 5.894551258172276
Se 6.005814699913859 9.978590628621859 18.45719256765215
