mp-866218.cif
Ti 8.5131844275 8.5395532825 4.5395532825
Ti 8.5131844275 5.5131844275 4.5395532825
Ti 8.5131844275 5.5131844275 1.5131844275
Ti 8.5131844275 8.5395532825 1.5131844275
Ti 11.5395532825 8.5395532825 1.5131844275
Ti 11.5395532825 5.5131844275 1.5131844275
Ti 11.5395532825 5.5131844275 4.5395532825
Ti 11.5395532825 8.5395532825 4.5395532825
Mn 10.026368855 7.026368854999999 3.026368855
Mn 10.026368855 4.0 0.0
Mn 7.0 7.026368854999999 0.0
Mn 7.0 4.0 3.026368855
Rh 7.0 4.0 0.0
Rh 7.0 7.026368854999999 3.026368855
Rh 10.026368855 4.0 3.026368855
Rh 10.026368855 7.026368854999999 0.0
