mp-865560.cif
Y 12.38364568 9.38364568 1.79454856
Y 8.794548559999999 9.38364568 1.79454856
Y 12.38364568 5.79454856 5.38364568
Y 8.794548559999999 5.79454856 5.38364568
Y 8.794548559999999 9.38364568 5.38364568
Y 12.38364568 9.38364568 5.38364568
Y 8.794548559999999 5.79454856 1.79454856
Y 12.38364568 5.79454856 1.79454856
Al 7.0 7.58909712 0.0
Al 7.0 4.0 3.58909712
Al 10.58909712 7.58909712 3.58909712
Al 10.58909712 4.0 0.0
Zn 7.0 4.0 0.0
Zn 7.0 7.58909712 3.58909712
Zn 10.58909712 4.0 3.58909712
Zn 10.58909712 7.58909712 0.0
