mp-8695.cif
Mn 10.199780466997804 5.847394077021007 3.433058245378299
Mn 7.0 4.0 3.472439262233392
Mn 6.9999999680021965 7.694788209463837 10.338555960154917
Mn 10.199780466997804 5.847394077021007 10.377936769845084
Mn 7.0 4.0 17.244053467766605
Mn 6.9999999680021965 7.694788209463837 17.2834344846217
P 6.9999999680021965 7.694788209463837 4.562725900801143
P 6.9999999680021965 7.694788209463837 2.342771813975474
P 7.0 4.0 11.468223408412834
P 7.0 4.0 9.248269321587165
P 10.199780466997804 5.847394077021007 18.373720916024524
P 10.199780466997804 5.847394077021007 16.153766829198855
Se 5.930409841961813 9.517596611643768 1.750479621722464
Se 5.956196712498454 5.857091676742253 1.750479621722464
Se 9.11339354153315 7.709676229161844 1.750479621722464
Se 8.069590190035994 5.871979751862082 5.155017885889226
Se 8.043803319499352 9.532484686763599 5.155017885889226
Se 4.886606490464658 7.679900134344007 5.155017885889226
Se 12.329970647966203 5.822808457601754 8.655977336499083
Se 9.155977083502847 7.704485809185083 8.655977336499083
Se 9.113393477537539 4.01488807511983 8.655977336499083
Se 4.869809787033798 7.719373828883089 12.060515393500918
Se 8.043803351497155 5.837696477299762 12.060515393500918
Se 8.086386957462462 9.527294211365014 12.060515393500918
Se 9.130190244964007 7.670202534622762 15.561474844110773
Se 9.155977115500649 4.009697599721245 15.561474844110773
Se 12.313173944535343 5.862282152140837 15.561474844110773
Se 11.26937059303819 4.0245856748410755 18.966013108277533
Se 11.243583722501548 7.685090609742591 18.966013108277533
Se 8.086386893466852 5.832506057323 18.966013108277533
