mp-8648.cif
Ti 9.604359919794 5.735211 5.40958509187
Ti 8.658088138478 5.735211 8.31336529211
Ti 11.787749138478 5.735211 7.80704470789
Ti 8.873912690699001 9.205633 8.64218404182
Ti 12.734020919794 5.735211 10.71082490813
Ti 12.003573690699 9.205633 7.47822595818
Ti 12.734020919794 9.205633 0.03611509187000001
Ti 11.787749138478 9.205633 2.9398952921100006
Ti 8.658088138478 9.205633 2.43357470789
Ti 12.003573690699 5.735211 3.26871404182
Ti 9.604359919794 9.205633 5.33735490813
Ti 8.873912690699001 5.735211 2.10475595818
Fe 11.702756934701 4.0 5.37347
Fe 11.702756934701 7.470422 5.37347
Fe 7.757966338268 7.704168803388 6.69909967553
Fe 10.887627338268 7.704168803388 9.421310324470001
Fe 7.757966338268 10.707097196612 6.69909967553
Fe 10.887627338268 10.707097196612 9.421310324470001
Fe 8.573095934701 7.470422 0.0
Fe 8.573095934701 4.0 0.0
Fe 10.887627338268 4.233746803388 1.32562967553
Fe 7.757966338268 4.233746803388 4.04784032447
Fe 10.887627338268 7.2366751966119995 1.32562967553
Fe 7.757966338268 7.2366751966119995 4.04784032447
Si 10.174005166709 5.735211 10.422242701780002
Si 13.228516746777 10.882391682254 8.94716070514
Si 13.228516746777 7.528874317746 8.94716070514
Si 10.098855746777 10.882391682254 7.17324929486
Si 7.044344166709 5.735211 5.6981672982200005
Si 10.098855746777 7.528874317746 7.17324929486
Si 7.044344166709 9.205633 5.04877270178
Si 10.098855746777 7.411969682254 3.57369070514
Si 10.098855746777 4.058452317746 3.57369070514
Si 13.228516746777 7.411969682254 1.7997792948600004
Si 10.174005166709 9.205633 0.32469729822000004
Si 13.228516746777 4.058452317746 1.7997792948600004
