mp-866141.cif
Ti 9.823237075 6.823237075 0.0
Ti 9.823237075 4.0 2.823237075
Ti 7.0 6.823237075 2.823237075
Ti 7.0 4.0 0.0
Fe 11.2348556125 8.2348556125 1.4116185375
Fe 8.4116185375 8.2348556125 1.4116185375
Fe 11.2348556125 5.4116185375 4.2348556125000005
Fe 8.4116185375 5.4116185375 4.2348556125000005
Fe 8.4116185375 8.2348556125 4.2348556125000005
Fe 11.2348556125 8.2348556125 4.2348556125000005
Fe 8.4116185375 5.4116185375 1.4116185375
Fe 11.2348556125 5.4116185375 1.4116185375
Si 9.823237075 6.823237075 2.823237075
Si 9.823237075 4.0 0.0
Si 7.0 6.823237075 0.0
Si 7.0 4.0 2.823237075
