mp-8436.cif
Ta 7.585915427016674 4.0 6.704434335138279
Ta 14.457703389476437 4.0 2.7634145786535864
Ta 14.154883057016676 5.69983404 6.704434335138279
Ta 7.888735759476438 5.69983404 2.7634145786535864
Pd 7.0 4.0 0.0
Pd 13.56896763 5.69983404 0.0
Se 6.337858352744099 5.69983404 8.241748940431872
Se 15.705760463749014 5.69983404 1.2260999733599933
Se 15.636593727173151 5.69983404 4.388115441173207
Se 16.07745960962964 4.0 7.2305698948428665
Se 5.966159206863479 4.0 2.237279018948998
Se 6.407025089319961 5.69983404 5.079733472618659
Se 12.906825982744099 4.0 8.241748940431872
Se 9.136792833749013 4.0 1.2260999733599933
Se 9.06762609717315 4.0 4.388115441173207
Se 9.508491979629635 5.69983404 7.2305698948428665
Se 12.53512696824283 5.69983404 2.237279018948998
Se 12.975992719319962 4.0 5.079733472618659
