mp-8755.cif
K 10.843910395 8.170212376403695 2.9171664843730865
K 8.281303465 4.119851073596305 7.5594207393730875
K 10.843910395 12.460275826403695 1.7250877706269132
K 8.281303465 8.409914523596305 6.367342025626913
Na 8.281303465 9.527464383348722 0.6753791958944408
Na 8.281303465 5.237400933348721 3.9668750591055586
Na 10.843910395 7.052662516651279 8.609129314105559
Na 10.843910395 11.34272596665128 5.317633450894442
Te 8.281303465 10.660913561451913 3.6467334143549515
Te 8.281303465 6.370850111451913 0.9955208406450486
Te 10.843910395 10.209276788548086 8.288987669354952
Te 10.843910395 5.9192133385480865 5.637775095645047
