mp-865569.cif
Ti 8.5171354425 5.5171354425 1.5171354425
Ti 11.5514063275 5.5171354425 1.5171354425
Ti 8.5171354425 8.5514063275 4.551406327500001
Ti 11.5514063275 8.5514063275 4.551406327500001
Ti 11.5514063275 5.5171354425 4.551406327500001
Ti 8.5171354425 5.5171354425 4.551406327500001
Ti 11.5514063275 8.5514063275 1.5171354425
Ti 8.5171354425 8.5514063275 1.5171354425
Mn 7.0 4.0 0.0
Mn 7.0 7.034270885 3.034270885
Mn 10.034270885 4.0 3.034270885
Mn 10.034270885 7.034270885 0.0
Ir 7.0 7.034270885 0.0
Ir 7.0 4.0 3.034270885
Ir 10.034270885 7.034270885 3.034270885
Ir 10.034270885 4.0 0.0
