mp-862365.cif
Sc 11.862706862500001 8.862706862500001 4.862706862500001
Sc 8.6209022875 8.862706862500001 4.862706862500001
Sc 11.862706862500001 5.6209022875 1.6209022875
Sc 8.6209022875 5.6209022875 1.6209022875
Sc 8.6209022875 8.862706862500001 1.6209022875
Sc 11.862706862500001 8.862706862500001 1.6209022875
Sc 8.6209022875 5.6209022875 4.862706862500001
Sc 11.862706862500001 5.6209022875 4.862706862500001
Os 7.0 4.0 0.0
Os 7.0 7.241804575 3.241804575
Os 10.241804575 4.0 3.241804575
Os 10.241804575 7.241804575 0.0
Pd 7.0 7.241804575 0.0
Pd 7.0 4.0 3.241804575
Pd 10.241804575 7.241804575 3.241804575
Pd 10.241804575 4.0 0.0
