mp-864715.cif
Hf 7.0 7.102507335 3.102507335
Hf 7.0 4.0 0.0
Hf 10.102507335 7.102507335 0.0
Hf 10.102507335 4.0 3.102507335
In 10.102507335 7.102507335 3.102507335
In 10.102507335 4.0 0.0
In 7.0 7.102507335 0.0
In 7.0 4.0 3.102507335
Co 11.6537610025 8.6537610025 1.5512536675
Co 11.6537610025 5.5512536675 1.5512536675
Co 11.6537610025 5.5512536675 4.6537610025
Co 11.6537610025 8.6537610025 4.6537610025
Co 8.5512536675 8.6537610025 4.6537610025
Co 8.5512536675 5.5512536675 4.6537610025
Co 8.5512536675 5.5512536675 1.5512536675
Co 8.5512536675 8.6537610025 1.5512536675
