mp-864764.cif
Ta 11.70444298 8.70444298 1.5681476599999995
Ta 11.70444298 8.70444298 4.704442979999999
Ta 11.70444298 5.568147659999999 4.704442979999999
Ta 11.70444298 5.568147659999999 1.5681476599999995
Ta 8.56814766 8.70444298 4.704442979999999
Ta 8.56814766 8.70444298 1.5681476599999995
Ta 8.56814766 5.568147659999999 1.5681476599999995
Ta 8.56814766 5.568147659999999 4.704442979999999
Fe 7.0 7.1362953199999986 0.0
Fe 7.0 4.0 3.136295319999999
Fe 10.136295319999999 7.1362953199999986 3.136295319999999
Fe 10.136295319999999 4.0 0.0
Os 7.0 4.0 0.0
Os 7.0 7.1362953199999986 3.136295319999999
Os 10.136295319999999 4.0 3.136295319999999
Os 10.136295319999999 7.1362953199999986 0.0
