mp-867850.cif
Sc 10.127068615 7.127068615000001 0.0
Sc 10.127068615 4.0 3.127068615
Sc 7.0 7.127068615000001 3.127068615
Sc 7.0 4.0 0.0
Mn 10.127068615 7.127068615000001 3.127068615
Mn 10.127068615 4.0 0.0
Mn 7.0 7.127068615000001 0.0
Mn 7.0 4.0 3.127068615
Rh 11.6906029225 8.6906029225 1.5635343075
Rh 11.6906029225 5.5635343075 1.5635343075
Rh 11.6906029225 5.5635343075 4.6906029225
Rh 11.6906029225 8.6906029225 4.6906029225
Rh 8.5635343075 8.6906029225 4.6906029225
Rh 8.5635343075 5.5635343075 4.6906029225
Rh 8.5635343075 5.5635343075 1.5635343075
Rh 8.5635343075 8.6906029225 1.5635343075
