mp-865659.cif
Y 8.737305035 9.211915105 1.737305035
Y 12.211915105 9.211915105 1.737305035
Y 8.737305035 5.737305035 5.211915105
Y 12.211915105 5.737305035 5.211915105
Y 12.211915105 9.211915105 5.211915105
Y 8.737305035 9.211915105 5.211915105
Y 12.211915105 5.737305035 1.737305035
Y 8.737305035 5.737305035 1.737305035
Zn 7.0 4.0 0.0
Zn 7.0 7.474610070000001 3.47461007
Zn 10.47461007 4.0 3.47461007
Zn 10.47461007 7.474610070000001 0.0
Ir 7.0 7.474610070000001 0.0
Ir 7.0 4.0 3.47461007
Ir 10.47461007 7.474610070000001 3.47461007
Ir 10.47461007 4.0 0.0
