mp-971739.cif
Zn 10.017710619999999 7.01771062 3.01771062
Zn 10.017710619999999 4.0 0.0
Zn 7.0 7.01771062 0.0
Zn 7.0 4.0 3.01771062
Cu 7.0 4.0 0.0
Cu 7.0 7.01771062 3.01771062
Cu 10.017710619999999 4.0 3.01771062
Cu 10.017710619999999 7.01771062 0.0
Pt 11.52656593 8.52656593 4.52656593
Pt 8.50885531 5.5088553099999995 1.50885531
Pt 11.52656593 5.5088553099999995 1.50885531
Pt 8.50885531 8.52656593 4.52656593
Pt 8.50885531 8.52656593 1.50885531
Pt 11.52656593 5.5088553099999995 4.52656593
Pt 8.50885531 5.5088553099999995 4.52656593
Pt 11.52656593 8.52656593 1.50885531
