mp-998750.cif
K 6.999999964085919 8.147000927759128 15.894829128358909
K 6.999999964085919 8.147000927759128 7.302705978358909
K 7.0 4.0 4.438664871078087
K 7.0 4.0 13.03078802107809
K 10.591408170914082 6.073500432777058 10.166746913797267
K 10.591408170914082 6.073500432777058 1.5746237637972662
Ag 6.999999964085919 8.147000927759128 11.541130216529005
Ag 6.999999964085919 8.147000927759128 2.9490070665290045
Ag 7.0 4.0 0.08496595924818301
Ag 7.0 4.0 8.677089109248184
Ag 10.591408170914082 6.073500432777058 5.8130480019673625
Ag 10.591408170914082 6.073500432777058 14.40517115196736
Cl 5.052285955863909 7.380495945320622 4.383455496407911
Cl 7.310044181277833 10.217023229405456 4.383455496407911
Cl 8.637669755116017 6.843483608551308 4.383455496407911
Cl 6.689955782808088 6.070022301646327 1.519414389127089
Cl 8.953738343969903 8.916984041328366 1.519414389127089
Cl 5.356305873222011 9.45399637809768 1.519414389127089
Cl 8.643694126777989 9.45399637809768 10.11153753912709
Cl 7.310044217191914 6.070022301646327 10.11153753912709
Cl 5.046261656030098 8.916984041328366 10.11153753912709
Cl 10.28136395372217 8.143522734423385 7.247496431846269
Cl 8.953738379883985 4.769983113569237 7.247496431846269
Cl 12.539122179136092 5.306995450338551 7.247496431846269
Cl 8.643694162692071 5.306995450338551 15.83961958184627
Cl 10.901452388105996 8.143522734423385 15.83961958184627
Cl 12.229077961944178 4.769983113569237 15.83961958184627
Cl 6.689955746894007 10.217023229405456 12.97557864640791
Cl 5.362330173055822 6.843483608551308 12.97557864640791
Cl 8.947713972307929 7.380495945320622 12.97557864640791
