mp-976584.cif
Hf 13.116195784377535 5.467729580745207 4.699313772644528
Hf 8.787006875961316 10.03064571416284 0.38343881764452814
Hf 9.542182119038685 5.467729580745207 4.699313772644528
Hf 11.329188951708112 8.562916208401386 4.699313772644528
Hf 7.000000043291891 6.93545908650666 0.38343881764452814
Hf 5.212993210622467 10.03064571416284 0.38343881764452814
Hf 8.787006875961316 10.03064571416284 3.932436137355472
Hf 7.000000043291891 6.93545908650666 3.932436137355472
Hf 5.212993210622467 10.03064571416284 3.932436137355472
Hf 13.116195784377535 5.467729580745207 8.248311092355472
Hf 11.329188951708112 8.562916208401386 8.248311092355472
Hf 9.542182119038685 5.467729580745207 8.248311092355472
Hf 5.364077274315741 8.054416437224798 6.4738124325
Hf 12.96511172068426 7.443958857683249 2.1579374775
Hf 8.63592272568426 8.054416437224798 6.4738124325
Hf 7.000000000000002 10.887917715366498 6.4738124325
Hf 11.329188995 4.610457579541548 2.1579374775
Hf 9.693266269315743 7.443958857683249 2.1579374775
Mo 7.0 4.0 4.315874955
Mo 7.0 4.0 0.0
Mo 9.90131124758372 10.673989743056548 6.4738124325
Mo 8.427877747416282 4.824385551851498 2.1579374775
Mo 4.098688709124394 10.673989668072796 6.4738124325
Mo 7.000000043291891 5.648771178686749 6.4738124325
Mo 11.329188951708112 9.849604116221297 2.1579374775
Mo 14.230500285875609 4.824385626835251 2.1579374775
As 6.999999956708112 8.998916888266615 2.1579374775
As 11.32918903829189 6.4994584066414305 6.4738124325
