mp-978.cif
Sr 8.3443018625 8.049808167509628 3.23382620735584
Sr 11.0329055875 8.409205962490372 6.867187822644159
Sr 8.3443018625 12.279315232509628 1.8166808076441598
Sr 11.0329055875 4.179698897490372 8.28433322235584
Sr 11.0329055875 5.310585849972333 4.305322078680882
Sr 8.3443018625 11.148428280027666 5.795691951319119
Sr 11.0329055875 9.540092914972334 0.7451849363191184
Sr 8.3443018625 6.918921215027667 9.355829093680882
Sn 8.3443018625 10.330241473382351 9.025566136935721
Sn 11.0329055875 6.128772656617649 1.075447893064279
Sn 8.3443018625 6.100734408382351 6.125954908064279
Sn 11.0329055875 10.358279721617649 3.975059121935721
