mp-977407.cif
Hf 11.875753075 8.875753075 1.625251025
Hf 8.625251025 8.875753075 1.625251025
Hf 11.875753075 5.625251025 4.875753075
Hf 8.625251025 5.625251025 4.875753075
Hf 8.625251025 8.875753075 4.875753075
Hf 11.875753075 8.875753075 4.875753075
Hf 8.625251025 5.625251025 1.625251025
Hf 11.875753075 5.625251025 1.625251025
Re 7.0 7.25050205 0.0
Re 7.0 4.0 3.25050205
Re 10.25050205 7.25050205 3.25050205
Re 10.25050205 4.0 0.0
Rh 7.0 4.0 0.0
Rh 7.0 7.25050205 3.25050205
Rh 10.25050205 4.0 3.25050205
Rh 10.25050205 7.25050205 0.0
