mp-984761.cif
Cs 7.0 8.46567461 0.0
Cs 7.0 4.0 4.46567461
Cs 11.46567461 8.46567461 4.46567461
Cs 11.46567461 4.0 0.0
Rb 13.698511915 10.698511915 2.232837305
Rb 9.232837305 10.698511915 2.232837305
Rb 13.698511915 6.232837305 6.698511914999999
Rb 9.232837305 6.232837305 6.698511914999999
Rb 9.232837305 10.698511915 6.698511914999999
Rb 13.698511915 10.698511915 6.698511914999999
Rb 9.232837305 6.232837305 2.232837305
Rb 13.698511915 6.232837305 2.232837305
Sb 7.0 4.0 0.0
Sb 7.0 8.46567461 4.46567461
Sb 11.46567461 4.0 4.46567461
Sb 11.46567461 8.46567461 0.0
