mp-985584.cif
Na 10.47333428 4.0 0.0
Na 7.0 4.0 3.47333428
Na 7.0 7.4733342799999996 0.0
Na 7.0 7.4733342799999996 3.47333428
Na 10.47333428 7.4733342799999996 0.0
Na 10.47333428 4.0 3.47333428
P 7.0 4.0 0.0
P 10.47333428 7.4733342799999996 3.47333428
S 12.75993269988526 5.18673586011474 1.18673586011474
S 9.28659841988526 6.2865984198852605 2.28659841988526
S 8.18673586011474 5.18673586011474 5.75993269988526
S 8.18673586011474 9.75993269988526 1.18673586011474
S 9.28659841988526 8.66007014011474 4.6600701401147395
S 12.75993269988526 9.75993269988526 5.75993269988526
S 11.66007014011474 8.66007014011474 2.28659841988526
S 11.66007014011474 6.2865984198852605 4.6600701401147395
