mp-972861.cif
Sc 12.08538523 9.08538523 1.6951284099999995
Sc 8.695128409999999 9.08538523 1.6951284099999995
Sc 12.08538523 5.69512841 5.08538523
Sc 8.695128409999999 5.69512841 5.08538523
Sc 8.695128409999999 9.08538523 5.08538523
Sc 12.08538523 9.08538523 5.08538523
Sc 8.695128409999999 5.69512841 1.6951284099999995
Sc 12.08538523 5.69512841 1.6951284099999995
Tl 7.0 4.0 0.0
Tl 7.0 7.390256819999999 3.390256819999999
Tl 10.39025682 4.0 3.390256819999999
Tl 10.39025682 7.390256819999999 0.0
Tc 7.0 7.390256819999999 0.0
Tc 7.0 4.0 3.390256819999999
Tc 10.39025682 7.390256819999999 3.390256819999999
Tc 10.39025682 4.0 0.0
