mp-984586.cif
Nb 17.110157544301906 4.0 2.478036195
Nb 9.3999837956981 4.0 2.478036195
Nb 13.25507067 12.655054465698102 0.0
Nb 13.25507067 7.8550868743019 0.0
Nb 8.678141009193883 5.678141009193883 0.0
Nb 11.576929660806117 8.576929660806117 2.478036195
Nb 14.933211679193883 8.576929660806117 2.478036195
Nb 17.832000330806117 5.678141009193883 0.0
Nb 10.8550868743019 10.25507067 0.0
Nb 15.655054465698102 10.25507067 0.0
Nb 7.0 6.3999837956981 2.478036195
Nb 7.0 14.110157544301904 2.478036195
Nb 14.933211679193883 11.933211679193883 2.478036195
Nb 17.832000330806117 14.83200033080612 0.0
Nb 8.678141134295297 14.83200033080612 0.0
Nb 11.576929535704704 11.933211679193883 2.478036195
Co 15.112899593114012 5.857828923114012 3.717054292500001
Co 11.397241746885989 14.65231241688599 3.717054292500001
Co 15.112899593114012 14.65231241688599 1.2390180975
Co 11.397241746885989 5.857828923114012 1.2390180975
Co 11.397241746885989 14.65231241688599 1.2390180975
Co 15.112899593114012 5.857828923114012 1.2390180975
Co 11.397241746885989 5.857828923114012 3.717054292500001
Co 15.112899593114012 14.65231241688599 3.717054292500001
Co 8.857828923114013 12.112899593114012 1.2390180975
Co 17.65231241688599 8.397241746885989 1.2390180975
Co 8.857828923114013 8.397241746885989 3.717054292500001
Co 17.65231241688599 12.112899593114012 3.717054292500001
Co 17.65231241688599 8.397241746885989 3.717054292500001
Co 8.857828923114013 12.112899593114012 3.717054292500001
Co 17.65231241688599 12.112899593114012 1.2390180975
Co 8.857828923114013 8.397241746885989 1.2390180975
Si 10.633888685097276 7.633888685097276 0.0
Si 9.621181984902725 6.621181984902725 2.478036195
Si 16.888959355097278 6.621181984902725 2.478036195
Si 15.876252654902725 7.633888685097276 0.0
Si 14.436793633146008 4.0 2.478036195
Si 12.073347706853992 4.0 2.478036195
Si 13.25507067 15.328418376853994 0.0
Si 13.25507067 5.181722963146008 0.0
Si 7.0 4.0 1.236131730500788
Si 13.25507067 10.25507067 1.241904464499212
Si 10.74986995525759 4.0 0.0
Si 15.760271384742412 4.0 0.0
Si 13.25507067 6.505200714742411 2.478036195
Si 13.25507067 14.00494062525759 2.478036195
Si 16.888959355097278 13.888959355097276 2.478036195
Si 15.876252654902725 12.876252654902725 0.0
Si 10.633888685097276 12.876252654902725 0.0
Si 9.621181984902725 13.888959355097276 2.478036195
Si 8.181722963146008 10.25507067 0.0
Si 18.328418376853996 10.25507067 0.0
Si 7.0 9.073347706853992 2.478036195
Si 7.0 11.436793633146008 2.478036195
Si 13.25507067 10.25507067 3.714167925500788
Si 7.0 4.0 3.7199406594992124
Si 17.00494062525759 10.25507067 2.478036195
Si 9.505200714742411 10.25507067 2.478036195
Si 7.0 12.760271384742412 0.0
Si 7.0 7.74986995525759 0.0
