mp-956096.cif
Hf 6.999999975120983 6.872781556485114 0.49442298316522976
Hf 9.487901819879019 5.436390756696696 7.59640515683477
Hf 9.487901819879019 5.436390756696696 4.539837053165229
Hf 6.999999975120983 6.872781556485114 3.55099108683477
Fe 9.487901794999999 6.863018307866861 2.022707035
Fe 7.0 5.446154005314948 6.0681211049999995
Fe 8.252406106387362 4.723077002657474 2.022707035
Fe 8.235495688612637 7.586095310524335 6.0681211049999995
Fe 10.723397483612638 4.723077002657474 2.022707035
Fe 5.764504311387362 7.586095310524335 6.0681211049999995
Fe 7.0 4.0 0.0
Fe 7.0 4.0 4.04541407
