mp-977568.cif
Zr 7.0 4.0 0.0
Zr 7.0 7.2992336600000005 3.29923366
Zr 10.29923366 4.0 3.29923366
Zr 10.29923366 7.2992336600000005 0.0
Sn 7.0 7.2992336600000005 0.0
Sn 7.0 4.0 3.29923366
Sn 10.29923366 7.2992336600000005 3.29923366
Sn 10.29923366 4.0 0.0
Pd 11.94885049 8.94885049 1.64961683
Pd 8.64961683 8.94885049 1.64961683
Pd 11.94885049 5.64961683 4.94885049
Pd 8.64961683 5.64961683 4.94885049
Pd 8.64961683 8.94885049 4.94885049
Pd 11.94885049 8.94885049 4.94885049
Pd 8.64961683 5.64961683 1.64961683
Pd 11.94885049 5.64961683 1.64961683
