mp-945077.cif
Y 7.0 25.838557853090645 1.0845915775
Y 9.16861712 21.705877526909354 3.2537747324999997
Y 9.16861712 12.657079393090644 1.0845915775
Y 7.0 8.524399066909355 3.2537747324999997
Te 9.16861712 19.17512514204987 1.0845915775
Te 7.0 28.36931023795013 3.2537747324999997
Te 9.16861712 28.36939328126443 1.0845915775
Te 7.0 19.175042098735567 3.2537747324999997
Te 7.0 22.63385519227077 1.0845915775
Te 9.16861712 24.910580187729227 3.2537747324999997
Te 7.0 5.993646682049867 1.0845915775
Te 9.16861712 15.187831777950132 3.2537747324999997
Te 7.0 15.187914821264428 1.0845915775
Te 9.16861712 5.993563638735569 3.2537747324999997
Te 9.16861712 9.452376732270771 1.0845915775
Te 7.0 11.72910172772923 3.2537747324999997
