mp-998560.cif
In 10.154014975718265 7.9666239999999995 5.308936314548182
In 14.204899975718266 4.0 5.308936314548182
Sn 6.991335897148717 7.9666239999999995 3.0647028855832144
Sn 11.042220897148717 4.0 3.0647028855832144
Cl 9.024757393148354 9.783936752224001 3.2287459716996474
Cl 7.1723591374278355 7.9666239999999995 5.704945584836931
Cl 9.024757393148354 6.149311247776 3.2287459716996474
Cl 13.075642393148353 5.817312752224 3.2287459716996474
Cl 11.223244137427836 4.0 5.704945584836931
Cl 13.075642393148353 10.115935247775997 3.2287459716996474
