mp-9579.cif
Al 11.08196772 4.0 4.7869217850000005
Al 11.08196772 4.0 1.595640595
Al 7.0 8.08196772 1.595640595
Al 7.0 8.08196772 4.7869217850000005
Tl 7.0 4.0 1.595640595
Tl 7.0 4.0 4.7869217850000005
Tl 11.08196772 8.08196772 4.7869217850000005
Tl 11.08196772 8.08196772 1.595640595
Se 9.80021132378655 10.882179043786554 3.19128119
Se 9.80021132378655 5.281756396213448 0.0
Se 12.363724116213447 5.281756396213448 3.19128119
Se 12.363724116213447 10.882179043786554 0.0
Se 13.882179043786554 6.8002113237865505 0.0
Se 13.882179043786554 9.363724116213447 3.19128119
Se 8.28175639621345 9.363724116213447 0.0
Se 8.28175639621345 6.8002113237865505 3.19128119
