mp-976724.cif
Hf 9.694273055 4.0 1.9507478825
Hf 7.0 4.0 3.901495765
Hf 7.0 6.694273055 5.8522436475
Hf 9.694273055 6.694273055 0.0
V 7.0 5.3471365275 0.97537394125
V 7.0 8.0414095825 0.97537394125
V 8.3471365275 6.694273055 2.92612182375
V 11.0414095825 6.694273055 2.92612182375
V 9.694273055 8.0414095825 4.87686970625
V 9.694273055 5.3471365275 4.87686970625
V 11.0414095825 4.0 6.827617588750002
V 8.3471365275 4.0 6.827617588750002
H 8.717978641750488 8.408540605044532 3.4218642126809966
H 11.408540605044532 7.670567468249512 4.381127317319004
H 11.412251696750488 8.408540605044532 2.430379434819004
H 7.980005504955469 5.717978641750488 4.381127317319004
H 8.714267550044532 7.670567468249512 1.4711163301809953
H 10.670567468249512 4.980005504955469 3.4218642126809966
H 10.674278559955468 5.717978641750488 1.4711163301809953
H 7.976294413249512 4.980005504955469 2.430379434819004
H 11.412251696750488 5.714267550044531 7.3233599776809974
H 8.714267550044532 4.976294413249512 0.4796315523190046
H 8.717978641750488 5.714267550044531 6.331875199819004
H 10.674278559955468 8.412251696750488 0.4796315523190046
H 11.408540605044532 4.976294413249512 5.3726120951809975
H 7.976294413249512 7.674278559955469 7.3233599776809974
H 7.980005504955469 8.412251696750488 5.3726120951809975
H 10.670567468249512 7.674278559955469 6.331875199819004
