mp-976920.cif
Ni 8.160517417334614 10.510192425438422 3.4764812589076497
Ni 15.042219662665387 8.568238154561577 3.4764812589076497
Ni 8.160517417334614 8.568238154561577 5.8374177410923505
Ni 15.042219662665387 10.510192425438422 5.8374177410923505
Ni 7.0 9.53921529 0.0
Ni 7.0 4.0 1.9968795481611898
Ni 7.0 4.0 7.317019451838809
Ni 13.64509278889642 9.53921529 0.0
Ni 9.55764429110358 9.53921529 0.0
Ni 7.0 4.0 4.6569495
Ni 15.041860847946637 6.0267587706923 1.13319359079906
Ni 8.160876232053363 13.051671809307699 1.13319359079906
Ni 15.041860847946637 13.051671809307699 8.18070540920094
Ni 8.160876232053363 6.0267587706923 8.18070540920094
Ni 9.30068427 6.769607645 2.51081090166522
Ni 13.90205281 6.769607645 6.80308809833478
Ni 7.0 6.620149535103971 4.6569495
Ni 7.0 12.458281044896028 4.6569495
Ni 12.761885957334615 4.970977135438424 3.4764812589076497
Ni 10.440851122665386 14.107453444561576 3.4764812589076497
Ni 12.761885957334615 14.107453444561576 5.8374177410923505
Ni 10.440851122665386 4.970977135438424 5.8374177410923505
Ni 11.60136854 4.0 0.0
Ni 11.60136854 9.53921529 1.9968795481611898
Ni 11.60136854 9.53921529 7.317019451838809
Ni 9.04372424889642 4.0 0.0
Ni 14.159012831103581 4.0 0.0
Ni 11.60136854 9.53921529 4.6569495
Ni 10.440492307946636 11.565974060692302 1.13319359079906
Ni 12.762244772053364 7.512456519307699 1.13319359079906
Ni 10.440492307946636 7.512456519307699 8.18070540920094
Ni 12.762244772053364 11.565974060692302 8.18070540920094
Ni 13.90205281 12.308822934999998 2.51081090166522
Ni 9.30068427 12.308822934999998 6.80308809833478
Ni 11.60136854 12.159364825103971 4.6569495
Ni 11.60136854 6.919065754896028 4.6569495
S 15.1115351384888 13.400875905894326 1.1122508232026098
S 8.091201941511201 5.677554674105674 1.1122508232026098
S 15.1115351384888 5.677554674105674 8.20164817679739
S 8.091201941511201 13.400875905894326 8.20164817679739
S 10.383714549093643 10.816542715286882 3.3571917278243397
S 12.819022530906356 8.261887864713117 3.3571917278243397
S 10.383714549093643 8.261887864713117 5.9567072721756595
S 12.819022530906356 10.816542715286882 5.9567072721756595
S 8.21749570382858 10.829306285942405 1.2503092578557697
S 14.985241376171418 8.249124294057594 1.2503092578557697
S 8.21749570382858 8.249124294057594 8.063589742144229
S 14.985241376171418 10.829306285942405 8.063589742144229
S 8.100129332697767 8.19693203504632 3.5980393763703895
S 15.102607747302233 10.881498544953677 3.5980393763703895
S 8.100129332697767 10.881498544953677 5.715859623629609
S 15.102607747302233 8.19693203504632 5.715859623629609
S 10.5101665984888 7.861660615894326 1.1122508232026098
S 12.6925704815112 11.216769964105673 1.1122508232026098
S 10.5101665984888 11.216769964105673 8.20164817679739
S 12.6925704815112 7.861660615894326 8.20164817679739
S 14.985083089093644 5.277327425286883 3.3571917278243397
S 8.217653990906356 13.801103154713116 3.3571917278243397
S 14.985083089093644 13.801103154713116 5.9567072721756595
S 8.217653990906356 5.277327425286883 5.9567072721756595
S 12.818864243828582 5.290090995942406 1.2503092578557697
S 10.38387283617142 13.788339584057592 1.2503092578557697
S 12.818864243828582 13.788339584057592 8.063589742144229
S 10.38387283617142 5.290090995942406 8.063589742144229
S 12.701497872697765 13.736147325046321 3.5980393763703895
S 10.501239207302234 5.342283254953679 3.5980393763703895
S 12.701497872697765 5.342283254953679 5.715859623629609
S 10.501239207302234 13.736147325046321 5.715859623629609
