mp-9814.cif
Cu 7.0 6.832202044999999 8.443236825
Cu 9.832202044999999 6.832202044999999 0.0
Cu 9.832202044999999 4.0 8.443236825
Cu 9.832202044999999 4.0 2.814412275
Cu 7.0 4.0 5.62882455
Cu 7.0 6.832202044999999 2.814412275
Sb 7.0 4.0 0.0
Sb 9.832202044999999 6.832202044999999 5.62882455
Se 8.50520521425795 5.505205214257949 9.752976262969037
Se 11.15919887574205 8.15919887574205 9.752976262969037
Se 8.32699683074205 8.337407259257947 7.133497387030962
Se 11.337407259257947 5.3269968307420505 7.133497387030962
Se 11.337407259257947 8.337407259257947 4.124151712969038
Se 8.32699683074205 5.3269968307420505 4.124151712969038
Se 11.15919887574205 5.505205214257949 1.504672837030962
Se 8.50520521425795 8.15919887574205 1.504672837030962
