mp-989609.cif
Y 8.73175 14.797199548239998 1.51766
Y 7.0 13.081532451760001 4.55298
Y 7.0 8.17095554824 1.51766
Y 8.73175 6.4552884517599995 4.55298
W 7.0 16.3155370984 4.55298
W 8.73175 11.5631949016 1.51766
W 8.73175 9.6892930984 4.55298
W 7.0 4.9369509015999995 1.51766
N 7.0 15.131692345359996 5.9614291864
N 8.73175 12.74703965464 2.9261091864
N 8.73175 17.20954993888 4.55298
N 8.73175 12.74703965464 0.10921081360000001
N 7.0 15.131692345359996 3.1445308136000003
N 7.0 10.66918206112 1.51766
N 8.73175 8.505448345359998 5.9614291864
N 7.0 6.12079565464 2.9261091864
N 7.0 10.583305938879999 4.55298
N 7.0 6.12079565464 0.10921081360000001
N 8.73175 8.505448345359998 3.1445308136000003
N 8.73175 4.04293806112 1.51766
