mp-977434.cif
Nb 11.847781465 8.847781465 1.615927155
Nb 8.615927155 8.847781465 1.615927155
Nb 7.0 7.23185431 0.0
Nb 11.847781465 5.615927155 4.847781465000001
Nb 8.615927155 5.615927155 4.847781465000001
Nb 7.0 4.0 3.23185431
Nb 8.615927155 8.847781465 4.847781465000001
Nb 11.847781465 8.847781465 4.847781465000001
Nb 10.23185431 7.23185431 3.23185431
Nb 8.615927155 5.615927155 1.615927155
Nb 11.847781465 5.615927155 1.615927155
Nb 10.23185431 4.0 0.0
Ru 7.0 4.0 0.0
Ru 7.0 7.23185431 3.23185431
Ru 10.23185431 4.0 3.23185431
Ru 10.23185431 7.23185431 0.0
