mp-977427.cif
Zn 11.521803115 8.521803115 1.507267705
Zn 8.507267705 8.521803115 1.507267705
Zn 11.521803115 5.507267705 4.521803115
Zn 8.507267705 5.507267705 4.521803115
Zn 8.507267705 8.521803115 4.521803115
Zn 11.521803115 8.521803115 4.521803115
Zn 8.507267705 5.507267705 1.507267705
Zn 11.521803115 5.507267705 1.507267705
Pt 7.0 7.014535410000001 0.0
Pt 7.0 4.0 3.01453541
Pt 10.01453541 7.014535410000001 3.01453541
Pt 10.01453541 4.0 0.0
Rh 7.0 4.0 0.0
Rh 7.0 7.014535410000001 3.01453541
Rh 10.01453541 4.0 3.01453541
Rh 10.01453541 7.014535410000001 0.0
