mp-977356.cif
Zn 7.0 4.0 0.0
Zn 7.0 7.0122149700000005 3.01221497
Zn 10.01221497 4.0 3.01221497
Zn 10.01221497 7.0122149700000005 0.0
Ga 7.0 7.0122149700000005 0.0
Ga 7.0 4.0 3.01221497
Ga 10.01221497 7.0122149700000005 3.01221497
Ga 10.01221497 4.0 0.0
Ir 11.518322455 8.518322455 1.506107485
Ir 8.506107485 8.518322455 1.506107485
Ir 11.518322455 5.506107485 4.518322455
Ir 8.506107485 5.506107485 4.518322455
Ir 8.506107485 8.518322455 4.518322455
Ir 11.518322455 8.518322455 4.518322455
Ir 8.506107485 5.506107485 1.506107485
Ir 11.518322455 5.506107485 1.506107485
