mp-9145.cif
Rb 15.136993153318212 8.306408679410287 5.814519458411273
Rb 12.13211212865603 8.375647697092969 2.6402289708222297
Rb 18.592642151117282 11.03587176976214 7.410351448931924
Rb 8.676463130856959 5.646184606741116 1.044396980301576
Sn 15.490965857082523 11.280268576789208 2.6252280488741775
Sn 11.778139424891716 5.401787799714047 5.829520380359322
Se 13.338842940753871 11.645530637443638 4.038434006876532
Se 13.930262341220367 5.036525739059618 4.4163144223569715
Se 14.922505895246463 11.226611276346535 7.821410749125721
Se 12.346599386727778 5.455445100156721 0.6333376801077797
Se 11.454520366212956 7.841627517543731 6.084130901931477
Se 15.814584915761285 8.840428858959527 2.3706175273020254
