mp-9383.cif
Sr 7.0 4.0 0.0
Sr 8.678363121783631 4.969003380779652 5.922027944113054
Sr 6.9999999832163695 5.938006790629406 11.844056065886948
Hf 6.9999999832163695 5.938006790629406 2.9610140608869466
Hf 8.678363104999999 6.907010171409058 8.883042005
Hf 8.678363121783631 4.969003380779652 14.805069949113053
N 7.0 4.0 4.13295965541432
N 8.678363121783631 4.969003380779652 1.7890682886987335
N 8.678363121783631 4.969003380779652 10.054987599527374
N 6.9999999832163695 5.938006790629406 7.711096410472627
N 6.9999999832163695 5.938006790629406 15.977015721301266
N 7.0 4.0 13.63312435458568
