mp-972914.cif
Sc 12.189320635 9.189320635 1.7297735449999996
Sc 8.729773545 9.189320635 1.7297735449999996
Sc 12.189320635 5.729773545 5.189320635
Sc 8.729773545 5.729773545 5.189320635
Sc 8.729773545 9.189320635 5.189320635
Sc 12.189320635 9.189320635 5.189320635
Sc 8.729773545 5.729773545 1.7297735449999996
Sc 12.189320635 5.729773545 1.7297735449999996
Al 7.0 7.459547089999999 0.0
Al 7.0 4.0 3.459547089999999
Al 10.45954709 7.459547089999999 3.459547089999999
Al 10.45954709 4.0 0.0
Cd 7.0 4.0 0.0
Cd 7.0 7.459547089999999 3.459547089999999
Cd 10.45954709 4.0 3.459547089999999
Cd 10.45954709 7.459547089999999 0.0
