mp-979259.cif
V 8.52098269 8.562948070000001 4.56294807
V 8.52098269 5.52098269 4.56294807
V 8.52098269 5.52098269 1.52098269
V 8.52098269 8.562948070000001 1.52098269
V 11.562948070000001 8.562948070000001 1.52098269
V 11.562948070000001 5.52098269 1.52098269
V 11.562948070000001 5.52098269 4.56294807
V 11.562948070000001 8.562948070000001 4.56294807
Re 7.0 4.0 0.0
Re 7.0 7.041965380000001 3.04196538
Re 10.04196538 4.0 3.04196538
Re 10.04196538 7.041965380000001 0.0
Mo 10.04196538 4.0 0.0
Mo 10.04196538 7.041965380000001 3.04196538
Mo 7.0 4.0 3.04196538
Mo 7.0 7.041965380000001 0.0
