mp-971891.cif
Zn 11.63747557 8.63747557 1.54582519
Zn 8.54582519 8.63747557 1.54582519
Zn 11.63747557 5.54582519 4.637475569999999
Zn 8.54582519 5.54582519 4.637475569999999
Zn 8.54582519 8.63747557 4.637475569999999
Zn 11.63747557 8.63747557 4.637475569999999
Zn 8.54582519 5.54582519 1.54582519
Zn 11.63747557 5.54582519 1.54582519
Pd 7.0 4.0 0.0
Pd 7.0 7.09165038 3.09165038
Pd 10.09165038 4.0 3.09165038
Pd 10.09165038 7.09165038 0.0
Au 7.0 7.09165038 0.0
Au 7.0 4.0 3.09165038
Au 10.09165038 7.09165038 3.09165038
Au 10.09165038 4.0 0.0
